   1.914   0.095   0.033   0.016   0.014   0.027   0.045
   0.095   0.651   0.046   0.007   0.021   0.029   0.047
   0.033   0.046   0.392   0.058   0.017   0.022   0.024
   0.016   0.007   0.058   0.665   0.039   0.048   0.033
   0.014   0.021   0.017   0.039   0.924   0.110   0.066
   0.027   0.029   0.022   0.048   0.110   1.396   0.155
   0.045   0.047   0.024   0.033   0.066   0.155   1.690
