   1.914   2.470   2.273   2.563   2.824   3.283   3.559
   2.470   0.651   0.997   1.309   1.554   2.017   2.293
   2.273   0.997   0.392   0.999   1.299   1.766   2.058
   2.563   1.309   0.999   0.665   1.550   2.013   2.321
   2.824   1.554   1.299   1.550   0.924   2.210   2.547
   3.283   2.017   1.766   2.013   2.210   1.396   2.930
   3.559   2.293   2.058   2.321   2.547   2.930   1.690
