     0.000     4.351     2.377    -1.114    -0.950    -0.249    -0.057
     4.351     0.000     6.268    -0.916     0.213     0.762     1.328
     2.377     6.268     0.000     9.313     1.903     2.247    -0.424
    -1.114    -0.916     9.313     0.000     1.824     2.065     0.083
    -0.950     0.213     1.903     1.824     0.000     4.274    -0.560
    -0.249     0.762     2.247     2.065     4.274     0.000     3.795
    -0.057     1.328    -0.424     0.083    -0.560     3.795     0.000
