   1.946   2.634   2.369   2.614   2.835   3.101   3.558
   2.634   0.789   1.216   1.467   1.737   1.956   2.437
   2.369   1.216   0.479   1.028   1.418   1.649   2.180
   2.614   1.467   1.028   0.700   1.611   1.851   2.374
   2.835   1.737   1.418   1.611   0.979   2.109   2.667
   3.101   1.956   1.649   1.851   2.109   1.211   2.799
   3.558   2.437   2.180   2.374   2.667   2.799   1.762
