   1.942   2.595   2.337   2.570   2.801   3.080   3.474
   2.595   0.739   1.135   1.373   1.654   1.895   2.296
   2.337   1.135   0.446   0.960   1.351   1.605   2.051
   2.570   1.373   0.960   0.656   1.533   1.798   2.232
   2.801   1.654   1.351   1.533   0.943   2.061   2.537
   3.080   1.895   1.605   1.798   2.061   1.195   2.699
   3.474   2.296   2.051   2.232   2.537   2.699   1.663
