   1.977   2.599   2.344   2.650   2.861   3.216   3.382
   2.599   0.715   1.063   1.394   1.604   1.953   2.109
   2.344   1.063   0.426   1.043   1.301   1.670   1.883
   2.650   1.394   1.043   0.688   1.568   1.934   2.142
   2.861   1.604   1.301   1.568   0.913   2.079   2.355
   3.216   1.953   1.670   1.934   2.079   1.287   2.658
   3.382   2.109   1.883   2.142   2.355   2.658   1.500
