     0.000     3.073     2.993     0.853    -0.360    -0.335     0.244
     3.073     0.000     5.472     1.227    -0.628     0.574     1.620
     2.993     5.472     0.000     3.248     2.548     3.850     6.693
     0.853     1.227     3.248     0.000     2.806     1.027     2.212
    -0.360    -0.628     2.548     2.806     0.000     0.730     1.300
    -0.335     0.574     3.850     1.027     0.730     0.000     9.764
     0.244     1.620     6.693     2.212     1.300     9.764     0.000
