   1.000   0.087   0.077   0.041   0.013   0.112   0.087
   0.087   1.000   0.132   0.058   0.035   0.068   0.048
   0.077   0.132   1.000   0.511   0.071   0.145   0.041
   0.041   0.058   0.511   1.000   0.069   0.067   0.030
   0.013   0.035   0.071   0.069   1.000   0.092   0.087
   0.112   0.068   0.145   0.067   0.092   1.000   0.087
   0.087   0.048   0.041   0.030   0.087   0.087   1.000
