   2.116   4.553   3.083   3.083   2.863   3.792   4.630
   4.553   3.172   4.116   3.921   3.820   4.723   5.165
   3.083   4.116   1.175   2.115   1.952   2.951   3.865
   3.083   3.921   2.115   1.073   1.715   2.731   3.752
   2.863   3.820   1.952   1.715   0.836   2.568   3.658
   3.792   4.723   2.951   2.731   2.568   1.900   4.056
   4.630   5.165   3.865   3.752   3.658   4.056   3.032
