     0.000     4.860     2.007    -0.755    -0.559    -0.831    -0.028
     4.860     0.000     6.974    -0.870    -0.029     1.078     2.907
     2.007     6.974     0.000     6.320     3.232     2.286     1.485
    -0.755    -0.870     6.320     0.000     0.806     1.941     0.483
    -0.559    -0.029     3.232     0.806     0.000     7.783    -0.015
    -0.831     1.078     2.286     1.941     7.783     0.000     3.172
    -0.028     2.907     1.485     0.483    -0.015     3.172     0.000
