   1.963   0.092   0.053   0.014   0.029   0.039   0.074
   0.092   0.677   0.070   0.008   0.021   0.040   0.093
   0.053   0.070   0.381   0.064   0.036   0.040   0.041
   0.014   0.008   0.064   0.651   0.028   0.036   0.041
   0.029   0.021   0.036   0.028   0.882   0.101   0.048
   0.039   0.040   0.040   0.036   0.101   1.308   0.103
   0.074   0.093   0.041   0.041   0.048   0.103   1.368
