   0.914   0.207   0.121   0.127   0.082   0.094   0.255
   0.207   2.457   0.490   0.369   0.118   0.345   0.490
   0.121   0.490   2.442   0.310   0.097   0.453   0.479
   0.127   0.369   0.310   1.964   0.155   0.375   0.594
   0.082   0.118   0.097   0.155   0.360   0.159   0.163
   0.094   0.345   0.453   0.375   0.159   1.912   0.624
   0.255   0.490   0.479   0.594   0.163   0.624   2.876
