     0.000     4.305     0.978    -0.465    -0.442     1.167    -0.738
     4.305     0.000     1.057     2.580    -0.803     2.428     0.009
     0.978     1.057     0.000     5.432     2.590     0.186    -0.107
    -0.465     2.580     5.432     0.000     3.866    -0.198     3.251
    -0.442    -0.803     2.590     3.866     0.000    -0.303    -1.119
     1.167     2.428     0.186    -0.198    -0.303     0.000     5.648
    -0.738     0.009    -0.107     3.251    -1.119     5.648     0.000
