   0.927   0.316   0.192   0.101   0.003   0.141   0.130
   0.316   2.221   0.370   0.368   0.012   0.330   0.281
   0.192   0.370   2.255   0.550   0.080   0.270   0.351
   0.101   0.368   0.550   1.850   0.080   0.196   0.403
   0.003   0.012   0.080   0.080   0.080   0.016   0.018
   0.141   0.330   0.270   0.196   0.016   1.844   0.466
   0.130   0.281   0.351   0.403   0.018   0.466   2.582
