         0.50000         0.14000         0.40000         0.54000         0.44000         0.94000         0.74000
         0.14000         0.50000         0.00000         0.06000         0.06000         0.24000         0.00000
         0.40000         0.00000         0.50000         0.06000         0.22000         0.26000         0.02000
         0.54000         0.06000         0.06000         0.50000         0.18000         0.00000         0.18000
         0.44000         0.06000         0.22000         0.18000         0.50000         0.14000         0.00000
         0.94000         0.24000         0.26000         0.00000         0.14000         0.50000         0.38000
         0.74000         0.00000         0.02000         0.18000         0.00000         0.38000         0.50000
