   1.727   0.112   0.035   0.035   0.109   0.087   0.179
   0.112   0.516   0.129   0.007   0.038   0.056   0.293
   0.035   0.129   0.235   0.002   0.012   0.018   0.158
   0.035   0.007   0.002   0.235   0.012   0.235   0.012
   0.109   0.038   0.012   0.012   0.706   0.099   0.228
   0.087   0.056   0.018   0.235   0.099   1.000   0.099
   0.179   0.293   0.158   0.012   0.228   0.099   0.999
