     0.000     0.599    -0.808    -1.073     0.015    -1.347    -1.043
     0.599     0.000     2.454    -0.250     0.295     0.152     4.872
    -0.808     2.454     0.000    -0.250    -0.526    -0.482     1.942
    -1.073    -0.250    -0.250     0.000    -0.464     4.208    -0.452
     0.015     0.295    -0.526    -0.464     0.000     0.642     2.597
    -1.347     0.152    -0.482     4.208     0.642     0.000    -0.416
    -1.043     4.872     1.942    -0.452     2.597    -0.416     0.000
