   1.744   0.237   0.000   0.115   0.071   0.129   0.431
   0.237   0.744   0.000   0.030   0.030   0.105   0.327
   0.000   0.000   0.000   0.000   0.000   0.000   0.000
   0.115   0.030   0.000   0.622   0.211   0.130   0.207
   0.071   0.030   0.000   0.211   0.516   0.024   0.101
   0.129   0.105   0.000   0.130   0.024   1.248   0.349
   0.431   0.327   0.000   0.207   0.101   0.349   2.175
