     0.000     1.016    -0.608     1.049    -1.587     1.080     0.463
     1.016     0.000    -0.718    -0.720    -0.539     0.877    -0.682
    -0.608    -0.718     0.000     2.144    -0.161    -0.350     2.385
     1.049    -0.720     2.144     0.000    -0.617    -0.765     1.254
    -1.587    -0.539    -0.161    -0.617     0.000     1.528     0.855
     1.080     0.877    -0.350    -0.765     1.528     0.000    -1.213
     0.463    -0.682     2.385     1.254     0.855    -1.213     0.000
