  -0.015   0.030   0.045   0.035   0.010   0.025   0.050
   0.030  -0.025   0.059   0.040   0.015   0.059   0.099
   0.045   0.059  -0.054   0.035   0.030   0.079   0.119
   0.035   0.040   0.035  -0.045   0.015   0.050   0.084
   0.010   0.015   0.030   0.015  -0.010   0.025   0.025
   0.025   0.059   0.079   0.050   0.025  -0.030   0.059
   0.050   0.099   0.119   0.084   0.025   0.059  -0.035
