   1.012   0.206   0.228   0.181   0.043   0.192   0.167
   0.206   2.274   0.949   0.814   0.147   0.435   0.326
   0.228   0.949   3.026   1.361   0.231   0.656   0.620
   0.181   0.814   1.361   2.505   0.210   0.657   0.554
   0.043   0.147   0.231   0.210   0.731   0.095   0.094
   0.192   0.435   0.656   0.657   0.095   2.139   0.780
   0.167   0.326   0.620   0.554   0.094   0.780   2.728
