     0.000     2.004    -0.745    -1.483    -0.212    -1.207    -1.235
     2.004     0.000    -0.457    -0.575    -0.674     0.858     2.168
    -0.745    -0.457     0.000    -0.398    -0.537     0.307    -1.098
    -1.483    -0.575    -0.398     0.000     6.912     1.195     0.719
    -0.212    -0.674    -0.537     6.912     0.000    -0.591    -0.546
    -1.207     0.858     0.307     1.195    -0.591     0.000     0.978
    -1.235     2.168    -1.098     0.719    -0.546     0.978     0.000
