   0.723   2.524   2.899   2.256   0.879   2.545   3.393
   2.524   1.950   3.759   3.380   2.057   3.726   4.497
   2.899   3.759   2.285   3.594   2.418   3.964   4.681
   2.256   3.380   3.594   1.591   1.687   3.370   3.920
   0.879   2.057   2.418   1.687   0.160   2.064   2.906
   2.545   3.726   3.964   3.370   2.064   1.996   4.001
   3.393   4.497   4.681   3.920   2.906   4.001   2.829
