   1.573   1.823   1.573   2.413   2.231   2.914   2.187
   1.823   0.439   0.439   1.491   1.241   1.823   1.491
   1.573   0.439   0.000   1.096   0.845   1.495   1.309
   2.413   1.491   1.096   1.096   1.673   2.231   2.040
   2.231   1.241   0.845   1.673   0.845   2.231   2.040
   2.914   1.823   1.495   2.231   2.231   1.495   2.369
   2.187   1.491   1.309   2.040   2.040   2.369   1.309
