     0.000     5.036     1.374    -0.595     1.761     0.491    -0.587
     5.036     0.000     8.462     0.232     0.650     0.089     0.521
     1.374     8.462     0.000     5.390    -0.467     3.383    -1.707
    -0.595     0.232     5.390     0.000     7.671     4.804     0.004
     1.761     0.650    -0.467     7.671     0.000     5.771     0.047
     0.491     0.089     3.383     4.804     5.771     0.000     9.034
    -0.587     0.521    -1.707     0.004     0.047     9.034     0.000
