   1.402   3.293   3.499   3.153   2.275   3.304   3.869
   3.293   2.169   3.867   3.769   3.048   4.012   4.492
   3.499   3.867   2.272   3.650   3.166   3.949   4.682
   3.153   3.769   3.650   1.858   2.527   3.457   4.164
   2.275   3.048   3.166   2.527   0.940   2.815   3.488
   3.304   4.012   3.949   3.457   2.815   2.030   3.958
   3.869   4.492   4.682   4.164   3.488   3.958   2.622
