  -0.056   0.063   0.049   0.028   0.035   0.042   0.049   0.063   0.070   0.070
   0.063  -0.021   0.021   0.014   0.021   0.021   0.035   0.035   0.056   0.042
   0.049   0.021  -0.021   0.014   0.007   0.007   0.014   0.021   0.028   0.028
   0.028   0.014   0.014  -0.014   0.007   0.021   0.021   0.028   0.035   0.028
   0.035   0.021   0.007   0.007  -0.021   0.028   0.014   0.035   0.035   0.035
   0.042   0.021   0.007   0.021   0.028  -0.021   0.028   0.042   0.035   0.035
   0.049   0.035   0.014   0.021   0.014   0.028  -0.021   0.028   0.049   0.049
   0.063   0.035   0.021   0.028   0.035   0.042   0.028  -0.028   0.063   0.042
   0.070   0.056   0.028   0.035   0.035   0.035   0.049   0.063  -0.042   0.021
   0.070   0.042   0.028   0.028   0.035   0.035   0.049   0.042   0.021  -0.049
