     0.000     8.778     0.476     9.397     0.900     5.449     5.706
     8.778     0.000     8.616    12.564     1.849     5.128     5.182
     0.476     8.616     0.000     4.454     1.408     2.403     0.582
     9.397    12.564     4.454     0.000     3.930     7.705     9.985
     0.900     1.849     1.408     3.930     0.000     3.718     0.911
     5.449     5.128     2.403     7.705     3.718     0.000     6.549
     5.706     5.182     0.582     9.985     0.911     6.549     0.000
