   2.449   0.957   0.405   0.956   0.139   0.547   0.728
   0.957   2.958   0.906   1.048   0.195   0.638   0.866
   0.405   0.906   2.072   0.613   0.163   0.418   0.446
   0.956   1.048   0.613   2.305   0.229   0.639   0.985
   0.139   0.195   0.163   0.229   0.580   0.194   0.159
   0.547   0.638   0.418   0.639   0.194   2.083   0.602
   0.728   0.866   0.446   0.985   0.159   0.602   2.698
