   2.449   4.450   4.117   3.798   2.890   3.985   4.419
   4.450   2.958   4.125   4.215   3.343   4.403   4.789
   4.117   4.125   2.072   3.764   2.490   3.737   4.324
   3.798   4.215   3.764   2.305   2.656   3.748   4.018
   2.890   3.343   2.490   2.656   0.580   2.469   3.119
   3.985   4.403   3.737   3.748   2.469   2.083   4.179
   4.419   4.789   4.324   4.018   3.119   4.179   2.698
