  -0.005   0.024   0.034   0.019   0.008   0.019   0.027
   0.024  -0.004   0.025   0.017   0.008   0.015   0.024
   0.034   0.025  -0.005   0.022   0.008   0.020   0.029
   0.019   0.017   0.022  -0.004   0.005   0.010   0.016
   0.008   0.008   0.008   0.005  -0.001   0.005   0.006
   0.019   0.015   0.020   0.010   0.005  -0.002   0.010
   0.027   0.024   0.029   0.016   0.006   0.010  -0.003
