   2.622   5.115   5.626   4.765   3.111   4.609   5.551
   5.115   3.306   5.816   5.193   3.752   5.154   6.079
   5.626   5.816   3.264   5.180   3.739   5.156   5.968
   4.765   5.193   5.180   2.376   2.780   4.187   5.015
   3.111   3.752   3.739   2.780   0.547   2.607   3.600
   4.609   5.154   5.156   4.187   2.607   2.131   4.702
   5.551   6.079   5.968   5.015   3.600   4.702   3.095
