   2.622   0.814   0.260   0.233   0.059   0.145   0.167
   0.814   3.306   0.754   0.490   0.102   0.284   0.322
   0.260   0.754   3.264   0.460   0.072   0.239   0.392
   0.233   0.490   0.460   2.376   0.143   0.320   0.456
   0.059   0.102   0.072   0.143   0.547   0.071   0.043
   0.145   0.284   0.239   0.320   0.071   2.131   0.525
   0.167   0.322   0.392   0.456   0.043   0.525   3.095
