     0.000    13.251    14.801    12.621     8.195     8.531     4.380     5.784    13.068    11.687
    13.251     0.000    17.207    18.482    14.655    12.052     6.441     5.381    10.249     7.882
    14.801    17.207     0.000    16.631    17.153    15.081     8.851     9.112    12.388     9.414
    12.621    18.482    16.631     0.000    16.079    16.609     8.971     7.786    11.522     6.270
     8.195    14.655    17.153    16.079     0.000    15.564    14.503     7.624    11.285     3.966
     8.531    12.052    15.081    16.609    15.564     0.000    11.315    10.699     9.656     7.731
     4.380     6.441     8.851     8.971    14.503    11.315     0.000    10.484     8.029     0.637
     5.784     5.381     9.112     7.786     7.624    10.699    10.484     0.000     8.353     5.978
    13.068    10.249    12.388    11.522    11.285     9.656     8.029     8.353     0.000    15.029
    11.687     7.882     9.414     6.270     3.966     7.731     0.637     5.978    15.029     0.000
