     0.000     2.539     1.835     3.366     2.505     1.413     0.189
     2.539     0.000    10.048     8.719     4.358     6.554     1.579
     1.835    10.048     0.000     8.950     4.910     5.005     3.851
     3.366     8.719     8.950     0.000     5.672    13.379     9.411
     2.505     4.358     4.910     5.672     0.000     0.395    -0.819
     1.413     6.554     5.005    13.379     0.395     0.000     6.533
     0.189     1.579     3.851     9.411    -0.819     6.533     0.000
