   2.475   4.139   4.865   3.795   2.900   3.825   4.540
   4.139   2.151   4.468   3.482   2.531   3.635   4.251
   4.865   4.468   2.971   4.205   3.377   4.322   4.855
   3.795   3.482   4.205   1.539   1.841   2.942   3.832
   2.900   2.531   3.377   1.841   0.543   1.960   2.752
   3.825   3.635   4.322   2.942   1.960   1.639   3.748
   4.540   4.251   4.855   3.832   2.752   3.748   2.529
