   1.910   4.408   3.009   2.867   2.763   3.696   4.464
   4.408   3.154   4.142   3.927   3.885   4.769   5.238
   3.009   4.142   1.205   1.900   2.011   3.026   3.808
   2.867   3.927   1.900   1.001   1.773   2.554   3.621
   2.763   3.885   2.011   1.773   0.892   2.658   3.630
   3.696   4.769   3.026   2.554   2.658   1.917   3.940
   4.464   5.238   3.808   3.621   3.630   3.940   2.937
