     0.000     7.638     2.760    -0.340    -0.420    -0.440    -0.572
     7.638     0.000    11.237    -1.111     0.632     0.522     1.842
     2.760    11.237     0.000    10.118     2.617     2.240     0.125
    -0.340    -1.111    10.118     0.000     1.948     2.574    -0.352
    -0.420     0.632     2.617     1.948     0.000     9.995     2.063
    -0.440     0.522     2.240     2.574     9.995     0.000     8.079
    -0.572     1.842     0.125    -0.352     2.063     8.079     0.000
