     0.000     3.541     1.648    -0.861    -0.610    -0.226     0.105
     3.541     0.000     6.991    -1.195    -0.280     1.092     3.922
     1.648     6.991     0.000     9.534     1.395     1.856     0.381
    -0.861    -1.195     9.534     0.000     1.160     1.882     0.096
    -0.610    -0.280     1.395     1.160     0.000     4.640    -0.009
    -0.226     1.092     1.856     1.882     4.640     0.000     2.952
     0.105     3.922     0.381     0.096    -0.009     2.952     0.000
