   1.966   2.580   2.319   2.630   2.861   3.227   3.328
   2.580   0.707   1.042   1.378   1.610   1.969   2.054
   2.319   1.042   0.410   1.022   1.299   1.675   1.815
   2.630   1.378   1.022   0.680   1.577   1.942   2.083
   2.861   1.610   1.299   1.577   0.926   2.129   2.321
   3.227   1.969   1.675   1.942   2.129   1.307   2.639
   3.328   2.054   1.815   2.083   2.321   2.639   1.448
