   1.931   0.080   0.041   0.016   0.020   0.028   0.053
   0.080   0.626   0.058   0.007   0.021   0.031   0.057
   0.041   0.058   0.383   0.059   0.024   0.029   0.030
   0.016   0.007   0.059   0.678   0.035   0.040   0.038
   0.020   0.021   0.024   0.035   0.941   0.114   0.074
   0.028   0.031   0.029   0.040   0.114   1.367   0.138
   0.053   0.057   0.030   0.038   0.074   0.138   1.756
