  -0.005   0.025   0.036   0.020   0.008   0.020   0.030
   0.025  -0.005   0.026   0.019   0.009   0.017   0.026
   0.036   0.026  -0.006   0.023   0.009   0.021   0.031
   0.020   0.019   0.023  -0.004   0.005   0.011   0.018
   0.008   0.009   0.009   0.005  -0.001   0.005   0.007
   0.020   0.017   0.021   0.011   0.005  -0.002   0.011
   0.030   0.026   0.031   0.018   0.007   0.011  -0.004
