   1.032   3.368   3.643   3.317   1.443   2.991   3.651
   3.368   2.502   4.665   4.466   2.858   4.253   4.901
   3.643   4.665   2.915   4.446   3.294   4.585   5.053
   3.317   4.466   4.446   2.506   2.655   4.027   4.626
   1.443   2.858   3.294   2.655   0.442   2.408   3.144
   2.991   4.253   4.585   4.027   2.408   2.043   4.134
   3.651   4.901   5.053   4.626   3.144   4.134   2.819
