     0.000     0.972     1.684     1.100    -0.068    -1.001     0.370
     0.972     0.000     5.199     2.526     0.503     0.510     0.436
     1.684     5.199     0.000     6.569    -1.355    -0.827     0.682
     1.100     2.526     6.569     0.000     5.987     2.754     3.389
    -0.068     0.503    -1.355     5.987     0.000     0.681     0.927
    -1.001     0.510    -0.827     2.754     0.681     0.000     7.837
     0.370     0.436     0.682     3.389     0.927     7.837     0.000
