   2.612   0.841   0.274   0.211   0.064   0.134   0.157
   0.841   3.312   0.769   0.479   0.104   0.274   0.318
   0.274   0.769   3.317   0.471   0.076   0.239   0.414
   0.211   0.479   0.471   2.374   0.146   0.307   0.441
   0.064   0.104   0.076   0.146   0.554   0.074   0.044
   0.134   0.274   0.239   0.307   0.074   2.114   0.519
   0.157   0.318   0.414   0.441   0.044   0.519   3.102
