   2.612   5.083   5.655   4.775   3.102   4.592   5.558
   5.083   3.312   5.859   5.206   3.761   5.152   6.095
   5.655   5.859   3.317   5.219   3.795   5.191   6.004
   4.775   5.206   5.219   2.374   2.781   4.181   5.035
   3.102   3.761   3.795   2.781   0.554   2.594   3.612
   4.592   5.152   5.191   4.181   2.594   2.114   4.697
   5.558   6.095   6.004   5.035   3.612   4.697   3.102
