     0.000     0.696     2.000     1.125     0.191    -1.002     0.531
     0.696     0.000     5.172     2.276     0.540     0.542     0.459
     2.000     5.172     0.000     6.395    -1.280    -0.444     1.066
     1.125     2.276     6.395     0.000     5.690     3.188     3.730
     0.191     0.540    -1.280     5.690     0.000     0.590     0.889
    -1.002     0.542    -0.444     3.188     0.590     0.000     7.925
     0.531     0.459     1.066     3.730     0.889     7.925     0.000
