   1.373   1.650   1.553   1.872   1.776   2.482   2.639
   1.650   0.516   0.622   1.010   1.010   1.795   1.863
   1.553   0.622   0.235   0.744   0.744   1.496   1.570
   1.872   1.010   0.744   0.516   0.999   1.753   1.880
   1.776   1.010   0.744   0.999   0.516   1.795   1.779
   2.482   1.795   1.496   1.753   1.795   1.296   2.561
   2.639   1.863   1.570   1.880   1.779   2.561   1.390
