   1.373   0.238   0.055   0.017   0.112   0.186   0.124
   0.238   0.516   0.129   0.022   0.022   0.017   0.043
   0.055   0.129   0.235   0.007   0.007   0.035   0.055
   0.017   0.022   0.007   0.516   0.033   0.059   0.026
   0.112   0.022   0.007   0.033   0.516   0.017   0.126
   0.186   0.017   0.035   0.059   0.017   1.296   0.124
   0.124   0.043   0.055   0.026   0.126   0.124   1.390
