   1.570   0.231   0.092   0.082   0.271   0.174   0.185
   0.231   0.773   0.171   0.099   0.191   0.041   0.173
   0.092   0.171   0.773   0.253   0.176   0.041   0.319
   0.082   0.099   0.253   0.845   0.046   0.017   0.131
   0.271   0.191   0.176   0.046   1.195   0.021   0.252
   0.174   0.041   0.041   0.017   0.021   0.619   0.030
   0.185   0.173   0.319   0.131   0.252   0.030   0.699
