   1.961   0.084   0.047   0.009   0.020   0.038   0.074
   0.084   0.670   0.065   0.008   0.020   0.034   0.063
   0.047   0.065   0.355   0.049   0.031   0.038   0.025
   0.009   0.008   0.049   0.636   0.027   0.035   0.038
   0.020   0.020   0.031   0.027   0.830   0.087   0.038
   0.038   0.034   0.038   0.035   0.087   1.325   0.119
   0.074   0.063   0.025   0.038   0.038   0.119   1.552
