     0.000     3.182     0.045     0.304     2.970     0.209     0.012
     3.182     0.000     4.863    -0.523     0.802     1.211     0.965
     0.045     4.863     0.000    -0.067     0.637    -1.454    -0.796
     0.304    -0.523    -0.067     0.000     1.889     0.771     3.605
     2.970     0.802     0.637     1.889     0.000    -0.006     1.415
     0.209     1.211    -1.454     0.771    -0.006     0.000     8.760
     0.012     0.965    -0.796     3.605     1.415     8.760     0.000
