     0.000    12.875     2.101     0.108    -0.737    -1.507    -1.366
    12.875     0.000    18.192    -1.102     0.200     2.262     0.406
     2.101    18.192     0.000    11.117     3.740     2.775    -0.864
     0.108    -1.102    11.117     0.000     6.532     6.638     0.140
    -0.737     0.200     3.740     6.532     0.000    10.587     4.489
    -1.507     2.262     2.775     6.638    10.587     0.000     8.115
    -1.366     0.406    -0.864     0.140     4.489     8.115     0.000
