   1.901   2.443   2.288   2.506   2.786   3.274   3.537
   2.443   0.632   0.981   1.247   1.513   1.992   2.263
   2.288   0.981   0.406   0.973   1.277   1.771   2.053
   2.506   1.247   0.973   0.619   1.471   1.966   2.258
   2.786   1.513   1.277   1.471   0.894   2.192   2.491
   3.274   1.992   1.771   1.966   2.192   1.389   2.924
   3.537   2.263   2.053   2.258   2.491   2.924   1.664
