   2.296   4.183   4.490   4.142   2.843   4.025   4.670
   4.183   2.433   4.279   3.955   2.943   3.984   4.786
   4.490   4.279   2.727   4.275   3.210   4.372   4.857
   4.142   3.955   4.275   2.246   2.781   3.775   4.300
   2.843   2.943   3.210   2.781   0.788   2.927   3.494
   4.025   3.984   4.372   3.775   2.927   2.313   4.354
   4.670   4.786   4.857   4.300   3.494   4.354   2.868
