   2.296   0.546   0.533   0.401   0.241   0.585   0.495
   0.546   2.433   0.881   0.723   0.278   0.762   0.515
   0.533   0.881   2.727   0.698   0.305   0.668   0.738
   0.401   0.723   0.698   2.246   0.253   0.784   0.814
   0.241   0.278   0.305   0.253   0.788   0.174   0.162
   0.585   0.762   0.668   0.784   0.174   2.313   0.827
   0.495   0.515   0.738   0.814   0.162   0.827   2.868
