   2.527   4.996   5.477   4.671   3.002   4.497   5.455
   4.996   3.255   5.738   5.157   3.689   5.084   6.032
   5.477   5.738   3.193   5.131   3.652   5.079   5.930
   4.671   5.157   5.131   2.382   2.774   4.186   5.023
   3.002   3.689   3.652   2.774   0.531   2.574   3.576
   4.497   5.084   5.079   4.186   2.574   2.115   4.689
   5.455   6.032   5.930   5.023   3.576   4.689   3.084
