   2.527   0.786   0.243   0.237   0.055   0.145   0.156
   0.786   3.255   0.710   0.480   0.097   0.286   0.307
   0.243   0.710   3.193   0.444   0.071   0.228   0.347
   0.237   0.480   0.444   2.382   0.139   0.310   0.442
   0.055   0.097   0.071   0.139   0.531   0.072   0.039
   0.145   0.286   0.228   0.310   0.072   2.115   0.510
   0.156   0.307   0.347   0.442   0.039   0.510   3.084
