     0.000     2.745     2.704    -0.142     0.481     0.956     0.478
     2.745     0.000     1.883     0.389     1.239     5.038     4.434
     2.704     1.883     0.000     5.186     2.236     2.775     1.867
    -0.142     0.389     5.186     0.000     2.175     4.086     6.602
     0.481     1.239     2.236     2.175     0.000     4.368     1.145
     0.956     5.038     2.775     4.086     4.368     0.000    11.001
     0.478     4.434     1.867     6.602     1.145    11.001     0.000
