   1.000   0.130   0.065   0.067   0.082   0.069   0.174
   0.130   1.000   0.127   0.023   0.026   0.143   0.081
   0.065   0.127   1.000   0.101   0.092   0.037   0.136
   0.067   0.023   0.101   1.000   0.345   0.095   0.097
   0.082   0.026   0.092   0.345   1.000   0.038   0.067
   0.069   0.143   0.037   0.095   0.038   1.000   0.053
   0.174   0.081   0.136   0.097   0.067   0.053   1.000
