   1.000   0.109   0.041   0.035   0.109   0.086   0.089
   0.109   1.000   0.124   0.065   0.107   0.030   0.133
   0.041   0.124   1.000   0.185   0.098   0.030   0.277
   0.035   0.065   0.185   1.000   0.023   0.012   0.092
   0.109   0.107   0.098   0.023   1.000   0.011   0.153
   0.086   0.030   0.030   0.012   0.011   1.000   0.023
   0.089   0.133   0.277   0.092   0.153   0.023   1.000
