   1.000   0.053   0.018   0.018   0.047   0.033   0.070
   0.053   1.000   0.208   0.009   0.032   0.038   0.240
   0.018   0.208   1.000   0.005   0.013   0.015   0.147
   0.018   0.009   0.005   1.000   0.013   0.235   0.010
   0.047   0.032   0.013   0.013   1.000   0.061   0.155
   0.033   0.038   0.015   0.235   0.061   1.000   0.052
   0.070   0.240   0.147   0.010   0.155   0.052   1.000
