   1.000   0.094   0.076   0.098   0.146   0.148   0.074
   0.094   1.000   0.502   0.133   0.282   0.188   0.230
   0.076   0.502   1.000   0.148   0.378   0.159   0.338
   0.098   0.133   0.148   1.000   0.129   0.174   0.073
   0.146   0.282   0.378   0.129   1.000   0.138   0.192
   0.148   0.188   0.159   0.174   0.138   1.000   0.109
   0.074   0.230   0.338   0.073   0.192   0.109   1.000
