   1.000   0.045   0.046   0.035   0.123   0.095   0.096
   0.045   1.000   0.007   0.025   0.080   0.057   0.112
   0.046   0.007   1.000   0.107   0.026   0.012   0.027
   0.035   0.025   0.107   1.000   0.076   0.126   0.051
   0.123   0.080   0.026   0.076   1.000   0.098   0.029
   0.095   0.057   0.012   0.126   0.098   1.000   0.158
   0.096   0.112   0.027   0.051   0.029   0.158   1.000
