   1.000   0.113   0.089   0.065   0.038   0.037   0.052
   0.113   1.000   0.009   0.017   0.072   0.055   0.027
   0.089   0.009   1.000   0.338   0.129   0.037   0.152
   0.065   0.017   0.338   1.000   0.051   0.000   0.055
   0.038   0.072   0.129   0.051   1.000   0.003   0.467
   0.037   0.055   0.037   0.000   0.003   1.000   0.026
   0.052   0.027   0.152   0.055   0.467   0.026   1.000
