     0.000     6.958     2.702    -0.424    -1.025    -0.755    -0.411
     6.958     0.000     9.041    -1.044     1.076     0.422     0.857
     2.702     9.041     0.000     8.156     0.996     0.771    -0.357
    -0.424    -1.044     8.156     0.000     4.132     3.258    -0.144
    -1.025     1.076     0.996     4.132     0.000     8.202     2.540
    -0.755     0.422     0.771     3.258     8.202     0.000     7.408
    -0.411     0.857    -0.357    -0.144     2.540     7.408     0.000
