     0.000     2.826     0.477     0.809    -1.087     0.369    -1.407
     2.826     0.000     2.653     3.913    -0.469     3.672    -0.711
     0.477     2.653     0.000     0.820     3.745    -0.396    -0.682
     0.809     3.913     0.820     0.000     6.275     2.349     3.034
    -1.087    -0.469     3.745     6.275     0.000     3.598     0.793
     0.369     3.672    -0.396     2.349     3.598     0.000     7.911
    -1.407    -0.711    -0.682     3.034     0.793     7.911     0.000
