   3.049   0.878   0.342   0.217   0.085   0.213   0.222
   0.878   3.272   0.826   0.545   0.142   0.405   0.413
   0.342   0.826   3.214   0.480   0.118   0.306   0.480
   0.217   0.545   0.480   2.271   0.162   0.422   0.491
   0.085   0.142   0.118   0.162   0.636   0.103   0.072
   0.213   0.405   0.306   0.422   0.103   2.212   0.579
   0.222   0.413   0.480   0.491   0.072   0.579   3.147
