   3.049   5.443   5.921   5.104   3.600   5.048   5.974
   5.443   3.272   5.660   4.998   3.766   5.080   6.006
   5.921   5.660   3.214   5.006   3.731   5.120   5.881
   5.104   4.998   5.006   2.271   2.746   4.062   4.928
   3.600   3.766   3.731   2.746   0.636   2.745   3.711
   5.048   5.080   5.120   4.062   2.745   2.212   4.781
   5.974   6.006   5.881   4.928   3.711   4.781   3.147
