  -0.008   0.040   0.049   0.027   0.012   0.030   0.046
   0.040  -0.008   0.032   0.020   0.013   0.025   0.039
   0.049   0.032  -0.009   0.023   0.009   0.028   0.042
   0.027   0.020   0.023  -0.006   0.005   0.013   0.020
   0.012   0.013   0.009   0.005  -0.002   0.007   0.009
   0.030   0.025   0.028   0.013   0.007  -0.003   0.017
   0.046   0.039   0.042   0.020   0.009   0.017  -0.006
