   1.224   3.462   3.396   2.695   1.578   2.813   3.867
   3.462   2.560   4.439   3.811   2.864   3.935   4.972
   3.396   4.439   2.419   3.772   2.634   3.933   4.827
   2.695   3.811   3.772   1.621   1.828   3.143   4.056
   1.578   2.864   2.634   1.828   0.364   1.979   3.093
   2.813   3.935   3.933   3.143   1.979   1.729   3.805
   3.867   4.972   4.827   4.056   3.093   3.805   2.835
