   2.624   3.654   3.457   2.912   3.017   3.104   3.669   3.593   3.919   4.113
   3.654   1.376   2.377   1.747   1.846   2.029   2.589   2.691   3.181   3.492
   3.457   2.377   1.238   1.552   1.727   1.882   2.398   2.442   2.886   3.200
   2.912   1.747   1.552   0.397   0.926   1.075   1.619   1.767   2.399   2.811
   3.017   1.846   1.727   0.926   0.558   1.177   1.825   1.893   2.501   2.827
   3.104   2.029   1.882   1.075   1.177   0.695   1.966   2.025   2.621   3.009
   3.669   2.589   2.398   1.619   1.825   1.966   1.294   2.512   3.170   3.525
   3.593   2.691   2.442   1.767   1.893   2.025   2.512   1.386   2.995   3.355
   3.919   3.181   2.886   2.399   2.501   2.621   3.170   2.995   2.028   3.505
   4.113   3.492   3.200   2.811   2.827   3.009   3.525   3.355   3.505   2.474
