     0.000     8.580     3.224     0.966    -0.406     0.144     2.741
     8.580     0.000     3.704     0.513     0.279     3.148     5.131
     3.224     3.704     0.000     7.712    -0.296    -0.594     3.213
     0.966     0.513     7.712     0.000     3.153     5.360     2.060
    -0.406     0.279    -0.296     3.153     0.000     2.917    -0.093
     0.144     3.148    -0.594     5.360     2.917     0.000     7.121
     2.741     5.131     3.213     2.060    -0.093     7.121     0.000
