  -0.020   0.064   0.020   0.025   0.020   0.040   0.074
   0.064  -0.050   0.050   0.054   0.050   0.074   0.139
   0.020   0.050  -0.020   0.015   0.015   0.025   0.059
   0.025   0.054   0.015  -0.015   0.010   0.025   0.050
   0.020   0.050   0.015   0.010  -0.010   0.015   0.045
   0.040   0.074   0.025   0.025   0.015  -0.025   0.064
   0.074   0.139   0.059   0.050   0.045   0.064  -0.040
