   1.826   4.398   3.046   2.919   2.606   3.722   4.446
   4.398   3.185   4.204   4.166   3.846   4.715   5.232
   3.046   4.204   1.427   2.313   2.210   3.352   4.084
   2.919   4.166   2.313   1.186   1.904   2.963   3.942
   2.606   3.846   2.210   1.904   0.828   2.700   3.690
   3.722   4.715   3.352   2.963   2.700   2.032   4.390
   4.446   5.232   4.084   3.942   3.690   4.390   2.986
