  -0.055   0.066   0.044   0.033   0.044   0.049   0.055   0.077   0.071   0.066
   0.066  -0.033   0.022   0.005   0.027   0.027   0.044   0.049   0.071   0.044
   0.044   0.022  -0.022   0.016   0.016   0.027   0.022   0.033   0.044   0.027
   0.033   0.005   0.016  -0.022   0.016   0.022   0.027   0.044   0.044   0.027
   0.044   0.027   0.016   0.016  -0.022   0.033   0.022   0.044   0.049   0.033
   0.049   0.027   0.027   0.022   0.033  -0.016   0.033   0.044   0.044   0.027
   0.055   0.044   0.022   0.027   0.022   0.033  -0.016   0.033   0.049   0.044
   0.077   0.049   0.033   0.044   0.044   0.044   0.033  -0.022   0.066   0.038
   0.071   0.071   0.044   0.044   0.049   0.044   0.049   0.066  -0.033   0.022
   0.066   0.044   0.027   0.027   0.033   0.027   0.044   0.038   0.022  -0.044
