     0.000     2.854     1.311     0.175    -0.385     0.576    -0.345
     2.854     0.000     2.769     1.225     1.523    -0.130     0.119
     1.311     2.769     0.000     1.797    -0.212     1.123    -0.499
     0.175     1.225     1.797     0.000     3.608     3.342     5.011
    -0.385     1.523    -0.212     3.608     0.000     2.046    -0.408
     0.576    -0.130     1.123     3.342     2.046     0.000     7.376
    -0.345     0.119    -0.499     5.011    -0.408     7.376     0.000
