   0.975   2.989   3.037   2.844   1.381   2.781   3.602
   2.989   2.241   4.088   3.945   2.572   3.984   4.716
   3.037   4.088   2.290   3.913   2.649   3.926   4.703
   2.844   3.945   3.913   2.031   2.252   3.621   4.181
   1.381   2.572   2.649   2.252   0.432   2.268   3.151
   2.781   3.984   3.926   3.621   2.268   1.957   4.061
   3.602   4.716   4.703   4.181   3.151   4.061   2.808
