         0.50000         0.24000         0.64000         0.22000         0.02000         0.36000         0.72000
         0.24000         0.50000         0.00000         0.02000         0.12000         0.64000         0.54000
         0.64000         0.00000         0.50000         0.00000         0.00000         0.14000         0.12000
         0.22000         0.02000         0.00000         0.50000         0.14000         0.20000         0.06000
         0.02000         0.12000         0.00000         0.14000         0.50000         0.24000         0.40000
         0.36000         0.64000         0.14000         0.20000         0.24000         0.50000         0.26000
         0.72000         0.54000         0.12000         0.06000         0.40000         0.26000         0.50000
