   3.093   4.322   4.009   4.246   4.258   4.257   4.609   4.813   4.700   4.290
   4.322   2.361   3.352   3.374   3.439   3.568   3.947   4.210   4.430   3.978
   4.009   3.352   2.059   3.231   3.106   3.233   3.647   3.939   4.053   3.688
   4.246   3.374   3.231   2.120   3.183   3.162   3.661   3.927   4.139   3.862
   4.258   3.439   3.106   3.183   1.986   3.048   3.404   3.804   4.104   3.857
   4.257   3.568   3.233   3.162   3.048   1.931   3.414   3.739   4.069   3.740
   4.609   3.947   3.647   3.661   3.404   3.414   2.143   3.903   4.350   4.166
   4.813   4.210   3.939   3.927   3.804   3.739   3.903   2.457   4.519   4.157
   4.700   4.430   4.053   4.139   4.104   4.069   4.350   4.519   2.902   3.972
   4.290   3.978   3.688   3.862   3.857   3.740   4.166   4.157   3.972   2.313
