  -0.045   0.059   0.041   0.041   0.054   0.054   0.063   0.081   0.063   0.054
   0.059  -0.036   0.018   0.018   0.027   0.032   0.045   0.050   0.059   0.036
   0.041   0.018  -0.027   0.023   0.018   0.023   0.027   0.036   0.045   0.027
   0.041   0.018   0.023  -0.023   0.032   0.027   0.054   0.063   0.054   0.032
   0.054   0.027   0.018   0.032  -0.027   0.036   0.032   0.050   0.054   0.036
   0.054   0.032   0.023   0.027   0.036  -0.023   0.041   0.050   0.045   0.027
   0.063   0.045   0.027   0.054   0.032   0.041  -0.027   0.054   0.063   0.050
   0.081   0.050   0.036   0.063   0.050   0.050   0.054  -0.032   0.081   0.041
   0.063   0.059   0.045   0.054   0.054   0.045   0.063   0.081  -0.036   0.023
   0.054   0.036   0.027   0.032   0.036   0.027   0.050   0.041   0.023  -0.036
