         0.50000         0.02000         0.00000         0.00000         0.38000         0.20000         0.20000         0.00000         0.00000         0.00000
         0.02000         0.50000         0.00000         0.00000         0.06000         0.56000         0.08000         0.04000         0.26000         0.04000
         0.00000         0.00000         0.50000         0.06000         0.18000         0.40000         0.06000         0.08000         0.00000         0.00000
         0.00000         0.00000         0.06000         0.50000         0.52000         0.08000         0.24000         0.00000         0.14000         0.14000
         0.38000         0.06000         0.18000         0.52000         0.50000         0.18000         0.90000         0.34000         0.16000         0.04000
         0.20000         0.56000         0.40000         0.08000         0.18000         0.50000         0.30000         0.06000         0.12000         0.32000
         0.20000         0.08000         0.06000         0.24000         0.90000         0.30000         0.50000         0.06000         0.08000         0.26000
         0.00000         0.04000         0.08000         0.00000         0.34000         0.06000         0.06000         0.50000         0.00000         0.00000
         0.00000         0.26000         0.00000         0.14000         0.16000         0.12000         0.08000         0.00000         0.50000         0.00000
         0.00000         0.04000         0.00000         0.14000         0.04000         0.32000         0.26000         0.00000         0.00000         0.50000
