   2.783   3.809   3.600   3.212   3.228   3.460   3.861   3.924   4.094   4.258
   3.809   1.396   2.365   1.953   1.922   2.287   2.656   2.924   3.427   3.602
   3.600   2.365   1.203   1.797   1.733   2.081   2.436   2.734   3.030   3.299
   3.212   1.953   1.797   0.681   1.268   1.576   1.994   2.230   2.750   3.109
   3.228   1.922   1.733   1.268   0.613   1.514   1.962   2.265   2.655   2.954
   3.460   2.287   2.081   1.576   1.514   0.967   2.236   2.522   2.936   3.295
   3.861   2.656   2.436   1.994   1.962   2.236   1.373   2.903   3.353   3.688
   3.924   2.924   2.734   2.230   2.265   2.522   2.903   1.747   3.385   3.593
   4.094   3.427   3.030   2.750   2.655   2.936   3.353   3.385   2.190   3.592
   4.258   3.602   3.299   3.109   2.954   3.295   3.688   3.593   3.592   2.560
