     0.000     2.113     4.411     3.038     0.153     0.908     0.951     3.062     5.593     5.141
     2.113     0.000     5.776     4.332     1.351    -0.234     1.390     1.956     0.368     2.335
     4.411     5.776     0.000     2.002     0.904     0.085     1.652     1.613     5.530     4.959
     3.038     4.332     2.002     0.000    -0.237     1.404     0.709     4.376     1.238     0.789
     0.153     1.351     0.904    -0.237     0.000     0.870    -0.950     0.211     0.877     1.934
     0.908    -0.234     0.085     1.404     0.870     0.000     0.366     1.129     1.227     0.323
     0.951     1.390     1.652     0.709    -0.950     0.366     0.000     1.556     1.385     0.564
     3.062     1.956     1.613     4.376     0.211     1.129     1.556     0.000     5.115     5.367
     5.593     0.368     5.530     1.238     0.877     1.227     1.385     5.115     0.000     9.383
     5.141     2.335     4.959     0.789     1.934     0.323     0.564     5.367     9.383     0.000
