     0.000     6.361     1.497    -0.494     0.240     8.064     0.272
     6.361     0.000     6.259     0.776     0.638     7.119     4.422
     1.497     6.259     0.000     1.579    -0.526     0.775     1.361
    -0.494     0.776     1.579     0.000     2.745     2.002     2.516
     0.240     0.638    -0.526     2.745     0.000     1.034     1.288
     8.064     7.119     0.775     2.002     1.034     0.000     5.273
     0.272     4.422     1.361     2.516     1.288     5.273     0.000
