  -0.040   0.064   0.079   0.030   0.000   0.035   0.089
   0.064  -0.030   0.084   0.045   0.015   0.059   0.109
   0.079   0.084  -0.050   0.045   0.010   0.069   0.109
   0.030   0.045   0.045  -0.030  -0.005   0.020   0.045
   0.000   0.015   0.010  -0.005  -0.015   0.010   0.010
   0.035   0.059   0.069   0.020   0.010  -0.030   0.054
   0.089   0.109   0.109   0.045   0.010   0.054  -0.040
