   1.926   2.552   2.292   2.540   2.875   3.147   3.407
   2.552   0.719   1.085   1.359   1.696   1.968   2.192
   2.292   1.085   0.416   0.965   1.376   1.676   1.948
   2.540   1.359   0.965   0.651   1.609   1.904   2.179
   2.875   1.696   1.376   1.609   0.990   2.160   2.524
   3.147   1.968   1.676   1.904   2.160   1.292   2.740
   3.407   2.192   1.948   2.179   2.524   2.740   1.582
