     0.000     3.118     0.306     0.374     3.588     0.388    -0.399
     3.118     0.000     5.597    -0.654     0.662     1.360     0.967
     0.306     5.597     0.000    -0.025     0.636    -1.426    -0.614
     0.374    -0.654    -0.025     0.000     2.022     0.879     3.350
     3.588     0.662     0.636     2.022     0.000    -0.100     0.827
     0.388     1.360    -1.426     0.879    -0.100     0.000     8.930
    -0.399     0.967    -0.614     3.350     0.827     8.930     0.000
