         0.50000         0.00000         0.52000         0.38000         0.00000         0.36000         0.44000
         0.00000         0.50000         0.00000         0.68000         0.16000         0.16000         0.18000
         0.52000         0.00000         0.50000         0.46000         0.24000         0.96000         0.76000
         0.38000         0.68000         0.46000         0.50000         0.04000         0.18000         0.00000
         0.00000         0.16000         0.24000         0.04000         0.50000         0.38000         0.08000
         0.36000         0.16000         0.96000         0.18000         0.38000         0.50000         0.00000
         0.44000         0.18000         0.76000         0.00000         0.08000         0.00000         0.50000
