   0.679   0.194   0.151   0.111   0.094   0.092   0.168
   0.194   1.987   0.537   0.160   0.064   0.209   0.333
   0.151   0.537   2.512   0.276   0.088   0.184   0.435
   0.111   0.160   0.276   1.762   0.089   0.206   0.499
   0.094   0.064   0.088   0.089   0.273   0.039   0.102
   0.092   0.209   0.184   0.206   0.039   1.595   0.653
   0.168   0.333   0.435   0.499   0.102   0.653   2.960
