     0.000     9.065     1.637     1.001     0.371     5.713     0.940
     9.065     0.000     5.427     2.319     2.674     3.592     5.312
     1.637     5.427     0.000     3.206     0.527     1.160     2.070
     1.001     2.319     3.206     0.000     1.883     2.023     3.501
     0.371     2.674     0.527     1.883     0.000     5.442    -0.150
     5.713     3.592     1.160     2.023     5.442     0.000     5.669
     0.940     5.312     2.070     3.501    -0.150     5.669     0.000
