     0.000     5.309     0.369     0.142     0.260     1.668     2.249
     5.309     0.000     5.203     5.744    -1.037     3.493     6.060
     0.369     5.203     0.000    22.301     1.088     2.579     6.483
     0.142     5.744    22.301     0.000    -0.430     4.298     8.142
     0.260    -1.037     1.088    -0.430     0.000     0.257    -0.869
     1.668     3.493     2.579     4.298     0.257     0.000     5.346
     2.249     6.060     6.483     8.142    -0.869     5.346     0.000
