     0.000     5.886     1.886    -0.688    -0.449     1.496     2.655
     5.886     0.000    -0.142     1.634    -0.289     1.028     4.168
     1.886    -0.142     0.000     1.839    -0.073     0.789     2.586
    -0.688     1.634     1.839     0.000     5.275     4.822     2.439
    -0.449    -0.289    -0.073     5.275     0.000     4.197     1.257
     1.496     1.028     0.789     4.822     4.197     0.000    13.961
     2.655     4.168     2.586     2.439     1.257    13.961     0.000
