   1.738   2.006   2.240   2.413   2.407   2.392   2.295
   2.006   0.468   1.076   1.442   1.193   1.217   1.193
   2.240   1.076   0.622   1.299   1.299   1.406   1.076
   2.413   1.442   1.299   0.999   1.660   1.773   1.554
   2.407   1.193   1.299   1.660   0.744   1.459   1.336
   2.392   1.217   1.406   1.773   1.459   0.840   1.565
   2.295   1.193   1.076   1.554   1.336   1.565   0.744
