   1.738   0.200   0.120   0.325   0.075   0.186   0.187
   0.200   0.468   0.014   0.025   0.019   0.091   0.019
   0.120   0.014   0.622   0.322   0.067   0.056   0.290
   0.325   0.025   0.322   0.999   0.083   0.066   0.189
   0.075   0.019   0.067   0.083   0.744   0.125   0.152
   0.186   0.091   0.056   0.066   0.125   0.840   0.019
   0.187   0.019   0.290   0.189   0.152   0.019   0.744
