  -0.050   0.059   0.045   0.040   0.010   0.064   0.094
   0.059  -0.045   0.045   0.045   0.015   0.079   0.109
   0.045   0.045  -0.050   0.035   0.015   0.059   0.079
   0.040   0.045   0.035  -0.045   0.005   0.035   0.074
   0.010   0.015   0.015   0.005  -0.010   0.005   0.015
   0.064   0.079   0.059   0.035   0.005  -0.030   0.069
   0.094   0.109   0.079   0.074   0.015   0.069  -0.050
