   2.205   0.896   0.397   0.755   0.119   0.363   0.512
   0.896   2.715   0.641   1.028   0.159   0.504   0.761
   0.397   0.641   2.221   0.567   0.077   0.262   0.533
   0.755   1.028   0.567   2.426   0.268   0.677   0.886
   0.119   0.159   0.077   0.268   0.464   0.266   0.163
   0.363   0.504   0.262   0.677   0.266   2.071   0.644
   0.512   0.761   0.533   0.886   0.163   0.644   3.034
