     0.000     4.154     1.678     1.072     2.027     1.188     2.041
     4.154     0.000    15.403     5.668     8.966     8.214     6.408
     1.678    15.403     0.000     9.328     7.592     8.274     6.516
     1.072     5.668     9.328     0.000    12.434    12.680     8.054
     2.027     8.966     7.592    12.434     0.000    11.750     6.141
     1.188     8.214     8.274    12.680    11.750     0.000    10.863
     2.041     6.408     6.516     8.054     6.141    10.863     0.000
