  -0.041   0.054   0.037   0.037   0.050   0.050   0.058   0.074   0.058   0.054
   0.054  -0.033   0.021   0.021   0.029   0.033   0.045   0.054   0.058   0.041
   0.037   0.021  -0.025   0.025   0.021   0.021   0.037   0.037   0.054   0.037
   0.037   0.021   0.025  -0.021   0.029   0.025   0.050   0.058   0.050   0.033
   0.050   0.029   0.021   0.029  -0.029   0.033   0.033   0.050   0.054   0.041
   0.050   0.033   0.021   0.025   0.033  -0.025   0.037   0.045   0.045   0.029
   0.058   0.045   0.037   0.050   0.033   0.037  -0.033   0.045   0.062   0.054
   0.074   0.054   0.037   0.058   0.050   0.045   0.045  -0.033   0.079   0.041
   0.058   0.058   0.054   0.050   0.054   0.045   0.062   0.079  -0.037   0.029
   0.054   0.041   0.037   0.033   0.041   0.029   0.054   0.041   0.029  -0.033
