   1.901   0.091   0.020   0.015   0.009   0.016   0.028
   0.091   0.632   0.057   0.005   0.012   0.029   0.033
   0.020   0.057   0.406   0.053   0.023   0.024   0.017
   0.015   0.005   0.053   0.619   0.042   0.043   0.025
   0.009   0.012   0.023   0.042   0.894   0.091   0.066
   0.016   0.029   0.024   0.043   0.091   1.389   0.128
   0.028   0.033   0.017   0.025   0.066   0.128   1.664
