   2.109   0.744   0.226   0.131   0.028   0.196   0.510
   0.744   3.451   0.754   0.566   0.038   0.432   1.227
   0.226   0.754   1.843   0.926   0.036   0.218   0.734
   0.131   0.566   0.926   1.325   0.011   0.198   0.563
   0.028   0.038   0.036   0.011   0.140   0.024   0.034
   0.196   0.432   0.218   0.198   0.024   1.424   0.495
   0.510   1.227   0.734   0.563   0.034   0.495   3.201
