  -0.030   0.084   0.045   0.035   0.000   0.035   0.084
   0.084  -0.064   0.069   0.064   0.005   0.064   0.139
   0.045   0.069  -0.030   0.015   0.005   0.030   0.059
   0.035   0.064   0.015  -0.015   0.005   0.025   0.050
   0.000   0.005   0.005   0.005  -0.005   0.005   0.005
   0.035   0.064   0.030   0.025   0.005  -0.020   0.040
   0.084   0.139   0.059   0.050   0.005   0.040  -0.054
