   2.109   4.815   3.726   3.302   2.221   3.337   4.800
   4.815   3.451   4.540   4.209   3.553   4.442   5.425
   3.726   4.540   1.843   2.242   1.947   3.049   4.310
   3.302   4.209   2.242   1.325   1.454   2.551   3.963
   2.221   3.553   1.947   1.454   0.140   1.540   3.307
   3.337   4.442   3.049   2.551   1.540   1.424   4.129
   4.800   5.425   4.310   3.963   3.307   4.129   3.201
