     0.000     3.018    -0.501    -1.366    -0.821    -1.162     0.597
     3.018     0.000     3.420     2.755    -0.952     1.676    -0.110
    -0.501     3.420     0.000     1.289    -1.396     1.126     0.438
    -1.366     2.755     1.289     0.000    -0.023     2.372     3.281
    -0.821    -0.952    -1.396    -0.023     0.000     2.414     0.437
    -1.162     1.676     1.126     2.372     2.414     0.000     7.010
     0.597    -0.110     0.438     3.281     0.437     7.010     0.000
