   1.000   0.044   0.025   0.029   0.022   0.011   0.044
   0.044   1.000   0.039   0.022   0.022   0.058   0.067
   0.025   0.039   1.000   0.121   0.021   0.022   0.020
   0.029   0.022   0.121   1.000   0.127   0.080   0.064
   0.022   0.022   0.021   0.127   1.000   0.046   0.037
   0.011   0.058   0.022   0.080   0.046   1.000   0.064
   0.044   0.067   0.020   0.064   0.037   0.064   1.000
