   1.000   0.104   0.000   0.106   0.084   0.053   0.318
   0.104   1.000   0.000   0.030   0.036   0.061   0.173
   0.000   0.000   1.000   0.000   0.000   0.000   0.000
   0.106   0.030   0.000   1.000   0.160   0.161   0.179
   0.084   0.036   0.000   0.160   1.000   0.049   0.056
   0.053   0.061   0.000   0.161   0.049   1.000   0.184
   0.318   0.173   0.000   0.179   0.056   0.184   1.000
