   1.000   0.038   0.024   0.012   0.032   0.018   0.042
   0.038   1.000   0.042   0.015   0.018   0.022   0.047
   0.024   0.042   1.000   0.147   0.028   0.025   0.028
   0.012   0.015   0.147   1.000   0.042   0.032   0.037
   0.032   0.018   0.028   0.042   1.000   0.038   0.028
   0.018   0.022   0.025   0.032   0.038   1.000   0.062
   0.042   0.047   0.028   0.037   0.028   0.062   1.000
