   1.000   0.033   0.022   0.011   0.030   0.019   0.038
   0.033   1.000   0.044   0.016   0.017   0.021   0.046
   0.022   0.044   1.000   0.147   0.028   0.023   0.028
   0.011   0.016   0.147   1.000   0.043   0.029   0.039
   0.030   0.017   0.028   0.043   1.000   0.037   0.027
   0.019   0.021   0.023   0.029   0.037   1.000   0.059
   0.038   0.046   0.028   0.039   0.027   0.059   1.000
