   1.000   0.037   0.023   0.011   0.030   0.020   0.037
   0.037   1.000   0.060   0.011   0.012   0.021   0.064
   0.023   0.060   1.000   0.100   0.022   0.024   0.030
   0.011   0.011   0.100   1.000   0.034   0.024   0.032
   0.030   0.012   0.022   0.034   1.000   0.036   0.025
   0.020   0.021   0.024   0.024   0.036   1.000   0.051
   0.037   0.064   0.030   0.032   0.025   0.051   1.000
