   1.000   0.038   0.023   0.015   0.019   0.024   0.031
   0.038   1.000   0.046   0.008   0.008   0.024   0.054
   0.023   0.046   1.000   0.104   0.023   0.020   0.027
   0.015   0.008   0.104   1.000   0.021   0.022   0.025
   0.019   0.008   0.023   0.021   1.000   0.051   0.021
   0.024   0.024   0.020   0.022   0.051   1.000   0.055
   0.031   0.054   0.027   0.025   0.021   0.055   1.000
