   1.000   0.036   0.022   0.014   0.014   0.023   0.030
   0.036   1.000   0.046   0.008   0.007   0.022   0.050
   0.022   0.046   1.000   0.105   0.022   0.019   0.026
   0.014   0.008   0.105   1.000   0.020   0.020   0.025
   0.014   0.007   0.022   0.020   1.000   0.057   0.019
   0.023   0.022   0.019   0.020   0.057   1.000   0.049
   0.030   0.050   0.026   0.025   0.019   0.049   1.000
