   1.000   0.036   0.026   0.005   0.010   0.016   0.029
   0.036   1.000   0.073   0.007   0.015   0.025   0.052
   0.026   0.073   1.000   0.077   0.029   0.027   0.024
   0.005   0.007   0.077   1.000   0.025   0.023   0.025
   0.010   0.015   0.029   0.025   1.000   0.061   0.025
   0.016   0.025   0.027   0.023   0.061   1.000   0.050
   0.029   0.052   0.024   0.025   0.025   0.050   1.000
