   1.000   0.033   0.021   0.003   0.007   0.012   0.021
   0.033   1.000   0.068   0.006   0.014   0.017   0.029
   0.021   0.068   1.000   0.052   0.027   0.023   0.013
   0.003   0.006   0.052   1.000   0.018   0.018   0.018
   0.007   0.014   0.027   0.018   1.000   0.042   0.016
   0.012   0.017   0.023   0.018   0.042   1.000   0.043
   0.021   0.029   0.013   0.018   0.016   0.043   1.000
