   1.000   0.035   0.023   0.003   0.007   0.010   0.018
   0.035   1.000   0.074   0.005   0.013   0.016   0.027
   0.023   0.074   1.000   0.046   0.020   0.018   0.014
   0.003   0.005   0.046   1.000   0.021   0.019   0.017
   0.007   0.013   0.020   0.021   1.000   0.042   0.015
   0.010   0.016   0.018   0.019   0.042   1.000   0.046
   0.018   0.027   0.014   0.017   0.015   0.046   1.000
