   1.000   0.036   0.023   0.003   0.008   0.009   0.015
   0.036   1.000   0.068   0.005   0.013   0.016   0.025
   0.023   0.068   1.000   0.049   0.021   0.017   0.015
   0.003   0.005   0.049   1.000   0.024   0.019   0.015
   0.008   0.013   0.021   0.024   1.000   0.056   0.030
   0.009   0.016   0.017   0.019   0.056   1.000   0.047
   0.015   0.025   0.015   0.015   0.030   0.047   1.000
