   1.000   0.038   0.015   0.007   0.006   0.009   0.013
   0.038   1.000   0.047   0.005   0.013   0.015   0.021
   0.015   0.047   1.000   0.058   0.013   0.013   0.011
   0.007   0.005   0.058   1.000   0.023   0.021   0.014
   0.006   0.013   0.013   0.023   1.000   0.049   0.027
   0.009   0.015   0.013   0.021   0.049   1.000   0.052
   0.013   0.021   0.011   0.014   0.027   0.052   1.000
