   1.000   0.039   0.009   0.007   0.005   0.006   0.011
   0.039   1.000   0.059   0.004   0.009   0.014   0.019
   0.009   0.059   1.000   0.046   0.014   0.013   0.009
   0.007   0.004   0.046   1.000   0.024   0.023   0.013
   0.005   0.009   0.014   0.024   1.000   0.048   0.024
   0.006   0.014   0.013   0.023   0.048   1.000   0.045
   0.011   0.019   0.009   0.013   0.024   0.045   1.000
