   1.000   0.038   0.009   0.006   0.003   0.005   0.008
   0.038   1.000   0.058   0.004   0.008   0.016   0.017
   0.009   0.058   1.000   0.054   0.018   0.014   0.009
   0.006   0.004   0.054   1.000   0.029   0.024   0.011
   0.003   0.008   0.018   0.029   1.000   0.041   0.027
   0.005   0.016   0.014   0.024   0.041   1.000   0.043
   0.008   0.017   0.009   0.011   0.027   0.043   1.000
