   1.792   2.372   2.004   2.480   2.519   3.048   3.868
   2.372   0.784   0.982   1.523   1.559   1.992   2.858
   2.004   0.982   0.278   0.982   1.022   1.537   2.481
   2.480   1.523   0.982   0.776   1.233   1.900   2.869
   2.519   1.559   1.022   1.233   0.807   2.037   2.998
   3.048   1.992   1.537   1.900   2.037   1.311   3.358
   3.868   2.858   2.481   2.869   2.998   3.358   2.294
