   1.864   0.693   0.236   0.094   0.061   0.149   0.321
   0.693   3.319   0.500   0.264   0.247   0.408   1.077
   0.236   0.500   1.458   0.209   0.073   0.128   0.421
   0.094   0.264   0.209   1.265   0.286   0.244   0.349
   0.061   0.247   0.073   0.286   1.130   0.255   0.252
   0.149   0.408   0.128   0.244   0.255   2.043   0.793
   0.321   1.077   0.421   0.349   0.252   0.793   3.212
