     0.000     5.621     2.501    -0.689    -0.859    -0.032    -0.032
     5.621     0.000     3.359    -0.192     0.280     1.157     3.722
     2.501     3.359     0.000     3.010    -0.412    -0.436     3.176
    -0.689    -0.192     3.010     0.000     6.963     3.933     2.458
    -0.859     0.280    -0.412     6.963     0.000     6.577     1.221
    -0.032     1.157    -0.436     3.933     6.577     0.000     9.614
    -0.032     3.722     3.176     2.458     1.221     9.614     0.000
