   1.911   2.470   2.277   2.568   2.822   3.282   3.557
   2.470   0.648   0.993   1.318   1.559   2.019   2.288
   2.277   0.993   0.397   1.015   1.304   1.775   2.062
   2.568   1.318   1.015   0.674   1.559   2.028   2.331
   2.822   1.559   1.304   1.559   0.925   2.218   2.548
   3.282   2.019   1.775   2.028   2.218   1.400   2.940
   3.557   2.288   2.062   2.331   2.548   2.940   1.687
