     0.000     8.861     0.400     7.141     1.260     0.656     0.406
     8.861     0.000     5.566    11.367     2.115     3.429     3.457
     0.400     5.566     0.000     4.808    -0.119    -0.809     2.026
     7.141    11.367     4.808     0.000     5.373     7.432     6.291
     1.260     2.115    -0.119     5.373     0.000     8.418     1.968
     0.656     3.429    -0.809     7.432     8.418     0.000     4.490
     0.406     3.457     2.026     6.291     1.968     4.490     0.000
