  -0.017   0.035   0.045   0.027   0.008   0.032   0.053
   0.035  -0.020   0.047   0.038   0.010   0.056   0.090
   0.045   0.047  -0.032   0.045   0.017   0.065   0.090
   0.027   0.038   0.045  -0.023   0.005   0.037   0.051
   0.008   0.010   0.017   0.005  -0.007   0.008   0.015
   0.032   0.056   0.065   0.037   0.008  -0.012   0.048
   0.053   0.090   0.090   0.051   0.015   0.048  -0.022
