   1.617   3.988   4.555   3.954   2.037   3.440   4.729
   3.988   2.897   5.150   4.786   3.275   4.567   5.746
   4.555   5.150   3.245   4.977   3.629   4.910   5.811
   3.954   4.786   4.977   2.590   2.884   4.162   5.165
   2.037   3.275   3.629   2.884   0.475   2.275   3.755
   3.440   4.567   4.910   4.162   2.275   1.947   4.814
   4.729   5.746   5.811   5.165   3.755   4.814   3.384
