   1.617   0.525   0.306   0.253   0.054   0.123   0.272
   0.525   2.897   0.992   0.700   0.096   0.276   0.535
   0.306   0.992   3.245   0.858   0.090   0.282   0.819
   0.253   0.700   0.858   2.590   0.181   0.374   0.809
   0.054   0.096   0.090   0.181   0.475   0.146   0.104
   0.123   0.276   0.282   0.374   0.146   1.947   0.517
   0.272   0.535   0.819   0.809   0.104   0.517   3.384
