   1.945   2.545   2.261   2.568   2.775   3.222   3.317
   2.545   0.689   0.988   1.316   1.521   1.963   2.051
   2.261   0.988   0.365   0.950   1.187   1.637   1.767
   2.568   1.316   0.950   0.635   1.460   1.911   2.034
   2.775   1.521   1.187   1.460   0.852   2.076   2.245
   3.222   1.963   1.637   1.911   2.076   1.311   2.639
   3.317   2.051   1.767   2.034   2.245   2.639   1.430
