  -0.064   0.054   0.079   0.040   0.005   0.045   0.059
   0.054  -0.035   0.064   0.054   0.020   0.040   0.074
   0.079   0.064  -0.045   0.050   0.015   0.074   0.109
   0.040   0.054   0.050  -0.015   0.015   0.030   0.064
   0.005   0.020   0.015   0.015  -0.015   0.005   0.005
   0.045   0.040   0.074   0.030   0.005  -0.015   0.054
   0.059   0.074   0.109   0.064   0.005   0.054  -0.035
