   1.909   0.096   0.019   0.019   0.012   0.016   0.034
   0.096   0.667   0.065   0.006   0.013   0.031   0.040
   0.019   0.065   0.445   0.062   0.023   0.026   0.018
   0.019   0.006   0.062   0.645   0.038   0.047   0.027
   0.012   0.013   0.023   0.038   0.914   0.100   0.060
   0.016   0.031   0.026   0.047   0.100   1.396   0.129
   0.034   0.040   0.018   0.027   0.060   0.129   1.585
