     0.000     4.044     0.411    -0.511     0.217     0.525     0.661
     4.044     0.000     3.952    -1.064    -0.746     1.713     2.576
     0.411     3.952     0.000     7.738     0.169     0.718     0.555
    -0.511    -1.064     7.738     0.000     1.317     0.872     0.691
     0.217    -0.746     0.169     1.317     0.000     2.220    -0.695
     0.525     1.713     0.718     0.872     2.220     0.000     3.402
     0.661     2.576     0.555     0.691    -0.695     3.402     0.000
