   2.574   0.822   0.261   0.205   0.061   0.133   0.151
   0.822   3.294   0.754   0.468   0.101   0.269   0.306
   0.261   0.754   3.285   0.453   0.071   0.230   0.397
   0.205   0.468   0.453   2.347   0.141   0.295   0.431
   0.061   0.101   0.071   0.141   0.545   0.070   0.042
   0.133   0.269   0.230   0.295   0.070   2.104   0.513
   0.151   0.306   0.397   0.431   0.042   0.513   3.088
