     0.000     3.707     2.085     0.874    -0.875     1.349     2.071
     3.707     0.000     8.274     2.468     3.023     1.142    -1.227
     2.085     8.274     0.000     0.530     0.498     2.001     1.085
     0.874     2.468     0.530     0.000     0.631     2.986     5.571
    -0.875     3.023     0.498     0.631     0.000     0.703     0.393
     1.349     1.142     2.001     2.986     0.703     0.000     8.997
     2.071    -1.227     1.085     5.571     0.393     8.997     0.000
