     0.000     3.650     3.711     0.657    -0.907     1.387     2.057
     3.650     0.000     6.655     2.848     2.442     1.377    -1.240
     3.711     6.655     0.000     0.515     0.669     1.959     1.117
     0.657     2.848     0.515     0.000     0.172     2.573     7.712
    -0.907     2.442     0.669     0.172     0.000     1.383     0.168
     1.387     1.377     1.959     2.573     1.383     0.000     7.386
     2.057    -1.240     1.117     7.712     0.168     7.386     0.000
