  -0.005   0.024   0.034   0.019   0.008   0.019   0.029
   0.024  -0.005   0.025   0.018   0.009   0.016   0.025
   0.034   0.025  -0.006   0.023   0.009   0.021   0.030
   0.019   0.018   0.023  -0.004   0.005   0.010   0.017
   0.008   0.009   0.009   0.005  -0.001   0.005   0.006
   0.019   0.016   0.021   0.010   0.005  -0.002   0.011
   0.029   0.025   0.030   0.017   0.006   0.011  -0.004
