   2.574   5.047   5.599   4.716   3.059   4.545   5.511
   5.047   3.294   5.825   5.173   3.738   5.129   6.076
   5.599   5.825   3.285   5.179   3.758   5.160   5.976
   4.716   5.173   5.179   2.347   2.750   4.156   5.004
   3.059   3.738   3.758   2.750   0.545   2.579   3.591
   4.545   5.129   5.160   4.156   2.579   2.104   4.680
   5.511   6.076   5.976   5.004   3.591   4.680   3.088
