   1.926   4.367   2.842   3.014   2.819   3.696   4.722
   4.367   3.068   3.851   3.932   3.861   4.666   5.343
   2.842   3.851   1.005   2.158   1.920   2.827   3.753
   3.014   3.932   2.158   1.232   2.075   2.872   4.029
   2.819   3.861   1.920   2.075   1.026   2.800   3.902
   3.696   4.666   2.827   2.872   2.800   1.930   4.395
   4.722   5.343   3.753   4.029   3.902   4.395   3.080
