     0.000     5.188    -0.572     0.277     1.179     0.015    -1.031
     5.188     0.000     1.282     4.346     1.384     1.328     3.559
    -0.572     1.282     0.000     0.537     1.852     0.513     4.497
     0.277     4.346     0.537     0.000     4.043     4.957     1.168
     1.179     1.384     1.852     4.043     0.000     2.455     0.261
     0.015     1.328     0.513     4.957     2.455     0.000     7.203
    -1.031     3.559     4.497     1.168     0.261     7.203     0.000
