     0.000     0.477    -0.745    -0.901    -1.069    -1.012      -nan
     0.477     0.000     1.715     3.747    -0.492     0.857      -nan
    -0.745     1.715     0.000    -0.250    -0.495    -0.552      -nan
    -0.901     3.747    -0.250     0.000    -0.366     2.898      -nan
    -1.069    -0.492    -0.495    -0.366     0.000    -0.490      -nan
    -1.012     0.857    -0.552     2.898    -0.490     0.000      -nan
      -nan      -nan      -nan      -nan      -nan      -nan     0.000
