     0.000    10.753     1.562    -0.073    -1.022    -1.497    -0.409
    10.753     0.000    12.371    -1.106     0.178     1.717     1.117
     1.562    12.371     0.000    12.544     2.907     2.246    -0.501
    -0.073    -1.106    12.544     0.000     4.939     4.812    -0.062
    -1.022     0.178     2.907     4.939     0.000     9.978     3.816
    -1.497     1.717     2.246     4.812     9.978     0.000     7.099
    -0.409     1.117    -0.501    -0.062     3.816     7.099     0.000
