   1.895   4.560   3.302   3.109   2.692   3.773   4.633
   4.560   3.318   4.395   4.239   4.058   4.872   5.336
   3.302   4.395   1.593   2.514   2.394   3.440   4.036
   3.109   4.239   2.514   1.285   2.122   3.076   4.024
   2.692   4.058   2.394   2.122   0.905   2.677   3.774
   3.773   4.872   3.440   3.076   2.677   2.024   4.281
   4.633   5.336   4.036   4.024   3.774   4.281   3.081
