     0.000     6.045     0.265    -1.037     0.802     0.211     0.880
     6.045     0.000     3.265     1.087    -1.521     1.365     4.410
     0.265     3.265     0.000     5.906     0.242     0.038     6.538
    -1.037     1.087     5.906     0.000    -0.039     3.469     2.802
     0.802    -1.521     0.242    -0.039     0.000     6.629     0.880
     0.211     1.365     0.038     3.469     6.629     0.000    10.350
     0.880     4.410     6.538     2.802     0.880    10.350     0.000
