   1.978   2.267   2.285   2.128   1.978   2.537   3.423
   2.267   0.468   0.699   0.699   0.468   1.193   2.112
   2.285   0.699   0.391   0.622   0.391   1.116   2.237
   2.128   0.699   0.622   0.235   0.235   0.744   2.112
   1.978   0.468   0.391   0.235   0.000   0.744   1.908
   2.537   1.193   1.116   0.744   0.744   0.744   2.466
   3.423   2.112   2.237   2.112   1.908   2.466   1.908
