   1.909   2.481   2.335   2.535   2.811   3.288   3.460
   2.481   0.667   1.047   1.306   1.568   2.032   2.212
   2.335   1.047   0.445   1.027   1.335   1.814   2.011
   2.535   1.306   1.027   0.645   1.520   1.994   2.202
   2.811   1.568   1.335   1.520   0.914   2.209   2.438
   3.288   2.032   1.814   1.994   2.209   1.396   2.851
   3.460   2.212   2.011   2.202   2.438   2.851   1.585
