     0.000     7.539     3.283     0.929    -0.379     0.338     3.800
     7.539     0.000     3.827     0.455     0.506     3.750     5.554
     3.283     3.827     0.000    10.541    -0.466    -0.466     3.543
     0.929     0.455    10.541     0.000     3.063     6.088     2.020
    -0.379     0.506    -0.466     3.063     0.000     3.034    -0.039
     0.338     3.750    -0.466     6.088     3.034     0.000     7.049
     3.800     5.554     3.543     2.020    -0.039     7.049     0.000
