     0.000     8.229     2.472    -1.520    -0.393     1.340     1.407
     8.229     0.000     5.771     0.076    -0.552    -0.641     3.255
     2.472     5.771     0.000     5.236    -0.104     0.463     3.885
    -1.520     0.076     5.236     0.000     6.265     5.387     3.034
    -0.393    -0.552    -0.104     6.265     0.000     5.119     1.188
     1.340    -0.641     0.463     5.387     5.119     0.000    11.350
     1.407     3.255     3.885     3.034     1.188    11.350     0.000
