   1.000   0.248   0.269   0.221   0.175   0.161   0.115   0.137   0.270   0.276
   0.248   1.000   0.307   0.342   0.258   0.182   0.119   0.134   0.178   0.187
   0.269   0.307   1.000   0.276   0.278   0.196   0.115   0.111   0.212   0.192
   0.221   0.342   0.276   1.000   0.262   0.207   0.120   0.115   0.191   0.151
   0.175   0.258   0.278   0.262   1.000   0.229   0.164   0.117   0.173   0.125
   0.161   0.182   0.196   0.207   0.229   1.000   0.138   0.117   0.151   0.139
   0.115   0.119   0.115   0.120   0.164   0.138   1.000   0.135   0.148   0.072
   0.137   0.134   0.111   0.115   0.117   0.117   0.135   1.000   0.178   0.161
   0.270   0.178   0.212   0.191   0.173   0.151   0.148   0.178   1.000   0.336
   0.276   0.187   0.192   0.151   0.125   0.139   0.072   0.161   0.336   1.000
