   1.959   0.089   0.053   0.008   0.019   0.036   0.062
   0.089   0.669   0.073   0.007   0.019   0.035   0.062
   0.053   0.073   0.383   0.048   0.026   0.036   0.034
   0.008   0.007   0.048   0.620   0.027   0.036   0.033
   0.019   0.019   0.026   0.027   0.810   0.090   0.040
   0.036   0.035   0.036   0.036   0.090   1.331   0.147
   0.062   0.062   0.034   0.033   0.040   0.147   1.652
