     0.000     5.789     2.763    -1.108    -0.815    -0.549    -0.639
     5.789     0.000    10.174    -0.742     0.081     1.269     1.204
     2.763    10.174     0.000     7.107     2.183     2.256     0.284
    -1.108    -0.742     7.107     0.000     2.201     1.523    -0.019
    -0.815     0.081     2.183     2.201     0.000     5.760    -0.383
    -0.549     1.269     2.256     1.523     5.760     0.000     6.400
    -0.639     1.204     0.284    -0.019    -0.383     6.400     0.000
