     0.000     2.499     0.497     2.295     2.555     4.799     0.650
     2.499     0.000     7.500    10.432     3.573     6.469     0.920
     0.497     7.500     0.000     6.485     2.333     6.193     2.782
     2.295    10.432     6.485     0.000     5.364    10.610     8.804
     2.555     3.573     2.333     5.364     0.000     1.493     0.239
     4.799     6.469     6.193    10.610     1.493     0.000     7.966
     0.650     0.920     2.782     8.804     0.239     7.966     0.000
