  -0.050   0.064   0.069   0.064   0.005   0.054   0.084
   0.064  -0.050   0.045   0.040   0.015   0.035   0.094
   0.069   0.045  -0.059   0.050   0.020   0.054   0.089
   0.064   0.040   0.050  -0.025   0.015   0.030   0.069
   0.005   0.015   0.020   0.015  -0.020   0.025   0.020
   0.054   0.035   0.054   0.030   0.025  -0.035   0.064
   0.084   0.094   0.089   0.069   0.020   0.064  -0.045
