   1.958   0.068   0.000   0.178   0.030   0.149   0.390
   0.068   0.235   0.000   0.007   0.007   0.035   0.061
   0.000   0.000   0.000   0.000   0.000   0.000   0.000
   0.178   0.007   0.000   0.622   0.211   0.165   0.085
   0.030   0.007   0.000   0.211   0.516   0.059   0.056
   0.149   0.035   0.000   0.165   0.059   1.296   0.374
   0.390   0.061   0.000   0.085   0.056   0.374   1.753
