   1.792   0.204   0.066   0.089   0.080   0.055   0.218
   0.204   0.784   0.080   0.037   0.032   0.102   0.220
   0.066   0.080   0.278   0.073   0.063   0.052   0.091
   0.089   0.037   0.073   0.776   0.350   0.187   0.202
   0.080   0.032   0.063   0.350   0.807   0.081   0.103
   0.055   0.102   0.052   0.187   0.081   1.311   0.247
   0.218   0.220   0.091   0.202   0.103   0.247   2.294
