   1.904   2.475   2.322   2.527   2.816   3.271   3.436
   2.475   0.667   1.046   1.300   1.576   2.017   2.195
   2.322   1.046   0.440   1.023   1.338   1.797   1.988
   2.527   1.300   1.023   0.639   1.523   1.979   2.178
   2.816   1.576   1.338   1.523   0.922   2.215   2.423
   3.271   2.017   1.797   1.979   2.215   1.384   2.826
   3.436   2.195   1.988   2.178   2.423   2.826   1.566
