     0.000     2.912     1.563     1.058     2.075     1.079     1.673
     2.912     0.000    13.199     7.185     7.216     8.951     6.187
     1.563    13.199     0.000     7.440     9.068     8.160     5.891
     1.058     7.185     7.440     0.000    11.973    10.125     7.665
     2.075     7.216     9.068    11.973     0.000    11.758     5.850
     1.079     8.951     8.160    10.125    11.758     0.000    13.716
     1.673     6.187     5.891     7.665     5.850    13.716     0.000
