   1.559   0.287   0.296   0.308   0.119   0.219   0.310
   0.287   2.125   1.049   0.738   0.354   0.623   0.679
   0.296   1.049   2.860   1.151   0.486   0.837   0.951
   0.308   0.738   1.151   2.684   0.608   1.077   1.075
   0.119   0.354   0.486   0.608   1.146   0.482   0.406
   0.219   0.623   0.837   1.077   0.482   2.305   0.950
   0.310   0.679   0.951   1.075   0.406   0.950   2.878
