   1.559   3.397   4.123   3.935   2.586   3.646   4.127
   3.397   2.125   3.936   4.072   2.917   3.807   4.325
   4.123   3.936   2.860   4.394   3.520   4.329   4.787
   3.935   4.072   4.394   2.684   3.222   3.912   4.488
   2.586   2.917   3.520   3.222   1.146   2.969   3.618
   3.646   3.807   4.329   3.912   2.969   2.305   4.234
   4.127   4.325   4.787   4.488   3.618   4.234   2.878
