  -0.020   0.040   0.059   0.045   0.015   0.040   0.064
   0.040  -0.030   0.035   0.040   0.020   0.045   0.064
   0.059   0.035  -0.045   0.054   0.030   0.079   0.089
   0.045   0.040   0.054  -0.054   0.020   0.030   0.064
   0.015   0.020   0.030   0.020  -0.010   0.020   0.025
   0.040   0.045   0.079   0.030   0.020  -0.035   0.054
   0.064   0.064   0.089   0.064   0.025   0.054  -0.045
