   1.903   0.095   0.019   0.017   0.012   0.016   0.034
   0.095   0.656   0.065   0.006   0.013   0.030   0.039
   0.019   0.065   0.437   0.061   0.023   0.026   0.018
   0.017   0.006   0.061   0.642   0.037   0.047   0.027
   0.012   0.013   0.023   0.037   0.900   0.099   0.060
   0.016   0.030   0.026   0.047   0.099   1.390   0.127
   0.034   0.039   0.018   0.027   0.060   0.127   1.572
