   1.926   2.498   2.288   2.581   2.839   3.258   3.598
   2.498   0.668   1.013   1.334   1.578   1.993   2.331
   2.288   1.013   0.395   1.016   1.305   1.733   2.084
   2.581   1.334   1.016   0.673   1.573   1.991   2.354
   2.839   1.578   1.305   1.573   0.931   2.180   2.575
   3.258   1.993   1.733   1.991   2.180   1.355   2.930
   3.598   2.331   2.084   2.354   2.575   2.930   1.714
