   1.926   0.096   0.033   0.018   0.018   0.023   0.042
   0.096   0.668   0.050   0.007   0.021   0.030   0.051
   0.033   0.050   0.395   0.052   0.021   0.017   0.026
   0.018   0.007   0.052   0.673   0.031   0.038   0.034
   0.018   0.021   0.021   0.031   0.931   0.106   0.071
   0.023   0.030   0.017   0.038   0.106   1.355   0.139
   0.042   0.051   0.026   0.034   0.071   0.139   1.714
