   2.687   1.199   0.336   0.283   0.083   0.557   0.519
   1.199   3.278   0.574   0.378   0.174   0.500   0.871
   0.336   0.574   1.483   0.257   0.047   0.170   0.343
   0.283   0.378   0.257   1.110   0.071   0.247   0.381
   0.083   0.174   0.047   0.071   0.581   0.124   0.063
   0.557   0.500   0.170   0.247   0.124   1.849   0.481
   0.519   0.871   0.343   0.381   0.063   0.481   2.570
