   1.903   4.421   2.937   2.974   2.766   3.569   4.582
   4.421   3.177   4.000   4.087   3.952   4.805   5.354
   2.937   4.000   1.242   2.133   2.116   2.959   3.935
   2.974   4.087   2.133   1.120   1.869   2.705   3.837
   2.766   3.952   2.116   1.869   0.938   2.574   3.764
   3.569   4.805   2.959   2.705   2.574   1.829   4.240
   4.582   5.354   3.935   3.837   3.764   4.240   3.025
