   1.903   0.659   0.208   0.049   0.074   0.162   0.346
   0.659   3.177   0.418   0.210   0.163   0.201   0.848
   0.208   0.418   1.242   0.229   0.063   0.111   0.331
   0.049   0.210   0.229   1.120   0.188   0.243   0.308
   0.074   0.163   0.063   0.188   0.938   0.192   0.199
   0.162   0.201   0.111   0.243   0.192   1.829   0.613
   0.346   0.848   0.331   0.308   0.199   0.613   3.025
