   1.901   2.315   2.075   2.075   2.475   3.085   1.901
   2.315   0.622   0.699   0.699   1.212   1.768   0.622
   2.075   0.699   0.235   0.468   0.845   1.496   0.235
   2.075   0.699   0.468   0.235   0.845   1.373   0.235
   2.475   1.212   0.845   0.845   0.619   1.880   0.619
   3.085   1.768   1.496   1.373   1.880   1.296   1.296
   1.901   0.622   0.235   0.235   0.619   1.296   0.000
