   1.905   0.090   0.020   0.016   0.010   0.017   0.029
   0.090   0.634   0.058   0.005   0.012   0.030   0.034
   0.020   0.058   0.413   0.053   0.023   0.025   0.017
   0.016   0.005   0.053   0.628   0.042   0.043   0.025
   0.010   0.012   0.023   0.042   0.906   0.092   0.067
   0.017   0.030   0.025   0.043   0.092   1.395   0.130
   0.029   0.034   0.017   0.025   0.067   0.130   1.686
