     0.000    14.333     0.938     0.277    -0.958    -1.207    -1.132
    14.333     0.000    12.616    -1.013     0.100     1.872     0.549
     0.938    12.616     0.000     8.122     2.650     2.972    -0.587
     0.277    -1.013     8.122     0.000     4.315     4.663    -0.296
    -0.958     0.100     2.650     4.315     0.000    12.004     4.719
    -1.207     1.872     2.972     4.663    12.004     0.000     9.687
    -1.132     0.549    -0.587    -0.296     4.719     9.687     0.000
