   1.032   0.166   0.305   0.221   0.032   0.084   0.201
   0.166   2.502   0.752   0.542   0.086   0.291   0.419
   0.305   0.752   2.915   0.975   0.064   0.373   0.681
   0.221   0.542   0.975   2.506   0.293   0.521   0.698
   0.032   0.086   0.064   0.293   0.442   0.077   0.118
   0.084   0.291   0.373   0.521   0.077   2.043   0.727
   0.201   0.419   0.681   0.698   0.118   0.727   2.819
