   2.293   3.321   3.186   2.502   2.742   2.859   3.300   2.859   3.226   3.755
   3.321   1.418   2.142   1.817   1.890   1.996   2.529   2.008   2.348   3.062
   3.186   2.142   1.058   1.392   1.601   1.746   2.254   1.652   1.643   2.762
   2.502   1.817   1.392   0.459   1.080   1.187   1.704   1.187   1.447   2.552
   2.742   1.890   1.601   1.080   0.684   1.275   1.954   1.380   1.612   2.606
   2.859   1.996   1.746   1.187   1.275   0.754   1.994   1.507   1.718   2.762
   3.300   2.529   2.254   1.704   1.954   1.994   1.318   2.059   2.281   3.337
   2.859   2.008   1.652   1.187   1.380   1.507   2.059   0.794   1.683   2.791
   3.226   2.348   1.643   1.447   1.612   1.718   2.281   1.683   0.999   2.869
   3.755   3.062   2.762   2.552   2.606   2.762   3.337   2.791   2.869   2.214
