  -0.030   0.069   0.030   0.025   0.010   0.045   0.079
   0.069  -0.050   0.045   0.050   0.030   0.109   0.139
   0.030   0.045  -0.025   0.015   0.010   0.035   0.054
   0.025   0.050   0.015  -0.015   0.005   0.015   0.035
   0.010   0.030   0.010   0.005  -0.015   0.015   0.020
   0.045   0.109   0.035   0.015   0.015  -0.025   0.064
   0.079   0.139   0.054   0.035   0.020   0.064  -0.050
