     0.000     6.728     1.494     0.874     0.589     1.989     1.090
     6.728     0.000     2.894     0.660     0.759    -0.186     2.646
     1.494     2.894     0.000     9.357     0.300    -0.123     2.042
     0.874     0.660     9.357     0.000     0.807     3.956     4.478
     0.589     0.759     0.300     0.807     0.000     0.811     1.130
     1.989    -0.186    -0.123     3.956     0.811     0.000     9.044
     1.090     2.646     2.042     4.478     1.130     9.044     0.000
