   1.000   0.086   0.033   0.036   0.032   0.018   0.056
   0.086   1.000   0.081   0.024   0.020   0.051   0.077
   0.033   0.081   1.000   0.074   0.062   0.034   0.037
   0.036   0.024   0.074   1.000   0.284   0.099   0.070
   0.032   0.020   0.062   0.284   1.000   0.040   0.034
   0.018   0.051   0.034   0.099   0.040   1.000   0.073
   0.056   0.077   0.037   0.070   0.034   0.073   1.000
