   1.000   0.038   0.030   0.027   0.027   0.013   0.047
   0.038   1.000   0.037   0.018   0.010   0.030   0.056
   0.030   0.037   1.000   0.116   0.020   0.019   0.019
   0.027   0.018   0.116   1.000   0.097   0.068   0.066
   0.027   0.010   0.020   0.097   1.000   0.047   0.032
   0.013   0.030   0.019   0.068   0.047   1.000   0.069
   0.047   0.056   0.019   0.066   0.032   0.069   1.000
