   1.000   0.031   0.024   0.012   0.028   0.017   0.051
   0.031   1.000   0.028   0.016   0.011   0.030   0.049
   0.024   0.028   1.000   0.149   0.011   0.022   0.018
   0.012   0.016   0.149   1.000   0.061   0.050   0.044
   0.028   0.011   0.011   0.061   1.000   0.039   0.027
   0.017   0.030   0.022   0.050   0.039   1.000   0.074
   0.051   0.049   0.018   0.044   0.027   0.074   1.000
