   1.000   0.037   0.019   0.006   0.014   0.020   0.030
   0.037   1.000   0.038   0.007   0.007   0.018   0.047
   0.019   0.038   1.000   0.083   0.020   0.018   0.024
   0.006   0.007   0.083   1.000   0.018   0.013   0.025
   0.014   0.007   0.020   0.018   1.000   0.053   0.021
   0.020   0.018   0.018   0.013   0.053   1.000   0.049
   0.030   0.047   0.024   0.025   0.021   0.049   1.000
