   1.000   0.036   0.025   0.006   0.011   0.014   0.026
   0.036   1.000   0.072   0.006   0.014   0.023   0.049
   0.025   0.072   1.000   0.067   0.028   0.025   0.023
   0.006   0.006   0.067   1.000   0.019   0.023   0.021
   0.011   0.014   0.028   0.019   1.000   0.049   0.023
   0.014   0.023   0.025   0.023   0.049   1.000   0.044
   0.026   0.049   0.023   0.021   0.023   0.044   1.000
