   1.000   0.036   0.024   0.006   0.010   0.013   0.024
   0.036   1.000   0.073   0.006   0.014   0.022   0.049
   0.024   0.073   1.000   0.065   0.029   0.024   0.023
   0.006   0.006   0.065   1.000   0.018   0.019   0.020
   0.010   0.014   0.029   0.018   1.000   0.047   0.022
   0.013   0.022   0.024   0.019   0.047   1.000   0.043
   0.024   0.049   0.023   0.020   0.022   0.043   1.000
