   1.000   0.034   0.021   0.005   0.008   0.010   0.019
   0.034   1.000   0.062   0.006   0.014   0.020   0.042
   0.021   0.062   1.000   0.060   0.027   0.023   0.021
   0.005   0.006   0.060   1.000   0.018   0.019   0.018
   0.008   0.014   0.027   0.018   1.000   0.042   0.019
   0.010   0.020   0.023   0.019   0.042   1.000   0.041
   0.019   0.042   0.021   0.018   0.019   0.041   1.000
