   1.000   0.035   0.022   0.004   0.008   0.010   0.017
   0.035   1.000   0.067   0.006   0.014   0.019   0.034
   0.022   0.067   1.000   0.053   0.026   0.024   0.016
   0.004   0.006   0.053   1.000   0.019   0.018   0.015
   0.008   0.014   0.026   0.019   1.000   0.042   0.017
   0.010   0.019   0.024   0.018   0.042   1.000   0.039
   0.017   0.034   0.016   0.015   0.017   0.039   1.000
