   1.000   0.035   0.018   0.007   0.007   0.009   0.014
   0.035   1.000   0.059   0.005   0.013   0.013   0.024
   0.018   0.059   1.000   0.057   0.018   0.016   0.014
   0.007   0.005   0.057   1.000   0.020   0.020   0.014
   0.007   0.013   0.018   0.020   1.000   0.051   0.027
   0.009   0.013   0.016   0.020   0.051   1.000   0.046
   0.014   0.024   0.014   0.014   0.027   0.046   1.000
