   1.000   0.038   0.015   0.007   0.006   0.007   0.012
   0.038   1.000   0.049   0.005   0.014   0.015   0.022
   0.015   0.049   1.000   0.052   0.016   0.010   0.012
   0.007   0.005   0.052   1.000   0.020   0.019   0.014
   0.006   0.014   0.016   0.020   1.000   0.049   0.027
   0.007   0.015   0.010   0.019   0.049   1.000   0.047
   0.012   0.022   0.012   0.014   0.027   0.047   1.000
