   1.000   0.039   0.015   0.006   0.005   0.008   0.013
   0.039   1.000   0.046   0.005   0.014   0.015   0.021
   0.015   0.046   1.000   0.058   0.013   0.012   0.011
   0.006   0.005   0.058   1.000   0.025   0.024   0.014
   0.005   0.014   0.013   0.025   1.000   0.050   0.026
   0.008   0.015   0.012   0.024   0.050   1.000   0.053
   0.013   0.021   0.011   0.014   0.026   0.053   1.000
