   1.000   0.036   0.014   0.007   0.005   0.009   0.012
   0.036   1.000   0.053   0.002   0.009   0.015   0.021
   0.014   0.053   1.000   0.055   0.014   0.012   0.011
   0.007   0.002   0.055   1.000   0.025   0.023   0.013
   0.005   0.009   0.014   0.025   1.000   0.048   0.025
   0.009   0.015   0.012   0.023   0.048   1.000   0.050
   0.012   0.021   0.011   0.013   0.025   0.050   1.000
