   1.000   0.039   0.014   0.007   0.005   0.009   0.011
   0.039   1.000   0.057   0.003   0.010   0.015   0.019
   0.014   0.057   1.000   0.050   0.017   0.013   0.010
   0.007   0.003   0.050   1.000   0.024   0.023   0.013
   0.005   0.010   0.017   0.024   1.000   0.048   0.025
   0.009   0.015   0.013   0.023   0.048   1.000   0.050
   0.011   0.019   0.010   0.013   0.025   0.050   1.000
