   1.000   0.039   0.014   0.007   0.005   0.008   0.011
   0.039   1.000   0.063   0.003   0.009   0.014   0.019
   0.014   0.063   1.000   0.048   0.016   0.013   0.010
   0.007   0.003   0.048   1.000   0.024   0.024   0.013
   0.005   0.009   0.016   0.024   1.000   0.047   0.025
   0.008   0.014   0.013   0.024   0.047   1.000   0.049
   0.011   0.019   0.010   0.013   0.025   0.049   1.000
