   1.000   0.072   0.016   0.021   0.047   0.013   0.040
   0.072   1.000   0.006   0.022   0.019   0.075   0.085
   0.016   0.006   1.000   0.006   0.005   0.027   0.017
   0.021   0.022   0.006   1.000   0.283   0.075   0.067
   0.047   0.019   0.005   0.283   1.000   0.028   0.044
   0.013   0.075   0.027   0.075   0.028   1.000   0.074
   0.040   0.085   0.017   0.067   0.044   0.074   1.000
