   1.000   0.039   0.010   0.008   0.004   0.006   0.010
   0.039   1.000   0.058   0.005   0.009   0.014   0.019
   0.010   0.058   1.000   0.061   0.018   0.014   0.009
   0.008   0.005   0.061   1.000   0.025   0.023   0.012
   0.004   0.009   0.018   0.025   1.000   0.045   0.025
   0.006   0.014   0.014   0.023   0.045   1.000   0.046
   0.010   0.019   0.009   0.012   0.025   0.046   1.000
