   1.000   0.039   0.008   0.007   0.004   0.005   0.010
   0.039   1.000   0.062   0.004   0.008   0.015   0.018
   0.008   0.062   1.000   0.061   0.017   0.014   0.009
   0.007   0.004   0.061   1.000   0.025   0.023   0.012
   0.004   0.008   0.017   0.025   1.000   0.045   0.025
   0.005   0.015   0.014   0.023   0.045   1.000   0.045
   0.010   0.018   0.009   0.012   0.025   0.045   1.000
