   1.000   0.038   0.008   0.007   0.004   0.005   0.010
   0.038   1.000   0.063   0.004   0.008   0.015   0.018
   0.008   0.063   1.000   0.060   0.018   0.014   0.009
   0.007   0.004   0.060   1.000   0.025   0.024   0.012
   0.004   0.008   0.018   0.025   1.000   0.045   0.025
   0.005   0.015   0.014   0.024   0.045   1.000   0.045
   0.010   0.018   0.009   0.012   0.025   0.045   1.000
