   1.000   0.039   0.009   0.006   0.003   0.005   0.010
   0.039   1.000   0.058   0.004   0.008   0.017   0.018
   0.009   0.058   1.000   0.055   0.018   0.015   0.010
   0.006   0.004   0.055   1.000   0.025   0.022   0.013
   0.003   0.008   0.018   0.025   1.000   0.041   0.027
   0.005   0.017   0.015   0.022   0.041   1.000   0.044
   0.010   0.018   0.010   0.013   0.027   0.044   1.000
