   1.000   0.037   0.009   0.006   0.003   0.005   0.009
   0.037   1.000   0.058   0.004   0.008   0.015   0.016
   0.009   0.058   1.000   0.053   0.018   0.014   0.009
   0.006   0.004   0.053   1.000   0.028   0.022   0.011
   0.003   0.008   0.018   0.028   1.000   0.042   0.027
   0.005   0.015   0.014   0.022   0.042   1.000   0.046
   0.009   0.016   0.009   0.011   0.027   0.046   1.000
