   1.000   0.037   0.009   0.006   0.003   0.005   0.008
   0.037   1.000   0.059   0.004   0.008   0.015   0.015
   0.009   0.059   1.000   0.054   0.018   0.014   0.008
   0.006   0.004   0.054   1.000   0.028   0.022   0.011
   0.003   0.008   0.018   0.028   1.000   0.042   0.026
   0.005   0.015   0.014   0.022   0.042   1.000   0.044
   0.008   0.015   0.008   0.011   0.026   0.044   1.000
