  -0.006   0.029   0.040   0.022   0.009   0.023   0.034
   0.029  -0.006   0.029   0.019   0.010   0.019   0.031
   0.040   0.029  -0.007   0.025   0.010   0.024   0.035
   0.022   0.019   0.025  -0.004   0.004   0.011   0.018
   0.009   0.010   0.010   0.004  -0.001   0.006   0.007
   0.023   0.019   0.024   0.011   0.006  -0.002   0.013
   0.034   0.031   0.035   0.018   0.007   0.013  -0.004
