   2.766   0.902   0.325   0.215   0.073   0.155   0.185
   0.902   3.372   0.847   0.502   0.112   0.303   0.356
   0.325   0.847   3.372   0.468   0.087   0.266   0.467
   0.215   0.502   0.468   2.324   0.146   0.324   0.456
   0.073   0.112   0.087   0.146   0.569   0.077   0.046
   0.155   0.303   0.266   0.324   0.077   2.127   0.533
   0.185   0.356   0.467   0.456   0.046   0.533   3.130
