   0.717   2.849   3.093   2.540   1.116   2.413   3.474
   2.849   2.214   4.160   3.771   2.551   3.820   4.770
   3.093   4.160   2.507   3.980   2.746   3.958   4.804
   2.540   3.771   3.980   1.901   2.175   3.338   4.240
   1.116   2.551   2.746   2.175   0.412   2.019   3.188
   2.413   3.820   3.958   3.338   2.019   1.718   4.087
   3.474   4.770   4.804   4.240   3.188   4.087   2.885
