   0.717   0.082   0.131   0.078   0.013   0.023   0.128
   0.082   2.214   0.560   0.344   0.075   0.112   0.330
   0.131   0.560   2.507   0.429   0.173   0.268   0.588
   0.078   0.344   0.429   1.901   0.138   0.282   0.546
   0.013   0.075   0.173   0.138   0.412   0.111   0.110
   0.023   0.112   0.268   0.282   0.111   1.718   0.516
   0.128   0.330   0.588   0.546   0.110   0.516   2.885
