     0.000     0.226     1.135     0.230    -0.830    -1.256    -0.008
     0.226     0.000     5.156     3.331    -0.467    -1.158     0.383
     1.135     5.156     0.000     3.203     2.029     0.773     2.379
     0.230     3.331     3.203     0.000     2.428     2.390     5.147
    -0.830    -0.467     2.029     2.428     0.000     2.643    -0.597
    -1.256    -1.158     0.773     2.390     2.643     0.000     4.935
    -0.008     0.383     2.379     5.147    -0.597     4.935     0.000
