     0.000     0.087     0.315     0.140    -0.642    -1.245     0.194
     0.087     0.000     5.941     3.304    -0.336    -1.521     0.960
     0.315     5.941     0.000     2.504     3.263     0.516     2.023
     0.140     3.304     2.504     0.000     2.319     2.371     4.524
    -0.642    -0.336     3.263     2.319     0.000     1.665    -0.680
    -1.245    -1.521     0.516     2.371     1.665     0.000     5.163
     0.194     0.960     2.023     4.524    -0.680     5.163     0.000
