   2.766   5.236   5.813   4.874   3.263   4.738   5.711
   5.236   3.372   5.897   5.193   3.829   5.196   6.146
   5.813   5.897   3.372   5.227   3.855   5.232   6.035
   4.874   5.193   5.227   2.324   2.747   4.126   4.998
   3.263   3.829   3.855   2.747   0.569   2.619   3.653
   4.738   5.196   5.232   4.126   2.619   2.127   4.723
   5.711   6.146   6.035   4.998   3.653   4.723   3.130
