   1.000   0.031   0.054   0.026   0.076   0.056   0.085
   0.031   1.000   0.050   0.051   0.037   0.071   0.109
   0.054   0.050   1.000   0.629   0.048   0.069   0.156
   0.026   0.051   0.629   1.000   0.048   0.038   0.192
   0.076   0.037   0.048   0.048   1.000   0.196   0.225
   0.056   0.071   0.069   0.038   0.196   1.000   0.136
   0.085   0.109   0.156   0.192   0.225   0.136   1.000
