   1.000   0.090   0.027   0.100   0.116   0.118   0.048
   0.090   1.000   0.008   0.022   0.126   0.158   0.018
   0.027   0.008   1.000   0.152   0.056   0.011   0.008
   0.100   0.022   0.152   1.000   0.021   0.038   0.022
   0.116   0.126   0.056   0.021   1.000   0.222   0.044
   0.118   0.158   0.011   0.038   0.222   1.000   0.090
   0.048   0.018   0.008   0.022   0.044   0.090   1.000
