   1.000   0.071   0.065   0.058   0.063   0.048   0.077
   0.071   1.000   0.282   0.020   0.014   0.116   0.022
   0.065   0.282   1.000   0.015   0.011   0.200   0.016
   0.058   0.020   0.015   1.000   0.016   0.005   0.024
   0.063   0.014   0.011   0.016   1.000   0.030   0.017
   0.048   0.116   0.200   0.005   0.030   1.000   0.053
   0.077   0.022   0.016   0.024   0.017   0.053   1.000
