   1.000   0.100   0.054   0.135   0.031   0.078   0.081
   0.100   1.000   0.013   0.017   0.016   0.075   0.016
   0.054   0.013   1.000   0.248   0.052   0.040   0.270
   0.135   0.017   0.248   1.000   0.050   0.037   0.122
   0.031   0.016   0.052   0.050   1.000   0.086   0.114
   0.078   0.075   0.040   0.037   0.086   1.000   0.012
   0.081   0.016   0.270   0.122   0.114   0.012   1.000
