   1.000   0.134   0.054   0.032   0.118   0.072   0.027
   0.134   1.000   0.133   0.009   0.069   0.074   0.032
   0.054   0.133   1.000   0.226   0.074   0.180   0.027
   0.032   0.009   0.226   1.000   0.186   0.150   0.011
   0.118   0.069   0.074   0.186   1.000   0.114   0.033
   0.072   0.074   0.180   0.150   0.114   1.000   0.219
   0.027   0.032   0.027   0.011   0.033   0.219   1.000
