   1.000   0.056   0.039   0.098   0.145   0.086   0.024
   0.056   1.000   0.307   0.116   0.096   0.011   0.000
   0.039   0.307   1.000   0.171   0.275   0.027   0.027
   0.098   0.116   0.171   1.000   0.102   0.094   0.066
   0.145   0.096   0.275   0.102   1.000   0.102   0.037
   0.086   0.011   0.027   0.094   0.102   1.000   0.062
   0.024   0.000   0.027   0.066   0.037   0.062   1.000
