   1.000   0.090   0.029   0.029   0.018   0.036   0.000
   0.090   1.000   0.226   0.226   0.025   0.085   0.000
   0.029   0.226   1.000   0.005   0.011   0.024   0.000
   0.029   0.226   0.005   1.000   0.011   0.115   0.000
   0.018   0.025   0.011   0.011   1.000   0.019   0.000
   0.036   0.085   0.024   0.115   0.019   1.000   0.000
   0.000   0.000   0.000   0.000   0.000   0.000    -nan
