   1.549   2.115   2.059   1.729   2.076   2.905   2.331
   2.115   0.850   1.299   1.076   1.519   2.250   1.643
   2.059   1.299   0.622   0.699   1.299   1.854   1.429
   1.729   1.076   0.699   0.235   0.850   1.565   1.068
   2.076   1.519   1.299   0.850   0.773   2.100   1.566
   2.905   2.250   1.854   1.565   2.100   1.565   1.977
   2.331   1.643   1.429   1.068   1.566   1.977   0.845
