   1.175   3.358   3.227   2.574   1.493   2.770   3.558
   3.358   2.496   4.133   3.741   2.690   3.985   4.870
   3.227   4.133   2.376   3.674   2.614   3.800   4.579
   2.574   3.741   3.674   1.520   1.807   3.077   3.741
   1.493   2.690   2.614   1.807   0.332   2.022   2.900
   2.770   3.985   3.800   3.077   2.022   1.761   3.833
   3.558   4.870   4.579   3.741   2.900   3.833   2.652
