   1.175   0.313   0.324   0.121   0.015   0.166   0.269
   0.313   2.496   0.739   0.275   0.139   0.272   0.279
   0.324   0.739   2.376   0.222   0.094   0.338   0.449
   0.121   0.275   0.222   1.520   0.046   0.205   0.431
   0.015   0.139   0.094   0.046   0.332   0.072   0.084
   0.166   0.272   0.338   0.205   0.072   1.761   0.581
   0.269   0.279   0.449   0.431   0.084   0.581   2.652
