  -0.007   0.035   0.045   0.025   0.010   0.027   0.041
   0.035  -0.007   0.029   0.020   0.011   0.022   0.035
   0.045   0.029  -0.008   0.023   0.009   0.025   0.037
   0.025   0.020   0.023  -0.005   0.005   0.012   0.019
   0.010   0.011   0.009   0.005  -0.002   0.007   0.009
   0.027   0.022   0.025   0.012   0.007  -0.003   0.016
   0.041   0.035   0.037   0.019   0.009   0.016  -0.005
