     0.000     4.355     1.138    -0.578    -0.280     0.917    -0.730
     4.355     0.000     0.998     2.560    -0.870     1.958    -0.039
     1.138     0.998     0.000     4.631     3.105     0.111     0.163
    -0.578     2.560     4.631     0.000     2.565     0.045     3.518
    -0.280    -0.870     3.105     2.565     0.000    -0.325    -1.115
     0.917     1.958     0.111     0.045    -0.325     0.000     6.326
    -0.730    -0.039     0.163     3.518    -1.115     6.326     0.000
