     0.000     5.129     0.642    -0.644    -0.444     0.969    -0.508
     5.129     0.000     0.755     2.832    -0.926     3.063    -0.366
     0.642     0.755     0.000     5.914     4.040     0.362     0.097
    -0.644     2.832     5.914     0.000     3.556    -0.292     3.140
    -0.444    -0.926     4.040     3.556     0.000    -0.239    -1.050
     0.969     3.063     0.362    -0.292    -0.239     0.000     7.038
    -0.508    -0.366     0.097     3.140    -1.050     7.038     0.000
