   2.929   0.886   0.291   0.216   0.082   0.192   0.206
   0.886   3.281   0.751   0.525   0.131   0.370   0.377
   0.291   0.751   3.132   0.447   0.104   0.262   0.415
   0.216   0.525   0.447   2.304   0.157   0.365   0.472
   0.082   0.131   0.104   0.157   0.598   0.091   0.058
   0.192   0.370   0.262   0.365   0.091   2.188   0.537
   0.206   0.377   0.415   0.472   0.058   0.537   3.130
