   0.927   2.832   2.990   2.675   1.004   2.629   3.378
   2.832   2.221   4.107   3.702   2.289   3.735   4.522
   2.990   4.107   2.255   3.555   2.255   3.829   4.487
   2.675   3.702   3.555   1.850   1.850   3.497   4.029
   1.004   2.289   2.255   1.850   0.080   1.909   2.644
   2.629   3.735   3.829   3.497   1.909   1.844   3.960
   3.378   4.522   4.487   4.029   2.644   3.960   2.582
