     0.000     2.764    -0.354    -0.138    -0.385    -0.596    -0.221
     2.764     0.000     1.593    -0.664    -0.702     1.367     1.304
    -0.354     1.593     0.000     1.441     0.556    -0.064     0.039
    -0.138    -0.664     1.441     0.000    13.017     3.124     0.965
    -0.385    -0.702     0.556    13.017     0.000     0.518    -1.004
    -0.596     1.367    -0.064     3.124     0.518     0.000     1.577
    -0.221     1.304     0.039     0.965    -1.004     1.577     0.000
