     0.000     0.383     2.050    -0.535     0.303     1.061     1.974
     0.383     0.000     7.538     1.782    -0.868     2.390     2.584
     2.050     7.538     0.000     2.686     0.746     0.780     3.017
    -0.535     1.782     2.686     0.000     2.470     4.628     5.104
     0.303    -0.868     0.746     2.470     0.000     2.519     1.195
     1.061     2.390     0.780     4.628     2.519     0.000     4.129
     1.974     2.584     3.017     5.104     1.195     4.129     0.000
