   1.002   3.211   3.209   3.015   1.392   2.832   3.565
   3.211   2.387   4.193   4.133   2.759   4.014   4.719
   3.209   4.193   2.474   4.098   2.783   4.110   4.662
   3.015   4.133   4.098   2.141   2.431   3.681   4.352
   1.392   2.759   2.783   2.431   0.443   2.288   3.133
   2.832   4.014   4.110   3.681   2.288   2.002   4.224
   3.565   4.719   4.662   4.352   3.133   4.224   2.841
