  -0.020   0.045   0.030   0.020   0.005   0.025   0.040
   0.045  -0.035   0.054   0.045   0.020   0.059   0.089
   0.030   0.054  -0.050   0.059   0.010   0.064   0.079
   0.020   0.045   0.059  -0.045   0.005   0.035   0.059
   0.005   0.020   0.010   0.005  -0.015   0.010   0.015
   0.025   0.059   0.064   0.035   0.010  -0.030   0.074
   0.040   0.089   0.079   0.059   0.015   0.074  -0.045
