     0.000     0.652     2.185    -0.610     0.315     0.758     1.428
     0.652     0.000     6.305     1.450    -0.829     2.276     2.400
     2.185     6.305     0.000     2.455     0.994     0.747     3.254
    -0.610     1.450     2.455     0.000     2.027     3.782     4.552
     0.315    -0.829     0.994     2.027     0.000     2.980     1.256
     0.758     2.276     0.747     3.782     2.980     0.000     4.932
     1.428     2.400     3.254     4.552     1.256     4.932     0.000
