   2.993   5.400   5.856   5.076   3.536   4.995   5.922
   5.400   3.299   5.686   5.074   3.790   5.118   6.050
   5.856   5.686   3.173   5.013   3.691   5.101   5.871
   5.076   5.074   5.013   2.300   2.768   4.115   4.964
   3.536   3.790   3.691   2.768   0.627   2.735   3.705
   4.995   5.118   5.101   4.115   2.735   2.208   4.792
   5.922   6.050   5.871   4.964   3.705   4.792   3.143
