   2.993   0.892   0.310   0.217   0.084   0.206   0.214
   0.892   3.299   0.787   0.526   0.136   0.390   0.392
   0.310   0.787   3.173   0.460   0.109   0.280   0.445
   0.217   0.526   0.460   2.300   0.160   0.393   0.480
   0.084   0.136   0.109   0.160   0.627   0.100   0.065
   0.206   0.390   0.280   0.393   0.100   2.208   0.559
   0.214   0.392   0.445   0.480   0.065   0.559   3.143
