  -0.008   0.038   0.047   0.025   0.011   0.029   0.043
   0.038  -0.007   0.031   0.022   0.012   0.023   0.037
   0.047   0.031  -0.008   0.023   0.009   0.027   0.040
   0.025   0.022   0.023  -0.006   0.005   0.013   0.020
   0.011   0.012   0.009   0.005  -0.002   0.007   0.009
   0.029   0.023   0.027   0.013   0.007  -0.003   0.017
   0.043   0.037   0.040   0.020   0.009   0.017  -0.005
