   1.958   2.125   1.958   2.401   2.444   3.105   3.321
   2.125   0.235   0.235   0.850   0.744   1.496   1.927
   1.958   0.235   0.000   0.622   0.516   1.296   1.753
   2.401   0.850   0.622   0.622   0.927   1.753   2.290
   2.444   0.744   0.516   0.927   0.516   1.753   2.213
   3.105   1.496   1.296   1.753   1.753   1.296   2.675
   3.321   1.927   1.753   2.290   2.213   2.675   1.753
