   3.120   4.399   3.955   4.052   4.133   4.127   4.501   4.695   4.656   4.306
   4.399   2.372   3.270   3.129   3.266   3.421   3.818   4.047   4.382   3.998
   3.955   3.270   1.902   2.923   2.845   2.986   3.408   3.705   3.872   3.585
   4.052   3.129   2.923   1.828   2.823   2.899   3.328   3.626   3.879   3.649
   4.133   3.266   2.845   2.823   1.735   2.770   3.121   3.538   3.859   3.651
   4.127   3.421   2.986   2.899   2.770   1.670   3.137   3.478   3.876   3.550
   4.501   3.818   3.408   3.328   3.121   3.137   1.900   3.627   4.085   3.986
   4.695   4.047   3.705   3.626   3.538   3.478   3.627   2.216   4.251   3.953
   4.656   4.382   3.872   3.879   3.859   3.876   4.085   4.251   2.792   3.867
   4.306   3.998   3.585   3.649   3.651   3.550   3.986   3.953   3.867   2.373
