  -0.050   0.064   0.040   0.030   0.054   0.054   0.059   0.079   0.069   0.059
   0.064  -0.040   0.020   0.010   0.025   0.030   0.045   0.045   0.064   0.040
   0.040   0.020  -0.025   0.015   0.015   0.025   0.020   0.030   0.040   0.025
   0.030   0.010   0.015  -0.025   0.015   0.025   0.035   0.045   0.045   0.025
   0.054   0.025   0.015   0.015  -0.030   0.035   0.020   0.040   0.045   0.030
   0.054   0.030   0.025   0.025   0.035  -0.020   0.035   0.045   0.045   0.025
   0.059   0.045   0.020   0.035   0.020   0.035  -0.030   0.040   0.050   0.045
   0.079   0.045   0.030   0.045   0.040   0.045   0.040  -0.035   0.064   0.035
   0.069   0.064   0.040   0.045   0.045   0.045   0.050   0.064  -0.035   0.020
   0.059   0.040   0.025   0.025   0.030   0.025   0.045   0.035   0.020  -0.040
