     0.000     3.611     1.097     0.962    -0.659     0.565     1.177
     3.611     0.000     9.733     1.601    -0.384     0.373     1.442
     1.097     9.733     0.000     3.872     2.212     6.974     5.932
     0.962     1.601     3.872     0.000     3.420     3.794     3.745
    -0.659    -0.384     2.212     3.420     0.000     0.515     0.882
     0.565     0.373     6.974     3.794     0.515     0.000     8.196
     1.177     1.442     5.932     3.745     0.882     8.196     0.000
