   1.498   0.082   0.076   0.089   0.271   0.258   0.275
   0.082   0.391   0.005   0.036   0.102   0.100   0.205
   0.076   0.005   0.235   0.129   0.031   0.021   0.049
   0.089   0.036   0.129   1.106   0.148   0.290   0.134
   0.271   0.102   0.031   0.148   0.983   0.220   0.073
   0.258   0.100   0.021   0.290   0.220   1.477   0.428
   0.275   0.205   0.049   0.134   0.073   0.428   1.651
