     0.000     1.385     0.503    -0.518    -0.155     0.633     0.202
     1.385     0.000     4.599     1.820     2.591     0.170     2.532
     0.503     4.599     0.000     3.104     0.010     1.457     2.951
    -0.518     1.820     3.104     0.000     6.637     5.084     1.521
    -0.155     2.591     0.010     6.637     0.000     7.253     7.049
     0.633     0.170     1.457     5.084     7.253     0.000     5.023
     0.202     2.532     2.951     1.521     7.049     5.023     0.000
