     0.000     1.710     0.562    -0.358    -0.084     0.691     0.304
     1.710     0.000     6.502     1.736     2.115     0.099     2.700
     0.562     6.502     0.000     2.321     0.246     2.205     3.570
    -0.358     1.736     2.321     0.000     7.575     5.656     1.760
    -0.084     2.115     0.246     7.575     0.000     6.919     8.960
     0.691     0.099     2.205     5.656     6.919     0.000     6.138
     0.304     2.700     3.570     1.760     8.960     6.138     0.000
