  -0.014   0.055   0.064   0.039   0.016   0.044   0.066
   0.055  -0.013   0.046   0.031   0.016   0.038   0.063
   0.064   0.046  -0.016   0.034   0.014   0.043   0.063
   0.039   0.031   0.034  -0.010   0.007   0.021   0.031
   0.016   0.016   0.014   0.007  -0.004   0.012   0.014
   0.044   0.038   0.043   0.021   0.012  -0.006   0.029
   0.066   0.063   0.063   0.031   0.014   0.029  -0.009
