   3.074   1.041   0.515   0.254   0.125   0.277   0.350
   1.041   3.375   1.000   0.590   0.195   0.445   0.514
   0.515   1.000   3.361   0.621   0.143   0.381   0.630
   0.254   0.590   0.621   2.383   0.177   0.455   0.544
   0.125   0.195   0.143   0.177   0.690   0.115   0.089
   0.277   0.445   0.381   0.455   0.115   2.249   0.587
   0.350   0.514   0.630   0.544   0.089   0.587   3.250
