   2.475   0.487   0.580   0.218   0.118   0.289   0.464
   0.487   2.151   0.654   0.208   0.163   0.154   0.429
   0.580   0.654   2.971   0.305   0.137   0.287   0.644
   0.218   0.208   0.305   1.539   0.240   0.235   0.235
   0.118   0.163   0.137   0.240   0.543   0.221   0.319
   0.289   0.154   0.287   0.235   0.221   1.639   0.420
   0.464   0.429   0.644   0.235   0.319   0.420   2.529
