   3.074   5.408   5.920   5.203   3.639   5.046   5.974
   5.408   3.375   5.736   5.168   3.870   5.178   6.111
   5.920   5.736   3.361   5.123   3.908   5.228   5.981
   5.203   5.168   5.123   2.383   2.896   4.176   5.088
   3.639   3.870   3.908   2.896   0.690   2.824   3.850
   5.046   5.178   5.228   4.176   2.824   2.249   4.911
   5.974   6.111   5.981   5.088   3.850   4.911   3.250
