   3.105   0.956   0.970   0.790   0.593   0.569   0.307   0.515   1.168   1.221
   0.956   2.213   0.892   0.983   0.650   0.478   0.194   0.336   0.595   0.721
   0.970   0.892   1.794   0.698   0.594   0.418   0.159   0.260   0.663   0.661
   0.790   0.983   0.698   1.673   0.579   0.460   0.207   0.270   0.600   0.498
   0.593   0.650   0.594   0.579   1.410   0.389   0.137   0.111   0.394   0.389
   0.569   0.478   0.418   0.460   0.389   1.421   0.137   0.153   0.376   0.422
   0.307   0.194   0.159   0.207   0.137   0.137   1.442   0.146   0.232   0.192
   0.515   0.336   0.260   0.270   0.111   0.153   0.146   1.891   0.521   0.569
   1.168   0.595   0.663   0.600   0.394   0.376   0.232   0.521   2.592   1.283
   1.221   0.721   0.661   0.498   0.389   0.422   0.192   0.569   1.283   2.472
