   1.790   2.482   1.790   1.790   2.040   1.790   2.550   1.790   2.118   2.732
   2.482   0.994   0.994   0.994   1.322   0.994   2.118   0.994   1.322   2.231
   1.790   0.994   0.000   0.000   0.439   0.000   1.241   0.000   0.439   1.790
   1.790   0.994   0.000   0.000   0.439   0.000   1.241   0.000   0.439   1.790
   2.040   1.322   0.439   0.439   0.439   0.439   1.617   0.439   0.866   2.040
   1.790   0.994   0.000   0.000   0.439   0.000   1.241   0.000   0.439   1.790
   2.550   2.118   1.241   1.241   1.617   1.241   1.241   1.241   1.617   2.413
   1.790   0.994   0.000   0.000   0.439   0.000   1.241   0.000   0.439   1.790
   2.118   1.322   0.439   0.439   0.866   0.439   1.617   0.439   0.439   2.040
   2.732   2.231   1.790   1.790   2.040   1.790   2.413   1.790   2.040   1.790
