   1.974   4.484   3.029   3.184   3.156   3.825   4.671
   4.484   3.045   3.906   4.078   4.035   4.721   5.140
   3.029   3.906   1.168   2.360   2.354   3.047   4.021
   3.184   4.078   2.360   1.325   2.017   2.839   3.950
   3.156   4.035   2.354   2.017   1.247   2.955   3.949
   3.825   4.721   3.047   2.839   2.955   1.992   4.470
   4.671   5.140   4.021   3.950   3.949   4.470   3.059
