     0.000     4.612     0.156    -0.704    -1.162    -0.060     0.448
     4.612     0.000     2.718     1.120     1.239     0.869     5.272
     0.156     2.718     0.000     1.976    -0.169     0.702     0.363
    -0.704     1.120     1.976     0.000    16.799    15.817     4.321
    -1.162     1.239    -0.169    16.799     0.000     6.406     4.139
    -0.060     0.869     0.702    15.817     6.406     0.000     5.297
     0.448     5.272     0.363     4.321     4.139     5.297     0.000
