   1.974   0.535   0.113   0.114   0.065   0.141   0.362
   0.535   3.045   0.306   0.291   0.257   0.315   0.963
   0.113   0.306   1.168   0.133   0.062   0.113   0.206
   0.114   0.291   0.133   1.325   0.555   0.478   0.434
   0.065   0.257   0.062   0.555   1.247   0.285   0.357
   0.141   0.315   0.113   0.478   0.285   1.992   0.581
   0.362   0.963   0.206   0.434   0.357   0.581   3.059
