     0.000     4.041     2.173    -0.728    -1.014    -0.778    -0.275
     4.041     0.000     8.808    -0.902    -0.225     1.412     3.235
     2.173     8.808     0.000     7.554     2.535     1.694     0.606
    -0.728    -0.902     7.554     0.000     1.123     1.393    -0.046
    -1.014    -0.225     2.535     1.123     0.000     3.764     0.005
    -0.778     1.412     1.694     1.393     3.764     0.000     3.186
    -0.275     3.235     0.606    -0.046     0.005     3.186     0.000
