   1.952   2.526   2.272   2.548   2.758   3.241   3.567
   2.526   0.664   0.966   1.261   1.468   1.954   2.278
   2.272   0.966   0.372   0.929   1.169   1.661   2.019
   2.548   1.261   0.929   0.604   1.400   1.892   2.250
   2.758   1.468   1.169   1.400   0.822   2.063   2.460
   3.241   1.954   1.661   1.892   2.063   1.324   2.851
   3.567   2.278   2.019   2.250   2.460   2.851   1.678
