   1.952   0.091   0.052   0.008   0.016   0.034   0.063
   0.091   0.664   0.071   0.007   0.018   0.034   0.064
   0.052   0.071   0.372   0.047   0.025   0.035   0.032
   0.008   0.007   0.047   0.604   0.026   0.036   0.032
   0.016   0.018   0.025   0.026   0.822   0.083   0.041
   0.034   0.034   0.035   0.036   0.083   1.324   0.151
   0.063   0.064   0.032   0.032   0.041   0.151   1.678
