   1.942   0.086   0.051   0.028   0.084   0.058   0.131
   0.086   0.739   0.050   0.022   0.028   0.040   0.106
   0.051   0.050   0.446   0.142   0.038   0.036   0.057
   0.028   0.022   0.142   0.656   0.066   0.053   0.086
   0.084   0.028   0.038   0.066   0.943   0.077   0.069
   0.058   0.040   0.036   0.053   0.077   1.195   0.159
   0.131   0.106   0.057   0.086   0.069   0.159   1.663
