   2.833   0.505   0.446   0.370   0.201   0.333   0.321   0.618   0.982   1.161
   0.505   1.613   0.317   0.356   0.131   0.125   0.151   0.305   0.340   0.512
   0.446   0.317   1.220   0.149   0.088   0.132   0.132   0.232   0.436   0.487
   0.370   0.356   0.149   1.018   0.145   0.077   0.100   0.264   0.338   0.234
   0.201   0.131   0.088   0.145   0.796   0.092   0.054   0.109   0.187   0.194
   0.333   0.125   0.132   0.077   0.092   1.094   0.124   0.206   0.271   0.244
   0.321   0.151   0.132   0.100   0.054   0.124   1.403   0.224   0.256   0.233
   0.618   0.305   0.232   0.264   0.109   0.206   0.224   1.860   0.617   0.714
   0.982   0.340   0.436   0.338   0.187   0.271   0.256   0.617   2.387   1.264
   1.161   0.512   0.487   0.234   0.194   0.244   0.233   0.714   1.264   2.568
