   2.833   3.941   3.606   3.481   3.428   3.594   3.915   4.075   4.238   4.239
   3.941   1.613   2.516   2.275   2.278   2.582   2.866   3.168   3.660   3.668
   3.606   2.516   1.220   2.089   1.927   2.182   2.491   2.848   3.171   3.300
   3.481   2.275   2.089   1.018   1.669   2.036   2.322   2.615   3.067   3.352
   3.428   2.278   1.927   1.669   0.796   1.798   2.144   2.546   2.996   3.169
   3.594   2.582   2.182   2.036   1.798   1.094   2.374   2.748   3.210   3.418
   3.915   2.866   2.491   2.322   2.144   2.374   1.403   3.039   3.534   3.737
   4.075   3.168   2.848   2.615   2.546   2.748   3.039   1.860   3.630   3.714
   4.238   3.660   3.171   3.067   2.996   3.210   3.534   3.630   2.387   3.690
   4.239   3.668   3.300   3.352   3.169   3.418   3.737   3.714   3.690   2.568
