   0.988   0.211   0.172   0.102   0.017   0.094   0.215
   0.211   2.059   0.494   0.342   0.053   0.271   0.267
   0.172   0.494   2.599   0.446   0.059   0.371   0.475
   0.102   0.342   0.446   2.095   0.086   0.350   0.532
   0.017   0.053   0.059   0.086   0.399   0.119   0.112
   0.094   0.271   0.371   0.350   0.119   1.754   0.597
   0.215   0.267   0.475   0.532   0.112   0.597   2.848
