     0.000     2.670     0.485    -0.591     1.453     1.120     0.497
     2.670     0.000     7.335    -0.782    -0.748     0.508     4.560
     0.485     7.335     0.000    11.579    -0.109     1.436     0.617
    -0.591    -0.782    11.579     0.000     0.882     1.285     1.037
     1.453    -0.748    -0.109     0.882     0.000     1.889    -0.445
     1.120     0.508     1.436     1.285     1.889     0.000     2.450
     0.497     4.560     0.617     1.037    -0.445     2.450     0.000
