   1.918   0.098   0.054   0.038   0.053   0.076   0.107
   0.098   0.727   0.052   0.011   0.014   0.046   0.119
   0.054   0.052   0.438   0.106   0.032   0.034   0.053
   0.038   0.011   0.106   0.682   0.034   0.042   0.057
   0.053   0.014   0.032   0.034   0.989   0.110   0.054
   0.076   0.046   0.034   0.042   0.110   1.287   0.150
   0.107   0.119   0.053   0.057   0.054   0.150   1.611
