     0.000     3.245     0.885     0.707    -0.679     1.182     1.219
     3.245     0.000    10.100     2.105    -0.287     0.579     1.294
     0.885    10.100     0.000     3.255     2.684     6.691     6.597
     0.707     2.105     3.255     0.000     2.253     3.379     3.859
    -0.679    -0.287     2.684     2.253     0.000     0.579     1.007
     1.182     0.579     6.691     3.379     0.579     0.000     7.215
     1.219     1.294     6.597     3.859     1.007     7.215     0.000
