   2.876   0.899   0.325   0.223   0.076   0.169   0.203
   0.899   3.346   0.826   0.521   0.122   0.333   0.374
   0.325   0.826   3.308   0.470   0.101   0.281   0.478
   0.223   0.521   0.470   2.314   0.153   0.347   0.479
   0.076   0.122   0.101   0.153   0.587   0.084   0.053
   0.169   0.333   0.281   0.347   0.084   2.162   0.542
   0.203   0.374   0.478   0.479   0.053   0.542   3.144
