   1.133   0.354   0.281   0.156   0.023   0.142   0.247
   0.354   2.827   1.176   0.381   0.107   0.263   0.513
   0.281   1.176   3.013   0.532   0.213   0.609   0.873
   0.156   0.381   0.532   1.706   0.159   0.288   0.436
   0.023   0.107   0.213   0.159   0.412   0.068   0.130
   0.142   0.263   0.609   0.288   0.068   1.474   0.600
   0.247   0.513   0.873   0.436   0.130   0.600   2.297
