   1.133   3.606   3.866   2.684   1.522   2.465   3.183
   3.606   2.827   4.665   4.153   3.132   4.038   4.612
   3.866   4.665   3.013   4.187   3.212   3.878   4.437
   2.684   4.153   4.187   1.706   1.959   2.893   3.567
   1.522   3.132   3.212   1.959   0.412   1.818   2.579
   2.465   4.038   3.878   2.893   1.818   1.474   3.171
   3.183   4.612   4.437   3.567   2.579   3.171   2.297
