     0.000     3.599     0.605     0.962    -0.820     1.070     1.363
     3.599     0.000     8.679     1.783    -0.404     0.384     1.725
     0.605     8.679     0.000     4.103     2.669     7.231     6.300
     0.962     1.783     4.103     0.000     2.595     3.393     3.681
    -0.820    -0.404     2.669     2.595     0.000     0.676     1.317
     1.070     0.384     7.231     3.393     0.676     0.000     8.011
     1.363     1.725     6.300     3.681     1.317     8.011     0.000
