  -0.007   0.033   0.044   0.024   0.010   0.026   0.039
   0.033  -0.006   0.032   0.020   0.011   0.021   0.035
   0.044   0.032  -0.008   0.024   0.009   0.025   0.038
   0.024   0.020   0.024  -0.005   0.005   0.012   0.019
   0.010   0.011   0.009   0.005  -0.002   0.006   0.008
   0.026   0.021   0.025   0.012   0.006  -0.003   0.015
   0.039   0.035   0.038   0.019   0.008   0.015  -0.005
