   2.876   5.323   5.860   4.968   3.387   4.869   5.818
   5.323   3.346   5.829   5.140   3.811   5.175   6.116
   5.860   5.829   3.308   5.153   3.794   5.189   5.974
   4.968   5.140   5.153   2.314   2.748   4.129   4.980
   3.387   3.811   3.794   2.748   0.587   2.664   3.678
   4.869   5.175   5.189   4.129   2.664   2.162   4.763
   5.818   6.116   5.974   4.980   3.678   4.763   3.144
