   2.037   4.412   3.296   2.919   2.638   3.807   4.678
   4.412   3.089   4.159   3.884   3.611   4.846   5.296
   3.296   4.159   1.470   2.071   2.101   3.379   4.152
   2.919   3.884   2.071   1.017   1.659   2.851   3.725
   2.638   3.611   2.101   1.659   0.712   2.639   3.555
   3.807   4.846   3.379   2.851   2.639   2.047   4.230
   4.678   5.296   4.152   3.725   3.555   4.230   3.041
