     0.000     7.296     1.275     0.851     1.081     2.228     1.297
     7.296     0.000     2.689     0.792     1.199    -0.558     2.502
     1.275     2.689     0.000    10.772     0.434    -0.137     2.266
     0.851     0.792    10.772     0.000     0.650     3.899     2.903
     1.081     1.199     0.434     0.650     0.000     1.299     1.256
     2.228    -0.558    -0.137     3.899     1.299     0.000     9.883
     1.297     2.502     2.266     2.903     1.256     9.883     0.000
