   3.093   1.132   1.144   0.966   0.821   0.767   0.628   0.737   1.294   1.115
   1.132   2.361   1.069   1.107   0.909   0.724   0.557   0.608   0.832   0.696
   1.144   1.069   2.059   0.949   0.940   0.758   0.556   0.577   0.908   0.684
   0.966   1.107   0.949   2.120   0.923   0.889   0.602   0.649   0.882   0.570
   0.821   0.909   0.940   0.923   1.986   0.870   0.726   0.639   0.784   0.442
   0.767   0.724   0.758   0.889   0.870   1.931   0.661   0.649   0.763   0.504
   0.628   0.557   0.556   0.602   0.726   0.661   2.143   0.697   0.695   0.290
   0.737   0.608   0.577   0.649   0.639   0.649   0.697   2.457   0.840   0.612
   1.294   0.832   0.908   0.882   0.784   0.763   0.695   0.840   2.902   1.242
   1.115   0.696   0.684   0.570   0.442   0.504   0.290   0.612   1.242   2.313
