   1.573   0.189   0.000   0.255   0.187   0.154   0.695
   0.189   0.439   0.000   0.044   0.044   0.111   0.258
   0.000   0.000   0.000   0.000   0.000   0.000   0.000
   0.255   0.044   0.000   1.096   0.268   0.359   0.365
   0.187   0.044   0.000   0.268   0.845   0.109   0.114
   0.154   0.111   0.000   0.359   0.109   1.495   0.436
   0.695   0.258   0.000   0.365   0.114   0.436   1.309
