   3.105   4.361   3.929   3.988   3.921   3.957   4.240   4.481   4.529   4.356
   4.361   2.213   3.114   2.903   2.972   3.155   3.460   3.768   4.210   3.964
   3.929   3.114   1.794   2.769   2.610   2.797   3.077   3.425   3.723   3.605
   3.988   2.903   2.769   1.673   2.504   2.634   2.908   3.295   3.666   3.647
   3.921   2.972   2.610   2.504   1.410   2.441   2.714   3.190   3.608   3.493
   3.957   3.155   2.797   2.634   2.441   1.421   2.726   3.159   3.637   3.471
   4.240   3.460   3.077   2.908   2.714   2.726   1.442   3.187   3.802   3.722
   4.481   3.768   3.425   3.295   3.190   3.159   3.187   1.891   3.963   3.794
   4.529   4.210   3.723   3.666   3.608   3.637   3.802   3.963   2.592   3.781
   4.356   3.964   3.605   3.647   3.493   3.471   3.722   3.794   3.781   2.472
