   2.649   4.952   5.422   4.840   3.091   4.516   5.609
   4.952   3.333   5.531   5.157   3.736   5.036   6.115
   5.422   5.531   3.376   5.111   3.799   5.121   5.981
   4.840   5.157   5.111   2.549   2.947   4.248   5.182
   3.091   3.736   3.799   2.947   0.574   2.563   3.839
   4.516   5.036   5.121   4.248   2.563   2.110   4.930
   5.609   6.115   5.981   5.182   3.839   4.930   3.348
