  -0.022   0.057   0.069   0.045   0.017   0.054   0.081
   0.057  -0.021   0.055   0.041   0.019   0.051   0.089
   0.069   0.055  -0.026   0.046   0.021   0.061   0.090
   0.045   0.041   0.046  -0.017   0.009   0.032   0.045
   0.017   0.019   0.021   0.009  -0.005   0.011   0.017
   0.054   0.051   0.061   0.032   0.011  -0.010   0.044
   0.081   0.089   0.090   0.045   0.017   0.044  -0.016
