   2.649   1.030   0.603   0.358   0.132   0.243   0.388
   1.030   3.333   1.179   0.725   0.172   0.407   0.567
   0.603   1.179   3.376   0.814   0.151   0.365   0.744
   0.358   0.725   0.814   2.549   0.176   0.411   0.715
   0.132   0.172   0.151   0.176   0.574   0.122   0.083
   0.243   0.407   0.365   0.411   0.122   2.110   0.528
   0.388   0.567   0.744   0.715   0.083   0.528   3.348
