   2.724   0.774   0.815   0.565   0.247   0.492   0.609
   0.774   2.791   1.305   0.816   0.304   0.777   0.705
   0.815   1.305   3.020   0.941   0.342   0.765   0.918
   0.565   0.816   0.941   2.210   0.236   0.774   0.854
   0.247   0.304   0.342   0.236   0.732   0.127   0.122
   0.492   0.777   0.765   0.774   0.127   2.361   0.794
   0.609   0.705   0.918   0.854   0.122   0.794   2.942
