   2.724   4.741   4.928   4.368   3.209   4.593   5.058
   4.741   2.791   4.505   4.184   3.219   4.374   5.028
   4.928   4.505   3.020   4.288   3.410   4.615   5.044
   4.368   4.184   4.288   2.210   2.706   3.796   4.298
   3.209   3.219   3.410   2.706   0.732   2.966   3.553
   4.593   4.374   4.615   3.796   2.966   2.361   4.509
   5.058   5.028   5.044   4.298   3.553   4.509   2.942
