  -0.059   0.084   0.089   0.069   0.030   0.084   0.104
   0.084  -0.059   0.059   0.054   0.035   0.069   0.109
   0.089   0.059  -0.059   0.059   0.020   0.094   0.114
   0.069   0.054   0.059  -0.025   0.015   0.045   0.074
   0.030   0.035   0.020   0.015  -0.015   0.025   0.025
   0.084   0.069   0.094   0.045   0.025  -0.030   0.084
   0.104   0.109   0.114   0.074   0.025   0.084  -0.045
