     0.000     2.942     2.664     3.549     2.352     1.212     1.040
     2.942     0.000     8.973     9.100     3.832     7.479     2.008
     2.664     8.973     0.000    11.025     4.918     5.429     4.247
     3.549     9.100    11.025     0.000     5.834    10.705     8.704
     2.352     3.832     4.918     5.834     0.000     0.431    -0.948
     1.212     7.479     5.429    10.705     0.431     0.000     7.886
     1.040     2.008     4.247     8.704    -0.948     7.886     0.000
