   2.987   4.280   3.912   3.824   3.794   3.795   4.049   4.281   4.392   4.308
   4.280   2.042   2.972   2.722   2.730   2.997   3.259   3.584   4.000   3.897
   3.912   2.972   1.624   2.550   2.416   2.583   2.855   3.221   3.562   3.535
   3.824   2.722   2.550   1.432   2.192   2.427   2.673   3.039   3.446   3.535
   3.794   2.730   2.416   2.192   1.170   2.170   2.467   2.917   3.353   3.389
   3.795   2.997   2.583   2.427   2.170   1.289   2.528   2.999   3.454   3.464
   4.049   3.259   2.855   2.673   2.467   2.528   1.372   3.056   3.649   3.711
   4.281   3.584   3.221   3.039   2.917   2.999   3.056   1.854   3.844   3.846
   4.392   4.000   3.562   3.446   3.353   3.454   3.649   3.844   2.493   3.733
   4.308   3.897   3.535   3.535   3.389   3.464   3.711   3.846   3.733   2.565
