     0.000     6.077     7.230     4.211     1.837     5.020     1.268     2.957     7.526     8.127
     6.077     0.000     9.759    15.877     8.160     5.166     0.885     2.294     4.016     8.068
     7.230     9.759     0.000    13.921     6.646     8.988     0.991     2.920     6.174     8.056
     4.211    15.877    13.921     0.000    10.000     5.503     1.466     4.082     6.318     5.007
     1.837     8.160     6.646    10.000     0.000     5.855    -0.506    -0.604     2.193     2.510
     5.020     5.166     8.988     5.503     5.855     0.000     1.949     1.107     4.280     3.925
     1.268     0.885     0.991     1.466    -0.506     1.949     0.000     1.745     1.464     0.849
     2.957     2.294     2.920     4.082    -0.604     1.107     1.745     0.000     5.191     4.949
     7.526     4.016     6.174     6.318     2.193     4.280     1.464     5.191     0.000    14.421
     8.127     8.068     8.056     5.007     2.510     3.925     0.849     4.949    14.421     0.000
