     0.000     3.931     3.557     0.811    -0.778     1.067     2.038
     3.931     0.000     8.763     2.886     2.710     1.249    -1.504
     3.557     8.763     0.000     0.201     0.397     1.372     1.029
     0.811     2.886     0.201     0.000     0.162     2.483     5.555
    -0.778     2.710     0.397     0.162     0.000     1.177     0.073
     1.067     1.249     1.372     2.483     1.177     0.000     7.715
     2.038    -1.504     1.029     5.555     0.073     7.715     0.000
