     0.000     2.110     0.359     0.838     0.026    -0.391     0.186     1.692     0.381     2.643
     2.110     0.000     7.139    -0.243     2.028     0.206     0.116     1.418     0.020     2.341
     0.359     7.139     0.000     1.516     0.513    -0.362     0.740     0.686     2.503     3.253
     0.838    -0.243     1.516     0.000     0.978    -0.326     0.380    -0.510    -0.881    -0.251
     0.026     2.028     0.513     0.978     0.000     2.226    -1.440    -0.497    -0.617     1.395
    -0.391     0.206    -0.362    -0.326     2.226     0.000    -0.587    -0.938    -0.551    -0.254
     0.186     0.116     0.740     0.380    -1.440    -0.587     0.000     1.255     1.120     1.633
     1.692     1.418     0.686    -0.510    -0.497    -0.938     1.255     0.000     2.532     3.221
     0.381     0.020     2.503    -0.881    -0.617    -0.551     1.120     2.532     0.000     4.235
     2.643     2.341     3.253    -0.251     1.395    -0.254     1.633     3.221     4.235     0.000
