   2.427   0.398   0.226   0.136   0.188   0.148   0.274   0.430   0.377   0.822
   0.398   1.413   0.367   0.038   0.149   0.084   0.078   0.167   0.114   0.443
   0.226   0.367   1.097   0.101   0.080   0.042   0.103   0.128   0.225   0.418
   0.136   0.038   0.101   0.378   0.055   0.017   0.064   0.029   0.030   0.088
   0.188   0.149   0.080   0.055   0.559   0.131   0.020   0.057   0.084   0.246
   0.148   0.084   0.042   0.017   0.131   0.696   0.052   0.047   0.071   0.169
   0.274   0.078   0.103   0.064   0.020   0.052   1.325   0.190   0.168   0.363
   0.430   0.167   0.128   0.029   0.057   0.047   0.190   1.133   0.322   0.476
   0.377   0.114   0.225   0.030   0.084   0.071   0.168   0.322   1.655   0.684
   0.822   0.443   0.418   0.088   0.246   0.169   0.363   0.476   0.684   2.398
