  -0.025   0.064   0.030   0.025   0.030   0.040   0.079
   0.064  -0.050   0.045   0.064   0.050   0.089   0.149
   0.030   0.045  -0.030   0.015   0.010   0.025   0.045
   0.025   0.064   0.015  -0.025   0.000   0.020   0.069
   0.030   0.050   0.010   0.000  -0.010   0.020   0.035
   0.040   0.089   0.025   0.020   0.020  -0.020   0.064
   0.079   0.149   0.045   0.069   0.035   0.064  -0.045
