   1.866   4.438   3.080   3.220   2.777   3.637   4.594
   4.438   3.150   4.209   4.273   3.955   4.694   5.385
   3.080   4.209   1.336   2.585   2.269   3.129   4.029
   3.220   4.273   2.585   1.482   2.133   3.011   4.235
   2.777   3.955   2.269   2.133   0.976   2.681   3.763
   3.637   4.694   3.129   3.011   2.681   1.900   4.238
   4.594   5.385   4.029   4.235   3.763   4.238   3.034
