   1.866   0.578   0.123   0.129   0.065   0.129   0.306
   0.578   3.150   0.277   0.360   0.171   0.356   0.799
   0.123   0.277   1.336   0.234   0.043   0.107   0.341
   0.129   0.360   0.234   1.482   0.325   0.371   0.281
   0.065   0.171   0.043   0.325   0.976   0.195   0.247
   0.129   0.356   0.107   0.371   0.195   1.900   0.695
   0.306   0.799   0.341   0.281   0.247   0.695   3.034
