     0.000     3.154     1.995    -0.777    -0.715    -0.606     0.083
     3.154     0.000     7.252    -1.246    -0.085     0.903     2.914
     1.995     7.252     0.000     8.647     1.724     1.744     0.472
    -0.777    -1.246     8.647     0.000     0.983     1.315     0.156
    -0.715    -0.085     1.724     0.983     0.000     5.608     0.286
    -0.606     0.903     1.744     1.315     5.608     0.000     2.088
     0.083     2.914     0.472     0.156     0.286     2.088     0.000
