   1.895   0.654   0.185   0.072   0.109   0.146   0.343
   0.654   3.318   0.516   0.365   0.165   0.470   1.063
   0.185   0.516   1.593   0.364   0.104   0.176   0.637
   0.072   0.365   0.364   1.285   0.068   0.233   0.343
   0.109   0.165   0.104   0.068   0.905   0.252   0.213
   0.146   0.470   0.176   0.233   0.252   2.024   0.825
   0.343   1.063   0.637   0.343   0.213   0.825   3.081
