   1.727   2.131   1.927   1.927   2.324   2.640   2.548
   2.131   0.516   0.622   0.744   1.184   1.459   1.222
   1.927   0.622   0.235   0.468   0.929   1.217   1.076
   1.927   0.744   0.468   0.235   0.929   1.000   1.222
   2.324   1.184   0.929   0.929   0.706   1.607   1.477
   2.640   1.459   1.217   1.000   1.607   1.000   1.900
   2.548   1.222   1.076   1.222   1.477   1.900   0.999
