   1.744   2.251   1.744   2.251   2.189   2.863   3.489
   2.251   0.744   0.744   1.336   1.230   1.888   2.593
   1.744   0.744   0.000   0.622   0.516   1.248   2.175
   2.251   1.336   0.622   0.622   0.927   1.740   2.590
   2.189   1.230   0.516   0.927   0.516   1.740   2.590
   2.863   1.888   1.248   1.740   1.740   1.248   3.075
   3.489   2.593   2.175   2.590   2.590   3.075   2.175
