   1.935   2.559   2.319   2.554   2.849   3.143   3.402
   2.559   0.730   1.094   1.355   1.659   1.957   2.196
   2.319   1.094   0.435   0.992   1.355   1.671   1.963
   2.554   1.355   0.992   0.635   1.553   1.876   2.154
   2.849   1.659   1.355   1.553   0.942   2.098   2.465
   3.143   1.957   1.671   1.876   2.098   1.266   2.711
   3.402   2.196   1.963   2.154   2.465   2.711   1.571
