   1.209   0.284   0.399   0.326   0.092   0.153   0.397
   0.284   2.489   1.046   0.728   0.131   0.394   0.730
   0.399   1.046   3.049   0.987   0.187   0.598   1.172
   0.326   0.728   0.987   2.169   0.277   0.516   0.675
   0.092   0.131   0.187   0.277   0.511   0.172   0.159
   0.153   0.394   0.598   0.516   0.172   1.877   0.707
   0.397   0.730   1.172   0.675   0.159   0.707   3.213
