   1.923   2.535   2.236   2.516   2.758   3.185   3.780
   2.535   0.723   1.051   1.358   1.584   1.909   2.572
   2.236   1.051   0.369   0.922   1.238   1.629   2.344
   2.516   1.358   0.922   0.665   1.384   1.816   2.526
   2.758   1.584   1.238   1.384   0.896   2.095   2.813
   3.185   1.909   1.629   1.816   2.095   1.296   3.121
   3.780   2.572   2.344   2.526   2.813   3.121   2.022
