   1.000   0.062   0.022   0.029   0.035   0.009   0.044
   0.062   1.000   0.040   0.023   0.021   0.061   0.071
   0.022   0.040   1.000   0.128   0.022   0.035   0.029
   0.029   0.023   0.128   1.000   0.175   0.088   0.064
   0.035   0.021   0.022   0.175   1.000   0.038   0.035
   0.009   0.061   0.035   0.088   0.038   1.000   0.075
   0.044   0.071   0.029   0.064   0.035   0.075   1.000
