   1.000   0.041   0.022   0.006   0.010   0.018   0.030
   0.041   1.000   0.065   0.007   0.008   0.020   0.048
   0.022   0.065   1.000   0.078   0.016   0.018   0.022
   0.006   0.007   0.078   1.000   0.015   0.013   0.024
   0.010   0.008   0.016   0.015   1.000   0.052   0.019
   0.018   0.020   0.018   0.013   0.052   1.000   0.046
   0.030   0.048   0.022   0.024   0.019   0.046   1.000
