   1.000   0.035   0.025   0.006   0.010   0.015   0.028
   0.035   1.000   0.074   0.006   0.015   0.025   0.050
   0.025   0.074   1.000   0.069   0.030   0.026   0.023
   0.006   0.006   0.069   1.000   0.021   0.021   0.021
   0.010   0.015   0.030   0.021   1.000   0.058   0.024
   0.015   0.025   0.026   0.021   0.058   1.000   0.048
   0.028   0.050   0.023   0.021   0.024   0.048   1.000
