   1.000   0.035   0.022   0.005   0.009   0.011   0.019
   0.035   1.000   0.061   0.007   0.014   0.021   0.045
   0.022   0.061   1.000   0.066   0.028   0.024   0.023
   0.005   0.007   0.066   1.000   0.017   0.019   0.020
   0.009   0.014   0.028   0.017   1.000   0.043   0.021
   0.011   0.021   0.024   0.019   0.043   1.000   0.038
   0.019   0.045   0.023   0.020   0.021   0.038   1.000
