   1.000   0.035   0.023   0.003   0.007   0.011   0.018
   0.035   1.000   0.074   0.005   0.013   0.018   0.027
   0.023   0.074   1.000   0.050   0.022   0.021   0.017
   0.003   0.005   0.050   1.000   0.019   0.019   0.015
   0.007   0.013   0.022   0.019   1.000   0.044   0.017
   0.011   0.018   0.021   0.019   0.044   1.000   0.052
   0.018   0.027   0.017   0.015   0.017   0.052   1.000
