   1.000   0.096   0.024   0.043   0.056   0.043   0.097
   0.096   1.000   0.008   0.021   0.021   0.060   0.120
   0.024   0.008   1.000   0.007   0.008   0.037   0.021
   0.043   0.021   0.007   1.000   0.327   0.087   0.062
   0.056   0.021   0.008   0.327   1.000   0.037   0.053
   0.043   0.060   0.037   0.087   0.037   1.000   0.087
   0.097   0.120   0.021   0.062   0.053   0.087   1.000
