   1.000   0.039   0.014   0.007   0.005   0.006   0.011
   0.039   1.000   0.062   0.004   0.009   0.015   0.019
   0.014   0.062   1.000   0.048   0.015   0.013   0.010
   0.007   0.004   0.048   1.000   0.024   0.023   0.013
   0.005   0.009   0.015   0.024   1.000   0.047   0.025
   0.006   0.015   0.013   0.023   0.047   1.000   0.048
   0.011   0.019   0.010   0.013   0.025   0.048   1.000
