   1.730   2.190   2.065   2.413   2.516   2.686   2.869
   2.190   0.744   1.076   1.554   1.691   1.650   2.204
   2.065   1.076   0.468   1.193   1.336   1.553   1.854
   2.413   1.554   1.193   0.845   1.365   1.815   2.264
   2.516   1.691   1.336   1.365   0.991   2.054   2.466
   2.686   1.650   1.553   1.815   2.054   1.142   2.640
   2.869   2.204   1.854   2.264   2.466   2.640   1.639
