     0.000     0.990     0.395     0.023    -0.395    -0.706     0.579
     0.990     0.000     0.717    -0.519    -1.521     0.809     1.657
     0.395     0.717     0.000     4.705    -0.379    -0.414    -0.956
     0.023    -0.519     4.705     0.000     2.454     2.890     2.332
    -0.395    -1.521    -0.379     2.454     0.000     1.191    -0.774
    -0.706     0.809    -0.414     2.890     1.191     0.000     2.950
     0.579     1.657    -0.956     2.332    -0.774     2.950     0.000
