     0.000     9.478     0.920     0.158    -0.804    -1.554    -0.640
     9.478     0.000    13.797    -0.937     0.250     1.192     1.201
     0.920    13.797     0.000    10.099     3.104     1.994    -1.183
     0.158    -0.937    10.099     0.000     3.845     3.959    -0.075
    -0.804     0.250     3.104     3.845     0.000    10.185     3.280
    -1.554     1.192     1.994     3.959    10.185     0.000     7.956
    -0.640     1.201    -1.183    -0.075     3.280     7.956     0.000
