     0.000     0.979     2.325     0.888    -1.111    -0.289    -0.781
     0.979     0.000    -0.587    -0.511    -0.014     0.506    -0.890
     2.325    -0.587     0.000     4.850     1.796     0.951     1.600
     0.888    -0.511     4.850     0.000     0.494    -1.101     0.312
    -1.111    -0.014     1.796     0.494     0.000    -1.274     6.401
    -0.289     0.506     0.951    -1.101    -1.274     0.000    -0.639
    -0.781    -0.890     1.600     0.312     6.401    -0.639     0.000
