     0.000     3.788     0.815     0.241    -0.187     0.798     0.257
     3.788     0.000     5.218    -1.133    -0.977     0.604     2.957
     0.815     5.218     0.000    14.074     0.688     0.118     0.838
     0.241    -1.133    14.074     0.000     0.411     0.648     0.172
    -0.187    -0.977     0.688     0.411     0.000     4.040    -1.072
     0.798     0.604     0.118     0.648     4.040     0.000     2.119
     0.257     2.957     0.838     0.172    -1.072     2.119     0.000
