   1.941   2.496   2.259   2.601   2.870   3.306   3.692
   2.496   0.644   0.949   1.305   1.574   2.005   2.391
   2.259   0.949   0.370   0.988   1.293   1.734   2.145
   2.601   1.305   0.988   0.667   1.581   2.021   2.437
   2.870   1.574   1.293   1.581   0.951   2.219   2.677
   3.306   2.005   1.734   2.021   2.219   1.393   3.055
   3.692   2.391   2.145   2.437   2.677   3.055   1.807
