   2.427   3.442   3.298   2.668   2.798   2.974   3.478   3.130   3.705   4.003
   3.442   1.413   2.142   1.753   1.823   2.025   2.660   2.380   2.954   3.368
   3.298   2.142   1.097   1.374   1.576   1.751   2.318   2.102   2.526   3.077
   2.668   1.753   1.374   0.378   0.881   1.056   1.638   1.482   2.003   2.688
   2.798   1.823   1.576   0.881   0.559   1.123   1.863   1.635   2.130   2.711
   2.974   2.025   1.751   1.056   1.123   0.696   1.968   1.783   2.279   2.925
   3.478   2.660   2.318   1.638   1.863   1.968   1.325   2.269   2.811   3.360
   3.130   2.380   2.102   1.482   1.635   1.783   2.269   1.133   2.467   3.056
   3.705   2.954   2.526   2.003   2.130   2.279   2.811   2.467   1.655   3.369
   4.003   3.368   3.077   2.688   2.711   2.925   3.360   3.056   3.369   2.398
