     0.000     4.966    -0.272     3.095     0.228     2.060     1.622
     4.966     0.000     1.106     3.452     0.336     0.250     3.759
    -0.272     1.106     0.000     3.288     1.687     2.508     4.234
     3.095     3.452     3.288     0.000     2.602     6.098     1.817
     0.228     0.336     1.687     2.602     0.000     3.199     0.775
     2.060     0.250     2.508     6.098     3.199     0.000    11.130
     1.622     3.759     4.234     1.817     0.775    11.130     0.000
