     0.000     2.743    -0.516    -0.556     1.638    -0.736    -1.000
     2.743     0.000     0.853    -0.488     0.000    -0.597    -0.704
    -0.516     0.853     0.000     1.897     0.109     2.371    -0.639
    -0.556    -0.488     1.897     0.000     3.918     2.698    -0.552
     1.638     0.000     0.109     3.918     0.000     0.913    -0.572
    -0.736    -0.597     2.371     2.698     0.913     0.000     2.356
    -1.000    -0.704    -0.639    -0.552    -0.572     2.356     0.000
