   1.810   0.567   0.115   0.195   0.088   0.210   0.362
   0.567   3.187   0.320   0.355   0.194   0.359   0.983
   0.115   0.320   1.323   0.195   0.095   0.199   0.387
   0.195   0.355   0.195   1.032   0.116   0.278   0.274
   0.088   0.194   0.095   0.116   0.808   0.160   0.205
   0.210   0.359   0.199   0.278   0.160   1.999   0.849
   0.362   0.983   0.387   0.274   0.205   0.849   3.133
