   1.833   0.636   0.130   0.102   0.077   0.160   0.425
   0.636   2.861   0.308   0.243   0.093   0.318   0.755
   0.130   0.308   1.283   0.156   0.050   0.145   0.288
   0.102   0.243   0.156   1.183   0.096   0.391   0.221
   0.077   0.093   0.050   0.096   0.791   0.103   0.148
   0.160   0.318   0.145   0.391   0.103   2.035   0.632
   0.425   0.755   0.288   0.221   0.148   0.632   2.915
