   1.833   4.058   2.986   2.913   2.547   3.707   4.323
   4.058   2.861   3.836   3.801   3.559   4.577   5.020
   2.986   3.836   1.283   2.309   2.024   3.173   3.910
   2.913   3.801   2.309   1.183   1.878   2.827   3.877
   2.547   3.559   2.024   1.878   0.791   2.722   3.558
   3.707   4.577   3.173   2.827   2.722   2.035   4.318
   4.323   5.020   3.910   3.877   3.558   4.318   2.915
