   1.002   0.177   0.266   0.127   0.052   0.171   0.278
   0.177   2.387   0.668   0.395   0.071   0.375   0.508
   0.266   0.668   2.474   0.516   0.133   0.365   0.652
   0.127   0.395   0.516   2.141   0.152   0.462   0.629
   0.052   0.071   0.133   0.152   0.443   0.157   0.151
   0.171   0.375   0.365   0.462   0.157   2.002   0.619
   0.278   0.508   0.652   0.629   0.151   0.619   2.841
