     0.000     0.557     2.017    -0.556     0.387     1.449     1.665
     0.557     0.000     4.867     1.892    -0.944     2.490     2.081
     2.017     4.867     0.000     2.360     0.719     0.931     2.954
    -0.556     1.892     2.360     0.000     1.971     3.927     6.274
     0.387    -0.944     0.719     1.971     0.000     2.597     1.165
     1.449     2.490     0.931     3.927     2.597     0.000     5.196
     1.665     2.081     2.954     6.274     1.165     5.196     0.000
