   1.909   0.083   0.129   0.058   0.204   0.162   0.198
   0.083   0.893   0.073   0.062   0.066   0.135   0.149
   0.129   0.073   0.622   0.391   0.073   0.113   0.168
   0.058   0.062   0.391   0.391   0.062   0.057   0.163
   0.204   0.066   0.073   0.062   0.970   0.346   0.293
   0.162   0.135   0.113   0.057   0.346   1.142   0.210
   0.198   0.149   0.168   0.163   0.293   0.210   0.622
