   1.909   2.719   2.401   2.242   2.675   2.888   2.332
   2.719   0.893   1.442   1.222   1.797   1.900   1.365
   2.401   1.442   0.622   0.622   1.519   1.650   1.076
   2.242   1.222   0.622   0.391   1.299   1.476   0.850
   2.675   1.797   1.519   1.299   0.970   1.766   1.299
   2.888   1.900   1.650   1.476   1.766   1.142   1.553
   2.332   1.365   1.076   0.850   1.299   1.553   0.622
