         0.50000         0.90000         0.68000         0.68000         0.82000         0.60000         0.20000
         0.90000         0.50000         0.34000         0.18000         0.76000         0.34000         0.12000
         0.68000         0.34000         0.50000         0.00000         0.32000         0.38000         0.04000
         0.68000         0.18000         0.00000         0.50000         0.12000         0.18000         0.00000
         0.82000         0.76000         0.32000         0.12000         0.50000         0.02000         0.00000
         0.60000         0.34000         0.38000         0.18000         0.02000         0.50000         0.10000
         0.20000         0.12000         0.04000         0.00000         0.00000         0.10000         0.50000
