     0.000     3.760     2.973    -1.323    -0.716    -0.695    -0.664
     3.760     0.000     9.911    -0.834     0.083     1.487     1.618
     2.973     9.911     0.000     6.322     1.865     3.166    -0.023
    -1.323    -0.834     6.322     0.000     1.239     1.655     0.004
    -0.716     0.083     1.865     1.239     0.000     5.126    -0.453
    -0.695     1.487     3.166     1.655     5.126     0.000     2.910
    -0.664     1.618    -0.023     0.004    -0.453     2.910     0.000
