   1.923   0.111   0.057   0.072   0.061   0.035   0.166
   0.111   0.723   0.042   0.030   0.034   0.111   0.173
   0.057   0.042   0.369   0.112   0.027   0.036   0.048
   0.072   0.030   0.112   0.665   0.176   0.145   0.161
   0.061   0.034   0.027   0.176   0.896   0.097   0.105
   0.035   0.111   0.036   0.145   0.097   1.296   0.198
   0.166   0.173   0.048   0.161   0.105   0.198   2.022
