     0.000     3.519     2.967    -1.031    -0.714    -0.047     0.436
     3.519     0.000     6.979    -1.247     0.007     0.820     4.092
     2.967     6.979     0.000     7.524     1.476     1.552     0.451
    -1.031    -1.247     7.524     0.000     1.437     1.498     0.604
    -0.714     0.007     1.476     1.437     0.000     4.920    -0.205
    -0.047     0.820     1.552     1.498     4.920     0.000     2.390
     0.436     4.092     0.451     0.604    -0.205     2.390     0.000
