   1.941   0.094   0.060   0.012   0.028   0.053   0.097
   0.094   0.743   0.081   0.010   0.024   0.049   0.113
   0.060   0.081   0.444   0.079   0.039   0.046   0.046
   0.012   0.010   0.079   0.655   0.039   0.044   0.054
   0.028   0.024   0.039   0.039   0.945   0.130   0.060
   0.053   0.049   0.046   0.044   0.130   1.315   0.135
   0.097   0.113   0.046   0.054   0.060   0.135   1.534
