   1.941   2.590   2.326   2.584   2.858   3.204   3.379
   2.590   0.743   1.106   1.387   1.663   2.009   2.164
   2.326   1.106   0.444   1.020   1.351   1.713   1.933
   2.584   1.387   1.020   0.655   1.561   1.926   2.135
   2.858   1.663   1.351   1.561   0.945   2.131   2.420
   3.204   2.009   1.713   1.926   2.131   1.315   2.714
   3.379   2.164   1.933   2.135   2.420   2.714   1.534
