   1.699   2.221   1.776   1.962   2.497   2.599   2.323
   2.221   0.773   0.999   1.145   1.554   1.676   1.477
   1.776   0.999   0.235   0.468   0.999   1.187   0.850
   1.962   1.145   0.468   0.391   1.222   1.387   1.076
   2.497   1.554   0.999   1.222   0.893   1.882   1.116
   2.599   1.676   1.187   1.387   1.882   0.996   1.696
   2.323   1.477   0.850   1.076   1.116   1.696   0.744
