   2.999   4.206   3.993   4.193   4.261   4.215   4.669   4.770   4.676   4.316
   4.206   2.362   3.430   3.463   3.555   3.642   4.107   4.299   4.476   4.055
   3.993   3.430   2.180   3.392   3.312   3.362   3.896   4.089   4.214   3.884
   4.193   3.463   3.392   2.230   3.308   3.255   3.859   3.990   4.252   3.964
   4.261   3.555   3.312   3.308   2.160   3.190   3.649   3.941   4.252   4.032
   4.215   3.642   3.362   3.255   3.190   2.058   3.608   3.826   4.194   3.884
   4.669   4.107   3.896   3.859   3.649   3.608   2.376   4.081   4.508   4.358
   4.770   4.299   4.089   3.990   3.941   3.826   4.081   2.595   4.596   4.283
   4.676   4.476   4.214   4.252   4.252   4.194   4.508   4.596   2.996   4.131
   4.316   4.055   3.884   3.964   4.032   3.884   4.358   4.283   4.131   2.435
