   1.847   0.198   0.204   0.092   0.033   0.314   0.225
   0.198   0.622   0.190   0.062   0.047   0.121   0.073
   0.204   0.190   1.010   0.516   0.118   0.288   0.078
   0.092   0.062   0.516   0.516   0.084   0.112   0.044
   0.033   0.047   0.118   0.084   0.779   0.173   0.140
   0.314   0.121   0.288   0.112   0.173   1.272   0.180
   0.225   0.073   0.078   0.044   0.140   0.180   0.970
