   1.911   0.090   0.031   0.017   0.015   0.030   0.042
   0.090   0.648   0.053   0.003   0.014   0.029   0.047
   0.031   0.053   0.397   0.056   0.018   0.022   0.022
   0.017   0.003   0.056   0.674   0.040   0.046   0.029
   0.015   0.014   0.018   0.040   0.925   0.108   0.064
   0.030   0.029   0.022   0.046   0.108   1.400   0.148
   0.042   0.047   0.022   0.029   0.064   0.148   1.687
