   1.965   0.089   0.049   0.013   0.024   0.034   0.062
   0.089   0.686   0.060   0.009   0.022   0.041   0.089
   0.049   0.060   0.369   0.062   0.034   0.039   0.039
   0.013   0.009   0.062   0.631   0.026   0.035   0.039
   0.024   0.022   0.034   0.026   0.890   0.091   0.045
   0.034   0.041   0.039   0.035   0.091   1.302   0.098
   0.062   0.089   0.039   0.039   0.045   0.098   1.360
