   1.965   2.563   2.285   2.584   2.831   3.233   3.264
   2.563   0.686   0.994   1.309   1.554   1.948   1.958
   2.285   0.994   0.369   0.937   1.224   1.632   1.690
   2.584   1.309   0.937   0.631   1.495   1.898   1.953
   2.831   1.554   1.224   1.495   0.890   2.101   2.205
   3.233   1.948   1.632   1.898   2.101   1.302   2.565
   3.264   1.958   1.690   1.953   2.205   2.565   1.360
