     0.000     3.962     1.845    -0.860    -0.683    -0.645    -0.619
     3.962     0.000     9.866    -1.013    -0.059     1.175     4.051
     1.845     9.866     0.000    10.710     2.452     2.108     0.579
    -0.860    -1.013    10.710     0.000     0.881     0.817     0.469
    -0.683    -0.059     2.452     0.881     0.000     4.528    -0.142
    -0.645     1.175     2.108     0.817     4.528     0.000     2.715
    -0.619     4.051     0.579     0.469    -0.142     2.715     0.000
