   2.838   4.733   4.920   4.576   3.415   4.607   5.127
   4.733   2.638   4.353   4.076   3.053   4.121   4.696
   4.920   4.353   2.822   4.245   3.306   4.346   4.795
   4.576   4.076   4.245   2.161   2.671   3.563   4.183
   3.415   3.053   3.306   2.671   0.772   2.833   3.408
   4.607   4.121   4.346   3.563   2.833   2.289   4.247
   5.127   4.696   4.795   4.183   3.408   4.247   2.882
