     0.000     1.507     0.625     0.452     0.300     1.376    -0.452
     1.507     0.000     7.573     6.171     4.354     7.336     4.734
     0.625     7.573     0.000     5.535     3.315     5.212     4.419
     0.452     6.171     5.535     0.000     5.521    13.616     9.544
     0.300     4.354     3.315     5.521     0.000     3.918     1.673
     1.376     7.336     5.212    13.616     3.918     0.000     9.172
    -0.452     4.734     4.419     9.544     1.673     9.172     0.000
