     0.000     8.502     2.679     0.159    -0.699    -1.581    -0.548
     8.502     0.000    12.154    -0.999     0.122     1.295     1.289
     2.679    12.154     0.000     9.601     1.719     0.981    -0.467
     0.159    -0.999     9.601     0.000     3.474     4.869    -0.293
    -0.699     0.122     1.719     3.474     0.000     9.861     2.569
    -1.581     1.295     0.981     4.869     9.861     0.000     6.632
    -0.548     1.289    -0.467    -0.293     2.569     6.632     0.000
