   1.911   0.092   0.020   0.016   0.010   0.017   0.032
   0.092   0.643   0.059   0.005   0.013   0.030   0.035
   0.020   0.059   0.419   0.053   0.024   0.025   0.017
   0.016   0.005   0.053   0.638   0.042   0.043   0.026
   0.010   0.013   0.024   0.042   0.912   0.093   0.068
   0.017   0.030   0.025   0.043   0.093   1.401   0.133
   0.032   0.035   0.017   0.026   0.068   0.133   1.630
