   2.693   4.686   4.235   3.898   3.296   4.157   4.787
   4.686   3.595   4.688   4.390   4.108   4.837   5.231
   4.235   4.688   2.590   3.527   3.103   4.012   4.725
   3.898   4.390   3.527   2.181   2.754   3.566   4.223
   3.296   4.108   3.103   2.754   0.718   2.729   3.893
   4.157   4.837   4.012   3.566   2.729   2.109   4.554
   4.787   5.231   4.725   4.223   3.893   4.554   3.309
