  -0.045   0.059   0.050   0.040   0.025   0.064   0.089
   0.059  -0.084   0.050   0.025   0.035   0.074   0.094
   0.050   0.050  -0.050   0.020   0.015   0.050   0.069
   0.040   0.025   0.020  -0.050   0.015   0.025   0.050
   0.025   0.035   0.015   0.015  -0.005   0.020   0.030
   0.064   0.074   0.050   0.025   0.020  -0.030   0.059
   0.089   0.094   0.069   0.050   0.030   0.059  -0.059
