   2.657   0.862   0.284   0.204   0.066   0.142   0.165
   0.862   3.326   0.789   0.477   0.106   0.285   0.334
   0.284   0.789   3.300   0.436   0.078   0.246   0.427
   0.204   0.477   0.436   2.316   0.143   0.306   0.445
   0.066   0.106   0.078   0.143   0.555   0.077   0.045
   0.142   0.285   0.246   0.306   0.077   2.116   0.521
   0.165   0.334   0.427   0.445   0.045   0.521   3.112
