  -0.005   0.026   0.036   0.020   0.008   0.021   0.032
   0.026  -0.005   0.026   0.018   0.009   0.017   0.028
   0.036   0.026  -0.006   0.023   0.009   0.022   0.031
   0.020   0.018   0.023  -0.004   0.004   0.011   0.016
   0.008   0.009   0.009   0.004  -0.001   0.005   0.007
   0.021   0.017   0.022   0.011   0.005  -0.002   0.012
   0.032   0.028   0.031   0.016   0.007   0.012  -0.004
