   2.657   5.121   5.673   4.768   3.146   4.630   5.604
   5.121   3.326   5.837   5.164   3.775   5.157   6.104
   5.673   5.837   3.300   5.179   3.777   5.170   5.985
   4.768   5.164   5.179   2.316   2.728   4.125   4.983
   3.146   3.775   3.777   2.728   0.555   2.594   3.622
   4.630   5.157   5.170   4.125   2.594   2.116   4.706
   5.604   6.104   5.985   4.983   3.622   4.706   3.112
