     0.000     2.249    -0.940    -0.045     1.769    -0.386     2.788
     2.249     0.000     2.195     2.063     1.296     2.576     2.342
    -0.940     2.195     0.000     0.365     0.293     3.774     1.445
    -0.045     2.063     0.365     0.000     2.896     3.789     5.975
     1.769     1.296     0.293     2.896     0.000     2.953     1.769
    -0.386     2.576     3.774     3.789     2.953     0.000     6.223
     2.788     2.342     1.445     5.975     1.769     6.223     0.000
