     0.000     6.379    -0.785    -0.203     0.030    -0.021     0.768
     6.379     0.000    -0.322     1.632     0.456     1.652     3.091
    -0.785    -0.322     0.000     2.601    -1.116    -1.182     2.739
    -0.203     1.632     2.601     0.000     9.856     6.228     0.331
     0.030     0.456    -1.116     9.856     0.000     4.840     3.281
    -0.021     1.652    -1.182     6.228     4.840     0.000     8.122
     0.768     3.091     2.739     0.331     3.281     8.122     0.000
