   1.937   0.096   0.054   0.029   0.084   0.060   0.129
   0.096   0.754   0.068   0.016   0.020   0.040   0.147
   0.054   0.068   0.456   0.100   0.030   0.039   0.063
   0.029   0.016   0.100   0.644   0.052   0.043   0.073
   0.084   0.020   0.030   0.052   0.931   0.075   0.065
   0.060   0.040   0.039   0.043   0.075   1.202   0.140
   0.129   0.147   0.063   0.073   0.065   0.140   1.682
