   1.937   2.595   2.340   2.553   2.785   3.080   3.490
   2.595   0.754   1.142   1.383   1.666   1.916   2.289
   2.340   1.142   0.456   1.000   1.357   1.619   2.075
   2.553   1.383   1.000   0.644   1.523   1.803   2.253
   2.785   1.666   1.357   1.523   0.931   2.059   2.548
   3.080   1.916   1.619   1.803   2.059   1.202   2.744
   3.490   2.289   2.075   2.253   2.548   2.744   1.682
