   1.918   2.479   2.284   2.568   2.824   3.286   3.586
   2.479   0.654   1.007   1.316   1.556   2.020   2.320
   2.284   1.007   0.401   1.010   1.306   1.774   2.091
   2.568   1.316   1.010   0.669   1.556   2.022   2.350
   2.824   1.556   1.306   1.556   0.923   2.211   2.568
   3.286   2.020   1.774   2.022   2.211   1.396   2.955
   3.586   2.320   2.091   2.350   2.568   2.955   1.714
