     0.000     8.982     2.705    -0.394    -0.869    -0.771    -0.520
     8.982     0.000     6.024    -1.082     0.966     1.454     1.086
     2.705     6.024     0.000    10.112     1.133     1.157    -0.201
    -0.394    -1.082    10.112     0.000     2.295     2.670     0.005
    -0.869     0.966     1.133     2.295     0.000     8.158     3.441
    -0.771     1.454     1.157     2.670     8.158     0.000     7.512
    -0.520     1.086    -0.201     0.005     3.441     7.512     0.000
