   1.918   0.093   0.034   0.019   0.017   0.028   0.046
   0.093   0.654   0.047   0.007   0.021   0.030   0.049
   0.034   0.047   0.401   0.059   0.017   0.022   0.024
   0.019   0.007   0.059   0.669   0.035   0.042   0.033
   0.017   0.021   0.017   0.035   0.923   0.107   0.069
   0.028   0.030   0.022   0.042   0.107   1.396   0.155
   0.046   0.049   0.024   0.033   0.069   0.155   1.714
