     0.000     8.456     1.726    -0.294    -0.639    -0.848    -0.988
     8.456     0.000     8.146    -1.032     0.575     1.443     1.287
     1.726     8.146     0.000     8.730     1.240     0.434    -0.242
    -0.294    -1.032     8.730     0.000     1.472     2.376    -0.101
    -0.639     0.575     1.240     1.472     0.000    11.047     1.929
    -0.848     1.443     0.434     2.376    11.047     0.000     7.387
    -0.988     1.287    -0.242    -0.101     1.929     7.387     0.000
