   1.911   2.463   2.310   2.533   2.813   3.295   3.509
   2.463   0.643   1.004   1.276   1.543   2.015   2.238
   2.310   1.004   0.419   1.004   1.307   1.795   2.031
   2.533   1.276   1.004   0.638   1.507   1.996   2.242
   2.813   1.543   1.307   1.507   0.912   2.220   2.474
   3.295   2.015   1.795   1.996   2.220   1.401   2.898
   3.509   2.238   2.031   2.242   2.474   2.898   1.630
