   1.953   0.087   0.052   0.009   0.020   0.031   0.065
   0.087   0.647   0.069   0.007   0.019   0.031   0.062
   0.052   0.069   0.362   0.044   0.024   0.031   0.029
   0.009   0.007   0.044   0.629   0.031   0.037   0.039
   0.020   0.019   0.024   0.031   0.888   0.091   0.037
   0.031   0.031   0.031   0.037   0.091   1.339   0.135
   0.065   0.062   0.029   0.039   0.037   0.135   1.707
