   1.000   0.139   0.068   0.032   0.018   0.036   0.082
   0.139   1.000   0.097   0.049   0.043   0.106   0.179
   0.068   0.097   1.000   0.129   0.020   0.032   0.081
   0.032   0.049   0.129   1.000   0.057   0.086   0.058
   0.018   0.043   0.020   0.057   1.000   0.059   0.034
   0.036   0.106   0.032   0.086   0.059   1.000   0.143
   0.082   0.179   0.081   0.058   0.034   0.143   1.000
