   1.000   0.084   0.082   0.046   0.012   0.056   0.078
   0.084   1.000   0.117   0.112   0.120   0.086   0.106
   0.082   0.117   1.000   0.084   0.048   0.073   0.118
   0.046   0.112   0.084   1.000   0.140   0.124   0.097
   0.012   0.120   0.048   0.140   1.000   0.118   0.063
   0.056   0.086   0.073   0.124   0.118   1.000   0.181
   0.078   0.106   0.118   0.097   0.063   0.181   1.000
