   1.000   0.083   0.103   0.107   0.056   0.052   0.099
   0.083   1.000   0.233   0.185   0.046   0.099   0.147
   0.103   0.233   1.000   0.233   0.056   0.138   0.230
   0.107   0.185   0.233   1.000   0.115   0.146   0.143
   0.056   0.046   0.056   0.115   1.000   0.078   0.045
   0.052   0.099   0.138   0.146   0.078   1.000   0.161
   0.099   0.147   0.230   0.143   0.045   0.161   1.000
