   1.000   0.093   0.073   0.056   0.006   0.050   0.050
   0.093   1.000   0.122   0.097   0.021   0.090   0.085
   0.073   0.122   1.000   0.071   0.056   0.055   0.088
   0.056   0.097   0.071   1.000   0.086   0.066   0.098
   0.006   0.021   0.056   0.086   1.000   0.057   0.034
   0.050   0.090   0.055   0.066   0.057   1.000   0.199
   0.050   0.085   0.088   0.098   0.034   0.199   1.000
