   1.000   0.098   0.073   0.058   0.015   0.058   0.078
   0.098   1.000   0.252   0.092   0.034   0.065   0.111
   0.073   0.252   1.000   0.127   0.066   0.157   0.197
   0.058   0.092   0.127   1.000   0.081   0.100   0.122
   0.015   0.034   0.066   0.081   1.000   0.037   0.050
   0.058   0.065   0.157   0.100   0.037   1.000   0.189
   0.078   0.111   0.197   0.122   0.050   0.189   1.000
