   1.000   0.076   0.075   0.057   0.019   0.054   0.050
   0.076   1.000   0.108   0.083   0.039   0.054   0.070
   0.075   0.108   1.000   0.104   0.027   0.082   0.084
   0.057   0.083   0.104   1.000   0.094   0.102   0.157
   0.019   0.039   0.027   0.094   1.000   0.053   0.028
   0.054   0.054   0.082   0.102   0.053   1.000   0.173
   0.050   0.070   0.084   0.157   0.028   0.173   1.000
