   1.000   0.075   0.050   0.034   0.013   0.035   0.059
   0.075   1.000   0.119   0.090   0.022   0.076   0.057
   0.050   0.119   1.000   0.105   0.020   0.093   0.096
   0.034   0.090   0.105   1.000   0.036   0.100   0.121
   0.013   0.022   0.020   0.036   1.000   0.059   0.036
   0.035   0.076   0.093   0.100   0.059   1.000   0.149
   0.059   0.057   0.096   0.121   0.036   0.149   1.000
