   1.000   0.215   0.098   0.252   0.048   0.137   0.165
   0.215   1.000   0.220   0.249   0.058   0.145   0.181
   0.098   0.220   1.000   0.163   0.065   0.112   0.103
   0.252   0.249   0.163   1.000   0.086   0.171   0.245
   0.048   0.058   0.065   0.086   1.000   0.079   0.051
   0.137   0.145   0.112   0.171   0.079   1.000   0.144
   0.165   0.181   0.103   0.245   0.051   0.144   1.000
