   1.000   0.185   0.101   0.173   0.062   0.103   0.109
   0.185   1.000   0.184   0.191   0.064   0.167   0.177
   0.101   0.184   1.000   0.186   0.070   0.144   0.119
   0.173   0.191   0.186   1.000   0.079   0.146   0.184
   0.062   0.064   0.070   0.079   1.000   0.071   0.036
   0.103   0.167   0.144   0.146   0.071   1.000   0.142
   0.109   0.177   0.119   0.184   0.036   0.142   1.000
