   1.000   0.164   0.114   0.056   0.043   0.153   0.088
   0.164   1.000   0.177   0.062   0.039   0.147   0.119
   0.114   0.177   1.000   0.083   0.033   0.081   0.121
   0.056   0.062   0.083   1.000   0.071   0.072   0.085
   0.043   0.039   0.033   0.071   1.000   0.045   0.047
   0.153   0.147   0.081   0.072   0.045   1.000   0.130
   0.088   0.119   0.121   0.085   0.047   0.130   1.000
