   1.000   0.044   0.038   0.052   0.014   0.027   0.038
   0.044   1.000   0.110   0.079   0.003   0.059   0.042
   0.038   0.110   1.000   0.148   0.059   0.065   0.050
   0.052   0.079   0.148   1.000   0.151   0.099   0.053
   0.014   0.003   0.059   0.151   1.000   0.125   0.033
   0.027   0.059   0.065   0.099   0.125   1.000   0.196
   0.038   0.042   0.050   0.053   0.033   0.196   1.000
