   1.000   0.067   0.060   0.054   0.025   0.065   0.047
   0.067   1.000   0.218   0.205   0.052   0.109   0.070
   0.060   0.218   1.000   0.326   0.065   0.146   0.121
   0.054   0.205   0.326   1.000   0.069   0.165   0.118
   0.025   0.052   0.065   0.069   1.000   0.034   0.028
   0.065   0.109   0.146   0.165   0.034   1.000   0.191
   0.047   0.070   0.121   0.118   0.028   0.191   1.000
