   1.000   0.059   0.038   0.026   0.005   0.069   0.047
   0.059   1.000   0.127   0.048   0.026   0.059   0.063
   0.038   0.127   1.000   0.079   0.011   0.080   0.093
   0.026   0.048   0.079   1.000   0.039   0.065   0.128
   0.005   0.026   0.011   0.039   1.000   0.045   0.029
   0.069   0.059   0.080   0.065   0.045   1.000   0.206
   0.047   0.063   0.093   0.128   0.029   0.206   1.000
