   1.000   0.128   0.038   0.074   0.035   0.058   0.079
   0.128   1.000   0.076   0.092   0.051   0.074   0.184
   0.038   0.076   1.000   0.090   0.046   0.064   0.095
   0.074   0.092   0.090   1.000   0.067   0.101   0.071
   0.035   0.051   0.046   0.067   1.000   0.060   0.055
   0.058   0.074   0.064   0.101   0.060   1.000   0.198
   0.079   0.184   0.095   0.071   0.055   0.198   1.000
