   1.000   0.149   0.071   0.016   0.027   0.046   0.076
   0.149   1.000   0.105   0.051   0.041   0.042   0.158
   0.071   0.105   1.000   0.107   0.030   0.037   0.084
   0.016   0.051   0.107   1.000   0.101   0.090   0.080
   0.027   0.041   0.030   0.101   1.000   0.075   0.053
   0.046   0.042   0.037   0.090   0.075   1.000   0.145
   0.076   0.158   0.084   0.080   0.053   0.145   1.000
