   1.000   0.121   0.093   0.034   0.024   0.053   0.054
   0.121   1.000   0.086   0.065   0.051   0.075   0.217
   0.093   0.086   1.000   0.137   0.016   0.084   0.085
   0.034   0.065   0.137   1.000   0.077   0.137   0.092
   0.024   0.051   0.016   0.077   1.000   0.047   0.042
   0.053   0.075   0.084   0.137   0.047   1.000   0.185
   0.054   0.217   0.085   0.092   0.042   0.185   1.000
