   1.000   0.144   0.031   0.048   0.047   0.043   0.060
   0.144   1.000   0.058   0.094   0.061   0.071   0.151
   0.031   0.058   1.000   0.037   0.058   0.038   0.088
   0.048   0.094   0.037   1.000   0.089   0.101   0.070
   0.047   0.061   0.058   0.089   1.000   0.056   0.052
   0.043   0.071   0.038   0.101   0.056   1.000   0.140
   0.060   0.151   0.088   0.070   0.052   0.140   1.000
