9.999999999999920064e-01 3.653738113527219000e-01 2.619220737144522526e-01 1.067459641319750373e-02 6.326327930856488757e-02 7.132692907436055663e-02 1.580307611862437345e-01 1.872758344525007335e-01 2.404159409198905820e-02 1.691639085645327001e-01 1.763942262619057899e-01 3.374864554483488210e-01 2.130487173413845303e-01 2.196775524037126726e-01 8.450177316241826164e-02 1.984172474113118090e-01 2.590306949534164072e-01 4.174091045378199721e-02 8.920260206982855156e-02 1.641880804538538297e-01 8.192179482626184284e-02 1.713964388611396161e-01 1.159050689957230040e-01 1.184276599118656015e-01 4.256640109936160599e-02 1.127212957717754066e-01 9.807076607842241112e-02 1.433098172807269026e-02 1.745236717895527478e-01 2.142924349723696054e-01 7.697322002262822760e-02 3.244699563759511074e-01 1.370689963113216614e-01 1.703736257143067256e-01 3.404365383519944444e-01 1.665571066104997444e-01 1.066896720895933875e-01 1.974291379560966231e-01 5.045858267608923503e-02 2.710043549696575238e-01 1.234404699131154137e-01 1.536581999674577481e-01 1.142067637297660386e-02 1.968117884226992242e-01 3.104656027277442540e-02 1.256326726082784007e-01 3.458219028828829478e-02 3.023547252667243002e-01 1.636357316531008299e-01 4.135789686247950958e-01
3.653738113527219000e-01 9.999999999999996669e-01 1.252245649390299198e-01 1.438747353699064424e-01 7.514134303167040174e-02 8.525720846663230323e-02 9.762490715873184399e-02 1.219189275925736116e-01 1.292485379235716880e-01 3.448210534483599904e-02 2.106969815041489225e-01 6.885195288008948145e-02 2.798917005799537172e-01 9.997476323555810895e-02 1.903399456956448785e-02 8.592611474131583993e-02 2.346968699748580856e-01 2.474274356108410386e-02 7.396127780050636147e-02 2.069273963500949387e-01 1.337794052977797354e-01 2.595078440502831055e-02 1.444964101202685924e-01 1.497595060966836478e-01 7.982172888405314470e-02 1.014910147247131272e-01 8.778374407266122115e-02 1.064760696175101745e-01 8.689964354556806159e-02 3.181433646848503410e-02 3.067942270428547502e-01 9.946032822611251822e-02 1.521701169140906862e-01 4.575526717178729497e-02 1.026226674108236397e-01 1.503678946748315537e-01 7.811380438417603322e-02 7.095562215755833735e-02 1.632854423600379190e-01 2.438010723045579697e-01 1.054061455735047503e-01 3.821481270347164561e-01 7.348998033154362231e-02 1.627293335956743192e-01 9.893550806386890162e-02 1.583102316029339207e-01 6.616114750721502347e-02 1.324809900448338518e-01 5.183895276483471148e-01 3.277436244248652097e-01
2.619220737144522526e-01 1.252245649390299198e-01 1.000000000000001554e+00 2.034810721411786927e-01 1.778859455259090838e-01 4.866767286811361087e-02 6.275873559002320690e-02 6.289602623988038710e-01 3.165809009711048061e-01 1.688442528959772371e-01 2.627173871240919278e-01 2.578295377084271478e-01 1.557027121706677508e-01 2.785776709851777930e-02 3.278149301529235671e-01 1.477381109135201542e-01 2.413566131250940716e-01 1.530227842208427280e-01 5.618834119464287680e-01 6.692950993110681479e-02 3.854034775729844875e-01 3.128348760788642324e-01 1.276324493855917896e-01 4.038574292402781207e-01 1.685758665977391269e-01 4.623379285481715728e-02 9.347212167227621216e-02 2.021125566681633290e-01 1.349199372059797092e-02 1.949874159973147558e-01 6.406748360102763884e-02 2.227068289733956374e-01 1.105336267133927713e-01 5.237931990874471894e-02 2.266561225458277873e-01 2.155963574277810005e-02 3.136842705976825574e-01 7.174850954151076876e-02 2.042252971211572510e-01 2.128108006433606370e-01 1.207029857391653249e-01 1.149828364728697344e-01 2.201815180739048750e-01 9.983504826759599660e-02 1.961215744121028448e-01 9.138347209061496723e-02 8.281357458232861679e-02 1.187623218804053776e-01 1.692209755847926544e-01 5.881478802579620524e-02
1.067459641319750373e-02 1.438747353699064424e-01 2.034810721411786927e-01 9.999999999999952260e-01 1.231945332924317404e-01 1.401545424396438977e-01 1.189215237301884526e-01 1.183069104838390534e-01 4.687267453814737000e-02 1.210687222152037473e-01 2.253013366481505242e-01 7.667579121651253715e-02 8.250958101603370065e-02 4.510200812910595408e-02 2.865880934848846207e-01 1.688064194468456014e-01 1.937391691245590186e-01 1.522434244169499629e-01 2.872274597411841324e-01 1.260049856244199462e-01 9.757546382937309914e-02 1.340688179397178659e-01 2.622809959486790965e-01 1.283285936087236179e-01 2.054239016318116506e-01 4.963906447432828162e-02 1.406877275649354442e-01 2.750173269127551001e-01 7.463511815584109033e-02 1.432803631555829016e-01 2.133450105058603830e-01 4.159540693285854879e-02 7.721810994433282727e-02 8.663604807750029113e-02 1.966254756257564476e-02 1.561916072548380219e-01 3.070570580688551932e-01 1.579579861065427138e-01 3.026519480564528464e-01 1.632856146158908894e-01 4.146720137933735534e-02 2.759301042812914995e-01 6.855035346177917877e-02 1.637812535161031410e-02 1.769352414266013029e-01 5.378313093397366074e-02 1.972962403386898864e-02 1.277607674860027354e-01 8.950373923651128161e-02 8.711168807565643213e-02
6.326327930856488757e-02 7.514134303167040174e-02 1.778859455259090838e-01 1.231945332924317404e-01 1.000000000000001110e+00 1.034132770612580382e-01 4.523017792870744763e-02 1.297229844927792475e-01 1.347592320386496179e-01 1.148022536652377051e-01 2.165158261471537282e-01 7.573661760902287987e-02 2.739171554418008414e-01 1.364704679429532552e-01 1.009129445348507376e-01 1.282750522740149779e-01 2.523785118886080411e-03 1.615876912238690399e-01 5.272497304772899573e-02 1.131925898691456128e-01 1.749584408804940316e-01 1.903566082951358152e-01 7.480251817942167036e-02 5.679948243220548365e-01 2.558156932768927416e-01 1.198265598616004603e-02 8.855753441280704574e-02 1.177712708107083867e-01 1.665568346067965722e-01 5.300145957787173456e-01 3.721578829213781359e-02 2.573822267412770315e-01 1.212239604485739752e-01 2.146449948441244981e-01 1.954725695708110778e-01 1.113014847548953745e-01 1.403325617549797399e-01 1.038845150916350990e-01 1.345414628928847389e-01 9.210343551368661841e-02 3.371320589792172612e-02 1.485558058624714649e-02 4.847152014897821437e-01 6.695488020114125083e-02 2.201501827462166438e-01 1.439657100392436051e-01 8.839165265296800023e-02 1.279898701219774615e-01 1.021067007487448663e-02 1.812006959989898858e-01
7.132692907436055663e-02 8.525720846663230323e-02 4.866767286811361087e-02 1.401545424396438977e-01 1.034132770612580382e-01 1.000000000000013101e+00 3.159366769930507246e-01 6.107643811408944995e-02 5.897592682549990944e-02 2.515801819469243861e-01 1.136217075004221227e-01 1.298583577851438464e-01 1.212104841369855829e-01 2.055361028591653205e-01 3.105839069955466658e-01 6.206088702402676183e-02 1.040156230123297498e-01 1.708930079265106039e-01 3.476976755978829492e-01 3.632855644754887092e-01 1.127166021715142880e-01 1.601382884873253920e-01 3.196825605545762783e-01 1.099260856502466549e-01 8.349915700739996005e-02 9.431681684103909724e-02 2.774806939677652018e-01 3.171122173159230395e-01 6.380644960885852035e-02 4.393235014695118235e-02 2.022553691304721790e-01 3.191403352184856157e-01 2.863689454502830745e-01 2.046649030028267202e-01 1.593720052201800796e-01 4.276798289070143227e-02 1.625948709090379862e-01 3.315914966250377849e-01 9.822467184402278173e-02 1.081826219130603423e-01 9.880745987692947374e-02 1.060939126785514081e-01 1.872837954748779454e-01 6.299687571725844093e-02 1.229679958129225731e-01 1.163771498282019506e-01 6.233528029699827999e-02 2.488563996252926014e-01 1.532988422872152978e-01 6.029200913473364148e-02
1.580307611862437345e-01 9.762490715873184399e-02 6.275873559002320690e-02 1.189215237301884526e-01 4.523017792870744763e-02 3.159366769930507246e-01 9.999999999999973355e-01 9.644864526587486331e-02 1.873162190902908641e-01 6.977311227601989962e-02 5.125860103362749748e-02 1.668529471414385013e-01 2.119439348777520105e-01 6.551998398597960738e-02 2.043626766058013466e-01 1.729542966245095903e-01 1.181991998196704891e-01 8.071811297566398868e-02 1.400238453337874500e-01 5.507401916105369305e-02 3.953732886022622711e-02 9.284176313394727764e-02 3.174211122984209044e-01 8.754382382815996400e-02 2.710641673616538960e-01 2.066352554559508226e-01 2.687954814538064396e-01 2.761670271908326924e-01 5.929307308196484806e-03 1.047769395083396199e-01 7.492657577934769275e-02 8.744221952113966079e-02 2.039846865593857306e-01 9.798022793714587786e-02 2.998298690708775527e-01 1.647215614943876860e-01 1.623727039662487825e-01 6.333420248869010838e-02 1.672593504078946358e-01 5.169342792932987707e-02 3.762787227910507348e-01 4.085384136453900500e-02 2.110093372482585786e-02 6.472762167524322152e-02 3.750217998839288497e-02 1.255137632491841460e-01 1.013488431817338858e-01 1.913932940589571086e-01 2.236330587052269558e-01 9.946611496501227279e-02
1.872758344525007335e-01 1.219189275925736116e-01 6.289602623988038710e-01 1.183069104838390534e-01 1.297229844927792475e-01 6.107643811408944995e-02 9.644864526587486331e-02 1.000000000000003109e+00 2.538386473776857999e-01 1.108946109047530687e-01 2.963387180165761303e-01 1.870145280838433344e-01 1.213357536992953484e-01 6.102547530530941927e-02 2.683772167295767064e-01 1.699706609838227411e-01 3.314803628326647433e-01 2.147860964579632048e-01 3.353242279220880473e-01 1.623845063477294057e-02 2.351928547863482433e-01 2.779068883298281833e-01 1.060626704640441065e-01 3.179122006764328323e-01 5.401411284273651553e-02 1.116858015744742610e-01 1.814718825300975710e-02 9.104696525621143455e-02 5.455114290040127129e-02 1.709676693162114625e-01 1.794205137048488219e-01 1.112658178219680938e-01 1.445822540096374509e-01 4.787389989991300970e-02 2.030411409425136871e-01 6.638824455986085116e-02 1.365446964587986312e-01 2.154676515769461398e-01 2.752588688938601424e-01 1.044892089791194384e-01 1.834572182400925067e-01 5.866887645895435544e-02 2.011162035420752670e-01 7.275000278904859841e-02 1.564295499894055863e-01 2.655774097719384441e-01 7.763022126276608592e-02 3.147356491375117304e-01 2.477911562089328557e-01 8.026943232614368318e-02
2.404159409198905820e-02 1.292485379235716880e-01 3.165809009711048061e-01 4.687267453814737000e-02 1.347592320386496179e-01 5.897592682549990944e-02 1.873162190902908641e-01 2.538386473776857999e-01 1.000000000000000888e+00 6.094955795197762316e-02 2.461585790411046915e-01 1.655586462108575574e-01 2.148179650693117504e-01 1.886369607383202585e-01 2.248893602242102163e-01 6.452730516378542280e-02 1.033942539245233938e-01 7.154182292214648908e-02 1.943428562184160713e-01 3.636397671962098704e-02 4.328802887905094932e-01 2.610928706811436739e-01 1.917130374927344949e-01 1.579743968974440804e-01 5.197500601470000925e-02 5.758520530954789468e-02 1.973210736190109948e-01 3.967405756159800845e-01 1.526296070057493459e-01 2.205537824879484632e-01 7.953869473539872809e-03 7.150644420060352224e-02 1.259418479369559529e-01 1.034455635501087545e-01 9.638396931270985790e-02 6.931197638915126413e-02 8.200794973527243681e-02 1.454506285105638952e-01 1.622480746320534573e-01 2.261984001265796296e-01 1.139452691537087836e-01 6.219512894273395570e-02 2.747806220574076641e-01 3.455273666534589005e-01 1.533007268786995281e-01 6.407453383499989163e-02 3.339787497777382819e-01 1.773044088684162245e-01 6.348359018330657078e-02 1.757214902866580664e-01
1.691639085645327001e-01 3.448210534483599904e-02 1.688442528959772371e-01 1.210687222152037473e-01 1.148022536652377051e-01 2.515801819469243861e-01 6.977311227601989962e-02 1.108946109047530687e-01 6.094955795197762316e-02 9.999999999999973355e-01 1.062455321190347163e-01 2.358717867104459520e-02 7.890909636349120737e-02 7.899999344270347557e-02 2.929393856047737832e-01 4.372196187406523493e-01 4.134351862664773641e-02 1.666193977471681631e-01 2.257363173977696702e-01 1.225018788021220439e-01 4.380176678028975257e-01 7.632564630112774473e-02 7.486407734415963244e-02 4.136807004844056390e-02 3.196823206377847892e-01 8.342772383163837846e-02 9.779502318555510776e-02 1.085991696153371100e-01 1.113106735561391475e-01 4.487039229885358971e-03 1.219562487822159619e-01 1.751387644890163922e-02 2.405144033833307160e-01 1.724472645687620265e-01 2.046738182744273493e-01 5.917145610747852856e-03 2.245148319535492654e-01 1.663496549912476807e-01 2.419256704362622579e-02 3.164863787400286066e-01 2.504632050328300941e-01 1.124033224461481462e-01 2.451747879870583569e-01 8.532009843461176024e-02 4.176396120994064348e-02 3.754362757111662230e-02 2.471044333307416963e-01 2.710753736893523613e-01 2.895470530089326935e-02 2.424911455227643786e-01
1.763942262619057899e-01 2.106969815041489225e-01 2.627173871240919278e-01 2.253013366481505242e-01 2.165158261471537282e-01 1.136217075004221227e-01 5.125860103362749748e-02 2.963387180165761303e-01 2.461585790411046915e-01 1.062455321190347163e-01 1.000000000000003109e+00 7.479333676716500012e-02 1.691771712492249127e-02 8.582183722945896376e-02 3.768036880573705782e-01 1.048027752997645057e-01 4.085222901225250003e-01 8.488232941456530511e-02 1.923570653877375580e-01 4.639723317335675556e-02 6.180441836199691147e-02 2.664416041987461847e-01 9.249895058085512434e-02 2.315518174411185515e-01 2.768551606278852380e-03 1.699697609751170402e-01 4.374626387700497610e-02 3.408325394351938847e-02 1.469659264069246296e-01 2.411745007526341633e-01 1.803958411707986265e-01 3.508340155964682627e-01 5.451242235149603849e-02 2.035449374641725914e-02 2.450532112680154084e-01 2.014645593397688117e-01 1.320935955470677568e-02 4.401513605192890893e-02 7.290974870650170081e-02 1.015483818953721445e-01 5.557345134183668683e-02 1.766885762507779123e-01 1.421516424766352815e-01 6.356753102968577818e-02 2.108555690669687011e-01 4.065465600344790598e-02 1.070386800994139326e-01 1.740654053434105286e-01 3.340068495537586168e-02 2.639181718191088710e-01
3.374864554483488210e-01 6.885195288008948145e-02 2.578295377084271478e-01 7.667579121651253715e-02 7.573661760902287987e-02 1.298583577851438464e-01 1.668529471414385013e-01 1.870145280838433344e-01 1.655586462108575574e-01 2.358717867104459520e-02 7.479333676716500012e-02 1.000000000000007550e+00 6.316403184431512718e-02 2.083616347833096294e-01 1.400770386291792791e-01 5.080423133980748601e-02 2.311759216566298125e-01 2.066953851365823380e-01 2.002883516624216209e-01 1.896736306337741818e-01 1.872844596254218119e-02 5.366704591780436795e-01 2.283321695739739809e-01 7.741846642500177511e-02 5.379394231777131358e-03 1.307078152627634549e-01 2.062270389774130130e-01 1.200923649284160039e-01 3.652531426009663629e-01 2.685826129877103008e-01 1.276214126851943076e-01 2.030213882084800081e-01 1.249224836605544037e-01 1.291096891843918903e-01 8.980765035533251617e-02 4.926356508380719812e-01 2.031822100854492053e-01 4.204600482713258813e-01 1.092559957243381397e-01 1.206520972830885663e-01 1.659813626923655472e-01 3.195933572796332001e-02 8.662320580477111953e-03 1.659146270533249090e-01 3.469849912778389389e-01 4.791806543212109304e-01 1.592959074657098600e-02 1.091674036553348798e-01 3.112765133893922662e-02 8.438053870421990954e-02
2.130487173413845303e-01 2.798917005799537172e-01 1.557027121706677508e-01 8.250958101603370065e-02 2.739171554418008414e-01 1.212104841369855829e-01 2.119439348777520105e-01 1.213357536992953484e-01 2.148179650693117504e-01 7.890909636349120737e-02 1.691771712492249127e-02 6.316403184431512718e-02 1.000000000000002442e+00 2.337379482258337970e-01 6.852979021608908428e-02 2.559210095092519510e-01 5.237860285827702217e-02 2.459111275323586088e-02 6.685351508222292516e-02 1.119598812447211017e-01 2.573760549834189226e-01 3.404863852471091273e-02 7.157954058332062497e-02 1.037021641978655845e-01 3.875806566170365008e-01 1.339102241205531764e-02 8.648809362929886502e-02 2.806674585952501078e-02 2.755643949960936978e-01 2.707610622177172854e-01 1.926800623069866436e-01 2.196034699450110372e-01 4.401214163409328251e-02 1.566597286852763615e-01 1.568651869297000845e-01 3.069954410087032959e-01 1.470690992041002176e-01 1.274503162068494622e-01 1.476892333171706817e-01 2.168906839665264707e-01 1.653327106647548839e-01 1.872722588093171103e-01 2.498440848286993532e-01 7.971139759864503960e-02 1.426566500511569080e-01 2.219021500041891970e-01 1.384188061113983681e-01 3.580101108706313373e-01 1.641428201792415886e-01 9.861832647132044716e-02
2.196775524037126726e-01 9.997476323555810895e-02 2.785776709851777930e-02 4.510200812910595408e-02 1.364704679429532552e-01 2.055361028591653205e-01 6.551998398597960738e-02 6.102547530530941927e-02 1.886369607383202585e-01 7.899999344270347557e-02 8.582183722945896376e-02 2.083616347833096294e-01 2.337379482258337970e-01 1.000000000000001554e+00 1.194838102172756239e-01 1.529281278963571800e-01 3.514284144089747236e-02 2.625152230247623786e-01 6.881829163602848354e-02 2.860238761415011544e-01 2.563706810548707082e-01 4.590584990895785894e-02 1.128948639830049810e-02 1.438485570019323347e-02 8.161477841104476660e-02 1.179138033803533298e-01 1.131577220751106144e-01 6.527770039702719684e-02 3.021610442479032432e-01 2.002792071786509698e-01 2.299899347728240340e-01 6.956118307341545293e-02 2.433893436734642021e-02 2.782325444608408360e-01 7.024817910596987958e-02 2.540111736922253116e-01 9.150851539657679432e-03 4.163641135954948003e-01 1.538133201596817747e-02 1.104740730429354251e-01 6.216141121162060967e-02 1.582404453108113007e-01 2.066825579063208129e-01 6.507618968303784113e-02 1.814460699372535402e-01 2.913778386175534529e-01 5.745786220116760185e-02 2.188239994543199618e-01 1.239489484174257222e-01 5.766462609106642878e-01
8.450177316241826164e-02 1.903399456956448785e-02 3.278149301529235671e-01 2.865880934848846207e-01 1.009129445348507376e-01 3.105839069955466658e-01 2.043626766058013466e-01 2.683772167295767064e-01 2.248893602242102163e-01 2.929393856047737832e-01 3.768036880573705782e-01 1.400770386291792791e-01 6.852979021608908428e-02 1.194838102172756239e-01 9.999999999999991118e-01 1.161215155540944004e-02 2.008973381327308350e-01 1.135900972596687458e-01 4.277143016330112180e-01 1.297216267429988357e-01 3.175300986556925942e-01 3.384846214248862784e-01 2.581532348020080803e-01 6.369814924832205294e-02 1.053638688858694050e-01 4.289366105490512865e-02 4.366788037802649125e-02 2.734245735618011652e-01 1.243527704686276242e-01 3.100628559358812111e-02 1.214093463868527040e-01 7.596269752526178809e-02 4.044840939770262267e-01 2.634040474811946697e-01 8.912977516725516247e-02 2.642743164809016609e-01 1.192023081644886240e-01 3.882436972364225469e-01 2.938752356311709613e-01 1.421058382387651864e-01 1.742409105823996829e-01 1.254849166464057364e-01 2.963755918949171897e-01 2.781066715495726302e-02 2.540400988147831218e-01 1.980687818768563646e-01 2.510240008017536884e-01 2.273432094456212527e-01 5.162774511240564995e-02 1.510045319100421224e-01
1.984172474113118090e-01 8.592611474131583993e-02 1.477381109135201542e-01 1.688064194468456014e-01 1.282750522740149779e-01 6.206088702402676183e-02 1.729542966245095903e-01 1.699706609838227411e-01 6.452730516378542280e-02 4.372196187406523493e-01 1.048027752997645057e-01 5.080423133980748601e-02 2.559210095092519510e-01 1.529281278963571800e-01 1.161215155540944004e-02 9.999999999999991118e-01 3.302043531326390863e-02 3.074247907396870372e-01 9.208891706497786267e-02 1.922926486368929933e-01 1.681749129795590270e-01 8.459676616810735128e-02 6.260622313326123789e-02 1.737436457890143837e-01 2.677935647479790515e-01 2.138141217639990266e-01 9.093070378775197637e-02 2.576620637424310856e-02 2.159936902917318144e-02 5.865960871549167482e-02 1.761305613811721960e-01 6.133847738362751406e-02 1.970477808396838837e-01 1.891718318653897446e-01 2.765005541209732409e-01 2.039643958650760522e-02 1.459247776630230031e-01 2.034180080040624006e-01 1.621004478793063031e-02 1.434936745673060787e-01 2.921664448780497136e-01 1.679153545938940617e-01 5.768947564654420407e-02 4.828678252542516897e-02 1.808310724863613217e-01 2.193670238581487963e-01 1.139361642784557371e-02 2.062116119521316404e-01 8.533828258452776094e-02 1.453937856562997621e-01
2.590306949534164072e-01 2.346968699748580856e-01 2.413566131250940716e-01 1.937391691245590186e-01 2.523785118886080411e-03 1.040156230123297498e-01 1.181991998196704891e-01 3.314803628326647433e-01 1.033942539245233938e-01 4.134351862664773641e-02 4.085222901225250003e-01 2.311759216566298125e-01 5.237860285827702217e-02 3.514284144089747236e-02 2.008973381327308350e-01 3.302043531326390863e-02 1.000000000000002665e+00 1.026733404000274713e-01 1.661022991810716665e-01 4.418485134716843010e-02 1.194905057173793229e-02 2.572459488517088722e-01 7.159158224330441911e-02 1.892210915295702289e-01 8.847338955879069378e-02 6.103856659847697874e-02 8.032230725421536655e-02 7.312668004184630366e-02 2.223523290928035578e-01 2.281461202808227062e-01 2.666335940448366082e-01 4.706361373222087696e-01 6.469686915454490872e-02 2.120193728971817362e-02 2.817039321687095366e-01 2.542397617791640196e-01 9.090034630448584618e-02 5.195849838130441739e-02 9.744184919207980744e-02 1.835771711109354110e-01 5.486619983024506458e-02 2.225263890285617829e-01 5.474360137004110477e-02 1.158986219640182336e-01 5.377541869080904730e-02 1.039831073354420821e-01 2.983203074300007016e-02 2.624788595943611247e-01 2.063757273429328853e-01 4.151862122057784626e-02
4.174091045378199721e-02 2.474274356108410386e-02 1.530227842208427280e-01 1.522434244169499629e-01 1.615876912238690399e-01 1.708930079265106039e-01 8.071811297566398868e-02 2.147860964579632048e-01 7.154182292214648908e-02 1.666193977471681631e-01 8.488232941456530511e-02 2.066953851365823380e-01 2.459111275323586088e-02 2.625152230247623786e-01 1.135900972596687458e-01 3.074247907396870372e-01 1.026733404000274713e-01 1.000000000000002665e+00 1.113631546352395890e-01 1.375588567982487520e-01 1.110350507273674125e-01 3.346680184275416248e-01 1.706882011593655324e-01 1.493062104721085415e-01 8.424000337732973076e-02 2.955866449389312756e-01 2.544586756442790421e-01 5.986824615973482949e-02 1.454818845587236009e-01 1.000738793349432304e-01 2.133176250927684356e-02 1.304273411131144089e-01 7.743669990989723861e-02 2.005618334970979133e-01 3.371011720477656293e-01 1.703182015925651382e-01 5.609359128143304174e-02 2.164139530895253793e-01 6.939141365580443754e-02 2.568086800747455545e-01 1.516360945121126569e-01 1.255003660995774595e-01 1.860558984200108013e-01 1.611618789193042245e-01 4.176806358693103682e-01 4.509811694686972072e-01 6.636316240928630955e-03 1.361841261636830003e-01 1.090317528601199015e-01 1.212479411223871956e-01
8.920260206982855156e-02 7.396127780050636147e-02 5.618834119464287680e-01 2.872274597411841324e-01 5.272497304772899573e-02 3.476976755978829492e-01 1.400238453337874500e-01 3.353242279220880473e-01 1.943428562184160713e-01 2.257363173977696702e-01 1.923570653877375580e-01 2.002883516624216209e-01 6.685351508222292516e-02 6.881829163602848354e-02 4.277143016330112180e-01 9.208891706497786267e-02 1.661022991810716665e-01 1.113631546352395890e-01 9.999999999999973355e-01 1.351032677224755230e-01 1.389339543425466006e-01 2.760231676561009095e-01 4.082417165397265180e-01 1.978990757625248842e-01 1.158172413976851917e-01 1.407099539677653943e-01 1.317800163129724533e-01 1.553905952605851015e-01 2.188363872735664059e-02 5.036738876517937724e-02 1.383768740538139641e-01 2.176166609388444362e-01 1.885553299768647495e-01 7.517420237735410182e-02 1.907763661964380353e-01 3.135816029985770848e-03 4.070601087114374406e-01 1.320361147525187240e-01 3.731738612281312317e-01 1.017771542872199370e-01 2.652712058426961450e-01 3.829554830466674192e-02 2.374233945927521072e-01 6.327219873161676889e-02 1.303192400746299995e-01 4.042336154559605238e-02 2.734325445044332170e-01 7.187335365271178833e-02 1.021640560324387631e-01 1.506569249879251456e-02
1.641880804538538297e-01 2.069273963500949387e-01 6.692950993110681479e-02 1.260049856244199462e-01 1.131925898691456128e-01 3.632855644754887092e-01 5.507401916105369305e-02 1.623845063477294057e-02 3.636397671962098704e-02 1.225018788021220439e-01 4.639723317335675556e-02 1.896736306337741818e-01 1.119598812447211017e-01 2.860238761415011544e-01 1.297216267429988357e-01 1.922926486368929933e-01 4.418485134716843010e-02 1.375588567982487520e-01 1.351032677224755230e-01 9.999999999999990008e-01 4.014933235063552347e-02 2.284260385871233756e-01 1.058953482399628415e-01 1.548037083209601039e-01 1.258620718923977311e-01 2.414467907432022165e-01 9.843158123108246282e-02 3.276921300115187563e-01 6.434428033982668438e-02 3.218015501576369092e-02 2.043838378321891636e-01 1.040104889129719740e-01 2.603064775515266382e-01 4.174540595282478783e-01 8.200092688187367307e-02 8.634147567213733276e-02 4.139369678415762144e-02 3.717546372693025791e-01 2.162795438501367851e-02 1.873237052120141077e-01 1.107720466609417587e-01 1.822336490370430051e-01 1.295403801420348111e-01 3.474398717544496806e-02 1.799822094099941261e-01 1.042672106276703176e-01 1.275030945495571159e-02 1.571864143567236749e-01 4.133426457749699856e-01 2.824961860506885469e-01
8.192179482626184284e-02 1.337794052977797354e-01 3.854034775729844875e-01 9.757546382937309914e-02 1.749584408804940316e-01 1.127166021715142880e-01 3.953732886022622711e-02 2.351928547863482433e-01 4.328802887905094932e-01 4.380176678028975257e-01 6.180441836199691147e-02 1.872844596254218119e-02 2.573760549834189226e-01 2.563706810548707082e-01 3.175300986556925942e-01 1.681749129795590270e-01 1.194905057173793229e-02 1.110350507273674125e-01 1.389339543425466006e-01 4.014933235063552347e-02 1.000000000000000666e+00 2.784875503054103432e-02 6.122371536257179697e-02 8.174594868953573290e-02 1.768311205786998463e-01 7.261446863129612794e-02 8.827084134645339641e-02 2.212896900761648633e-01 4.690411174058457117e-02 8.895071207796766133e-02 9.618254214569664506e-02 2.042670849261477017e-02 1.305234838560309085e-01 1.697352120449836244e-01 4.882235109845128873e-02 1.419645241309851029e-02 1.202586790566674141e-01 7.798955889804276564e-02 2.091735912297367772e-01 2.943792946459600213e-01 2.071252666876236340e-02 2.666820121433055024e-01 2.516647691831053746e-01 2.626635987130383487e-01 1.316953231176937709e-02 6.330851520562336132e-02 1.970373771689036824e-01 1.645725851261158335e-01 7.307852883377391473e-02 1.990563227170126792e-01
1.713964388611396161e-01 2.595078440502831055e-02 3.128348760788642324e-01 1.340688179397178659e-01 1.903566082951358152e-01 1.601382884873253920e-01 9.284176313394727764e-02 2.779068883298281833e-01 2.610928706811436739e-01 7.632564630112774473e-02 2.664416041987461847e-01 5.366704591780436795e-01 3.404863852471091273e-02 4.590584990895785894e-02 3.384846214248862784e-01 8.459676616810735128e-02 2.572459488517088722e-01 3.346680184275416248e-01 2.760231676561009095e-01 2.284260385871233756e-01 2.784875503054103432e-02 9.999999999999992228e-01 1.792813066036910985e-01 2.388945302885371602e-01 4.521707097279917958e-02 1.251533787967402389e-01 1.708137487467124016e-01 2.566019823781546805e-01 3.556372547288043084e-01 2.688223315944719416e-01 2.005957229705087608e-01 3.241798082844489226e-01 3.833349360313899612e-01 2.774486008379096202e-01 2.283831335936905294e-01 2.437553325775519975e-01 1.222954400679916592e-01 2.224675785298152464e-01 1.671372260993932990e-01 1.900829495054277285e-01 2.801564579795066123e-01 1.849277184804819577e-02 1.533251916561522432e-01 6.433347093181522591e-02 6.050776618867712564e-01 3.351682669813610960e-01 4.999487682121857984e-02 4.261278348910840091e-02 6.137313417914620067e-02 1.512282059804512940e-02
1.159050689957230040e-01 1.444964101202685924e-01 1.276324493855917896e-01 2.622809959486790965e-01 7.480251817942167036e-02 3.196825605545762783e-01 3.174211122984209044e-01 1.060626704640441065e-01 1.917130374927344949e-01 7.486407734415963244e-02 9.249895058085512434e-02 2.283321695739739809e-01 7.157954058332062497e-02 1.128948639830049810e-02 2.581532348020080803e-01 6.260622313326123789e-02 7.159158224330441911e-02 1.706882011593655324e-01 4.082417165397265180e-01 1.058953482399628415e-01 6.122371536257179697e-02 1.792813066036910985e-01 1.000000000000004441e+00 1.416026932861141896e-01 8.518503311279378154e-02 2.266766710759037240e-01 4.911082147301185086e-01 4.029109295642408495e-01 1.291853820624972449e-01 2.174922626759795072e-02 5.682542143224598302e-02 6.881701028828025868e-02 2.965563004765956467e-01 2.985027537581151982e-02 5.639622024192103567e-02 1.084322527602817193e-01 3.797010331447938647e-01 6.715062833146644150e-02 2.403991835615749972e-01 3.370726666334626365e-01 3.463603723575028326e-01 2.539408581821906222e-02 6.813509334485665092e-02 3.400875087323038115e-01 8.252272435128336914e-02 9.922281294752238745e-02 1.432503703904424441e-01 6.070744702942424548e-02 1.028108031306454034e-01 1.059830537678599360e-01
1.184276599118656015e-01 1.497595060966836478e-01 4.038574292402781207e-01 1.283285936087236179e-01 5.679948243220548365e-01 1.099260856502466549e-01 8.754382382815996400e-02 3.179122006764328323e-01 1.579743968974440804e-01 4.136807004844056390e-02 2.315518174411185515e-01 7.741846642500177511e-02 1.037021641978655845e-01 1.438485570019323347e-02 6.369814924832205294e-02 1.737436457890143837e-01 1.892210915295702289e-01 1.493062104721085415e-01 1.978990757625248842e-01 1.548037083209601039e-01 8.174594868953573290e-02 2.388945302885371602e-01 1.416026932861141896e-01 9.999999999999990008e-01 2.588645298877593759e-01 1.326853989198438673e-02 1.136494938691106765e-01 2.379088249025820279e-01 4.699357385085044941e-02 2.771767638279383217e-01 9.662307666422996488e-02 3.843521836025963201e-01 1.475569341151020952e-01 1.634776916998741392e-01 2.341791543230898054e-01 1.118415326273334252e-02 1.252005191048984334e-01 9.237899296065099630e-02 2.052506666591440709e-01 2.387349496856883135e-01 1.105009714082495625e-01 7.094352042282904558e-02 2.928261630540182070e-01 7.465668562925348306e-02 2.027872261203700621e-01 1.053611691929296351e-01 9.651424067315254873e-02 1.780018656566564050e-01 1.108528542135056999e-01 7.162592878511853112e-02
4.256640109936160599e-02 7.982172888405314470e-02 1.685758665977391269e-01 2.054239016318116506e-01 2.558156932768927416e-01 8.349915700739996005e-02 2.710641673616538960e-01 5.401411284273651553e-02 5.197500601470000925e-02 3.196823206377847892e-01 2.768551606278852380e-03 5.379394231777131358e-03 3.875806566170365008e-01 8.161477841104476660e-02 1.053638688858694050e-01 2.677935647479790515e-01 8.847338955879069378e-02 8.424000337732973076e-02 1.158172413976851917e-01 1.258620718923977311e-01 1.768311205786998463e-01 4.521707097279917958e-02 8.518503311279378154e-02 2.588645298877593759e-01 9.999999999999987788e-01 2.208661000704306362e-02 3.326302061905168639e-01 1.689267231229306665e-01 8.093147968371973422e-02 1.001421647015685035e-01 1.732435449588585474e-01 4.828661981172618217e-02 2.671344122074009383e-02 2.292676860547886442e-01 2.940467061382515124e-01 2.211608734265677612e-01 8.879978249955200464e-02 1.060519079919356872e-01 1.910764585994614018e-01 6.672992940863169131e-02 2.736153809432013140e-01 9.979823214425594113e-02 4.878014863798546541e-02 2.155793482045899670e-02 1.413712651641216567e-01 1.920521071160064264e-01 2.011905876080089667e-02 8.414655512211356714e-02 6.229289235721732765e-02 1.911419028319225888e-01
1.127212957717754066e-01 1.014910147247131272e-01 4.623379285481715728e-02 4.963906447432828162e-02 1.198265598616004603e-02 9.431681684103909724e-02 2.066352554559508226e-01 1.116858015744742610e-01 5.758520530954789468e-02 8.342772383163837846e-02 1.699697609751170402e-01 1.307078152627634549e-01 1.339102241205531764e-02 1.179138033803533298e-01 4.289366105490512865e-02 2.138141217639990266e-01 6.103856659847697874e-02 2.955866449389312756e-01 1.407099539677653943e-01 2.414467907432022165e-01 7.261446863129612794e-02 1.251533787967402389e-01 2.266766710759037240e-01 1.326853989198438673e-02 2.208661000704306362e-02 1.000000000000001554e+00 2.301537169261564097e-01 7.016476902644494529e-02 5.682336644670047537e-02 5.561974520142303618e-02 2.193904164822278180e-01 9.858310610407076957e-02 9.118007024250000814e-02 6.056111374969173206e-02 1.595448043632738677e-01 8.356819296078706397e-03 2.439388327397542244e-01 1.887388831964066094e-01 1.100363414724024880e-01 1.206030543176088293e-01 1.267188120330860202e-01 2.671200641725952063e-01 4.449364697877802172e-02 3.992306801360620550e-01 7.283531428344647285e-02 2.835801602983926140e-01 2.216873761092790218e-01 3.659382226670578747e-02 1.046773821757300410e-01 2.101836907449589897e-01
9.807076607842241112e-02 8.778374407266122115e-02 9.347212167227621216e-02 1.406877275649354442e-01 8.855753441280704574e-02 2.774806939677652018e-01 2.687954814538064396e-01 1.814718825300975710e-02 1.973210736190109948e-01 9.779502318555510776e-02 4.374626387700497610e-02 2.062270389774130130e-01 8.648809362929886502e-02 1.131577220751106144e-01 4.366788037802649125e-02 9.093070378775197637e-02 8.032230725421536655e-02 2.544586756442790421e-01 1.317800163129724533e-01 9.843158123108246282e-02 8.827084134645339641e-02 1.708137487467124016e-01 4.911082147301185086e-01 1.136494938691106765e-01 3.326302061905168639e-01 2.301537169261564097e-01 1.000000000000001110e+00 1.444111739195219901e-01 1.450267274524024985e-01 1.395866883799572467e-01 3.578519056647409130e-02 8.981607947105574308e-02 1.283016900400036076e-01 6.520554120731504588e-02 1.428820553466992604e-01 7.201620173090374222e-02 2.777544405624377544e-01 9.210988166090570972e-02 9.530672637104643796e-02 2.974556557325043760e-01 2.054087100421499168e-01 3.416367295973177926e-02 8.090168393596573748e-02 2.624790309077719708e-01 4.643596953557680568e-02 6.678022942594653844e-02 1.452551758222713485e-01 5.778943330805947015e-04 6.381174054113715466e-02 2.875067247969834150e-01
1.433098172807269026e-02 1.064760696175101745e-01 2.021125566681633290e-01 2.750173269127551001e-01 1.177712708107083867e-01 3.171122173159230395e-01 2.761670271908326924e-01 9.104696525621143455e-02 3.967405756159800845e-01 1.085991696153371100e-01 3.408325394351938847e-02 1.200923649284160039e-01 2.806674585952501078e-02 6.527770039702719684e-02 2.734245735618011652e-01 2.576620637424310856e-02 7.312668004184630366e-02 5.986824615973482949e-02 1.553905952605851015e-01 3.276921300115187563e-01 2.212896900761648633e-01 2.566019823781546805e-01 4.029109295642408495e-01 2.379088249025820279e-01 1.689267231229306665e-01 7.016476902644494529e-02 1.444111739195219901e-01 9.999999999999964473e-01 8.433820879322527497e-02 2.814517618089996953e-02 7.683079032786753471e-02 3.719614140157712773e-02 3.191638368224189448e-01 2.174175088113039223e-01 5.043275201145314135e-02 8.396311735115513653e-02 1.546494237539669248e-01 1.827773458147918528e-01 2.598532258242696180e-01 2.605112831271571561e-01 1.828425459087018590e-01 1.133202200597903803e-01 7.804705373439124738e-02 2.388600933085659739e-01 5.806839581220721302e-02 5.874555643572720864e-02 1.547986325983885247e-01 7.911706223435356622e-02 2.879692070424731964e-01 7.400861158711527499e-02
1.745236717895527478e-01 8.689964354556806159e-02 1.349199372059797092e-02 7.463511815584109033e-02 1.665568346067965722e-01 6.380644960885852035e-02 5.929307308196484806e-03 5.455114290040127129e-02 1.526296070057493459e-01 1.113106735561391475e-01 1.469659264069246296e-01 3.652531426009663629e-01 2.755643949960936978e-01 3.021610442479032432e-01 1.243527704686276242e-01 2.159936902917318144e-02 2.223523290928035578e-01 1.454818845587236009e-01 2.188363872735664059e-02 6.434428033982668438e-02 4.690411174058457117e-02 3.556372547288043084e-01 1.291853820624972449e-01 4.699357385085044941e-02 8.093147968371973422e-02 5.682336644670047537e-02 1.450267274524024985e-01 8.433820879322527497e-02 1.000000000000001554e+00 3.053605282401305465e-01 3.181655634751008876e-01 2.655204089140347778e-01 1.421008915972916953e-01 4.912581720156337234e-02 1.415231107527079556e-03 6.551291852323446463e-01 1.452931203242258107e-01 1.966577552585722366e-01 1.099529029990897744e-01 3.068678258283086824e-01 1.063101169350366693e-01 4.179329024972764511e-02 1.127137380168716785e-01 2.135356215600001661e-01 2.581227632388363724e-01 2.356366391914131997e-01 1.750266512399808461e-01 2.113888461483094117e-01 1.133906763956788605e-01 1.560522778292687818e-01
2.142924349723696054e-01 3.181433646848503410e-02 1.949874159973147558e-01 1.432803631555829016e-01 5.300145957787173456e-01 4.393235014695118235e-02 1.047769395083396199e-01 1.709676693162114625e-01 2.205537824879484632e-01 4.487039229885358971e-03 2.411745007526341633e-01 2.685826129877103008e-01 2.707610622177172854e-01 2.002792071786509698e-01 3.100628559358812111e-02 5.865960871549167482e-02 2.281461202808227062e-01 1.000738793349432304e-01 5.036738876517937724e-02 3.218015501576369092e-02 8.895071207796766133e-02 2.688223315944719416e-01 2.174922626759795072e-02 2.771767638279383217e-01 1.001421647015685035e-01 5.561974520142303618e-02 1.395866883799572467e-01 2.814517618089996953e-02 3.053605282401305465e-01 1.000000000000001998e+00 1.003256928649378238e-01 3.052354971691475516e-01 1.438904640595979889e-01 4.384752114448377952e-02 3.246661762785570116e-02 2.728242640670467956e-01 1.382512645048463440e-01 9.363706158846707428e-02 1.048677380119302227e-01 2.054619824154759744e-01 6.663502625617870323e-02 5.046003903586662731e-02 1.182425352357128340e-01 8.377022382158054448e-02 1.639563049350478696e-01 2.574917832062524892e-01 2.827785031037569410e-02 2.417431366975052731e-01 2.855733973041284582e-02 1.334166997356637518e-01
7.697322002262822760e-02 3.067942270428547502e-01 6.406748360102763884e-02 2.133450105058603830e-01 3.721578829213781359e-02 2.022553691304721790e-01 7.492657577934769275e-02 1.794205137048488219e-01 7.953869473539872809e-03 1.219562487822159619e-01 1.803958411707986265e-01 1.276214126851943076e-01 1.926800623069866436e-01 2.299899347728240340e-01 1.214093463868527040e-01 1.761305613811721960e-01 2.666335940448366082e-01 2.133176250927684356e-02 1.383768740538139641e-01 2.043838378321891636e-01 9.618254214569664506e-02 2.005957229705087608e-01 5.682542143224598302e-02 9.662307666422996488e-02 1.732435449588585474e-01 2.193904164822278180e-01 3.578519056647409130e-02 7.683079032786753471e-02 3.181655634751008876e-01 1.003256928649378238e-01 9.999999999999961142e-01 1.241010983632182541e-01 1.242281523731378484e-01 2.772662933434904553e-01 7.612001916610187935e-02 1.525788181736769389e-01 1.285157007400437867e-01 1.903702481271284386e-01 9.967482134991186016e-02 6.306946834143703495e-02 1.735581722544727590e-01 1.992828196154787790e-01 6.701042837346113390e-02 5.090058710279059956e-02 2.665268963744389374e-01 8.997347891987245161e-02 2.788321091017692197e-02 4.833850231564371103e-02 2.845331076925233238e-01 6.345814582615495747e-02
3.244699563759511074e-01 9.946032822611251822e-02 2.227068289733956374e-01 4.159540693285854879e-02 2.573822267412770315e-01 3.191403352184856157e-01 8.744221952113966079e-02 1.112658178219680938e-01 7.150644420060352224e-02 1.751387644890163922e-02 3.508340155964682627e-01 2.030213882084800081e-01 2.196034699450110372e-01 6.956118307341545293e-02 7.596269752526178809e-02 6.133847738362751406e-02 4.706361373222087696e-01 1.304273411131144089e-01 2.176166609388444362e-01 1.040104889129719740e-01 2.042670849261477017e-02 3.241798082844489226e-01 6.881701028828025868e-02 3.843521836025963201e-01 4.828661981172618217e-02 9.858310610407076957e-02 8.981607947105574308e-02 3.719614140157712773e-02 2.655204089140347778e-01 3.052354971691475516e-01 1.241010983632182541e-01 1.000000000000001110e+00 6.986400509085025079e-02 6.672815521104935588e-02 2.613850657663796540e-01 9.490236840849701483e-02 8.535895638266910446e-02 1.515879848073448943e-01 1.076079903191381471e-01 3.137358932807988721e-01 1.151851884246603980e-02 1.172525388142414277e-01 1.343029877823623541e-01 1.198225016730484621e-01 1.219065651188254024e-01 8.138022456348581457e-02 7.763831217062840129e-02 3.852539145439055623e-01 8.262252807351743930e-03 1.335411542845862942e-02
