     0.000     1.428     0.528    -0.522     0.300     2.422     0.936
     1.428     0.000     5.542     7.169     6.861     6.629     4.784
     0.528     5.542     0.000     4.712     0.930     4.038     4.246
    -0.522     7.169     4.712     0.000    15.412    10.492     6.919
     0.300     6.861     0.930    15.412     0.000    10.177     2.744
     2.422     6.629     4.038    10.492    10.177     0.000     9.733
     0.936     4.784     4.246     6.919     2.744     9.733     0.000
