   2.987   0.749   0.699   0.594   0.364   0.481   0.310   0.560   1.088   1.244
   0.749   2.042   0.694   0.752   0.483   0.335   0.155   0.312   0.535   0.710
   0.699   0.694   1.624   0.506   0.378   0.330   0.141   0.257   0.555   0.654
   0.594   0.752   0.506   1.432   0.410   0.294   0.131   0.246   0.478   0.462
   0.364   0.483   0.378   0.410   1.170   0.289   0.075   0.107   0.310   0.346
   0.481   0.335   0.330   0.294   0.289   1.289   0.133   0.144   0.327   0.390
   0.310   0.155   0.141   0.131   0.075   0.133   1.372   0.169   0.215   0.226
   0.560   0.312   0.257   0.246   0.107   0.144   0.169   1.854   0.502   0.573
   1.088   0.535   0.555   0.478   0.310   0.327   0.215   0.502   2.493   1.325
   1.244   0.710   0.654   0.462   0.346   0.390   0.226   0.573   1.325   2.565
