  -0.062   0.068   0.049   0.037   0.049   0.043   0.049   0.062   0.068   0.062
   0.068  -0.031   0.025   0.012   0.025   0.031   0.043   0.049   0.068   0.037
   0.049   0.025  -0.025   0.019   0.019   0.019   0.019   0.031   0.043   0.025
   0.037   0.012   0.019  -0.019   0.012   0.025   0.025   0.043   0.043   0.025
   0.049   0.025   0.019   0.012  -0.025   0.031   0.019   0.037   0.043   0.031
   0.043   0.031   0.019   0.025   0.031  -0.019   0.025   0.043   0.043   0.031
   0.049   0.043   0.019   0.025   0.019   0.025  -0.019   0.025   0.049   0.043
   0.062   0.049   0.031   0.043   0.037   0.043   0.025  -0.025   0.068   0.043
   0.068   0.068   0.043   0.043   0.043   0.043   0.049   0.068  -0.037   0.019
   0.062   0.037   0.025   0.025   0.031   0.031   0.043   0.043   0.019  -0.049
