6.290082565981265361e+00 3.575740091000341181e+00 9.964016259287404864e-01 1.234744781265249003e+00 -1.043602523375852797e+00 3.763651127448497391e-01 -1.021742006869772013e+00 -4.193566852746357654e-01 1.425498848565894150e+00 -8.692635704630333748e-01 -1.270889427423355755e+00 5.369742255236360506e-01 -9.342083415155002513e-01 -4.774566139081457550e-01 -1.174033155180325139e+00 -1.472301562570066835e+00 -7.434561182563470538e-01 -1.744774137188755958e-01 -1.618788902275412056e+00 8.747784098671331776e-01 -3.028910080653304249e-01 -1.610254839350943712e+00 1.132512739583944494e+00 -2.506433214959997713e-01 1.756781267132510038e-01 1.018176623355202537e-01 -5.381848016374988219e-01 -1.739477762489514134e-01 -1.730088196333781525e+00 -8.950089640119358592e-01
3.575740091000341181e+00 4.203222910141107604e+00 1.466702928990343935e+00 7.427080847572256062e-01 -4.795115917464727318e-01 -1.143901702693938205e+00 -7.723377496217267435e-01 -2.346198704636890398e+00 6.953696359227024004e-02 -8.807702234068415237e-01 -2.128738380930940366e+00 1.229201053600434079e+00 -1.030496591109795190e-01 -4.076969857467247493e-01 -8.031382042808559163e-01 -1.033166382599233657e+00 3.222823414277513621e-01 -2.777580703227044978e-01 -9.267166802509620993e-01 1.617593743729969447e+00 -1.227206416043600257e-01 -9.123073619335286821e-01 8.741137421391727003e-01 -2.982885258393821459e-01 5.124294774597615287e-01 -5.443619754680639744e-02 -2.288665271876766383e-01 -2.025297867464814772e-01 -1.600629715518152807e+00 1.092323453834183056e-01
9.964016259287404864e-01 1.466702928990343935e+00 1.351403022193210290e+00 3.083111273595022794e-01 -6.594128761093998037e-02 -6.531578075396282657e-01 -1.119265233236887980e-01 -8.621435667188279695e-01 -3.770311632072775865e-01 -3.360100296923178576e-01 -8.477418314773217389e-01 2.182383019002145375e-01 -1.552451366475793293e-01 -1.431687002590820157e-01 -3.512437938296102402e-01 -5.913546033088437071e-01 1.377326294056047118e-01 -5.650005565496485360e-02 -4.666188110904272435e-01 5.690741092059852235e-01 1.333780928113696973e-01 -2.867885155297358324e-01 3.106110571125100250e-01 5.956472091099840327e-03 3.913977389779574878e-01 4.804477605262036377e-03 -1.442093751907691512e-01 2.518335195825329720e-01 -5.699306848420633287e-01 -1.268311938688952978e-01
1.234744781265249003e+00 7.427080847572256062e-01 3.083111273595022794e-01 4.015252830348572388e-01 -2.405573767239843619e-01 9.954509637566388847e-02 -1.805069668264422944e-01 -6.333845164147078322e-02 3.356406358581693894e-01 -1.922635668477710169e-01 -2.541533231279800020e-01 7.113110628949925740e-02 -2.561010830393115612e-01 -1.018673060986543533e-01 -2.772275306635378911e-01 -3.655430528326633066e-01 -1.900698230448938375e-01 -3.408853664569733155e-02 -3.971729109183570472e-01 1.633894421026411692e-01 -5.113904766426458082e-02 -3.678941161480224764e-01 2.544319508975831923e-01 -3.850817551074214862e-02 7.483097563857654677e-02 4.259598573088396734e-02 -1.505433283572301661e-01 4.838139786181727686e-02 -3.531390943022643114e-01 -2.631185866486021041e-01
-1.043602523375852797e+00 -4.795115917464727318e-01 -6.594128761093998037e-02 -2.405573767239843619e-01 7.687171884747385775e-01 -3.264773699979741650e-01 8.888988755956006571e-02 -2.504312092812028823e-01 -6.026310293541428109e-01 1.400587412364302509e-01 -2.158036689436926281e-01 2.007039008711899442e-01 3.575874175432431912e-01 -2.052296053841473622e-02 3.381069437273254152e-01 2.566881329345847007e-01 3.085667337497284279e-01 2.684641021915012971e-03 2.123555542680435337e-01 1.904923205120780949e-01 -1.028448074401921986e-02 1.792546236213752309e-01 -1.951849906437246318e-01 -6.869547404022569026e-02 2.665672178068234643e-02 -1.188490587221053829e-01 1.880231982644886557e-01 2.266748754203717908e-02 1.252986956791346529e-02 3.445104886521335175e-01
3.763651127448497391e-01 -1.143901702693938205e+00 -6.531578075396282657e-01 9.954509637566388847e-02 -3.264773699979741650e-01 1.471345134342811889e+00 6.685342107238056997e-02 1.697798878344997320e+00 8.664938645029565123e-01 1.845984840853134301e-01 8.180497906351433812e-01 -9.136322201825919365e-01 -4.066208739378680548e-01 -5.993364373574650017e-02 -2.682436758305470903e-01 -1.660627946531576526e-01 -6.613782245620427602e-01 5.194038016918511858e-02 -1.807161423462559924e-01 -6.011697733200662697e-01 2.492146791968252728e-02 -1.208666658018273665e-01 -2.924463362552387480e-02 1.414023076216608388e-01 -1.382577886577678328e-01 9.321651643580253221e-02 -8.471337938124179345e-02 2.851619916041272518e-01 2.130388852838791536e-01 -6.363571924878215214e-01
-1.021742006869772013e+00 -7.723377496217267435e-01 -1.119265233236887980e-01 -1.805069668264422944e-01 8.888988755956006571e-02 6.685342107238056997e-02 4.287186776939506672e-01 2.545282159173325454e-01 -3.156104846257221652e-01 2.280660243615102445e-01 4.161688507819576444e-01 -2.269707667314833088e-01 5.128608700198356019e-02 1.636262048985486217e-01 3.285282269040976644e-01 2.262160842069533828e-01 2.969895485216511588e-02 9.028502960666173749e-02 1.528265076863135619e-01 -3.573970296448578665e-01 4.121469768523411403e-02 1.676643085357341079e-01 -2.302801868983124223e-01 7.996737098483208683e-02 -1.207424258669789197e-01 -2.753132802411073499e-03 3.474027176594063349e-02 6.821422115274344833e-02 4.098564921182514809e-01 1.292032934162534730e-02
-4.193566852746357654e-01 -2.346198704636890398e+00 -8.621435667188279695e-01 -6.333845164147078322e-02 -2.504312092812028823e-01 1.697798878344997320e+00 2.545282159173325454e-01 2.667391188956855785e+00 9.158172883082329463e-01 5.107611372208680223e-01 1.621207747273047062e+00 -1.452180296395226833e+00 -4.413440099386320981e-01 -7.423645345602380985e-02 -5.736139793896199990e-02 1.402399098122941723e-01 -1.009440702708161552e+00 2.888952788006804440e-01 -1.769437411951457761e-02 -1.038681588387248667e+00 3.961225388781031143e-02 -1.065268610255998283e-01 -1.064281877210078164e-01 2.921389158499891892e-01 -2.222174306388069454e-01 1.031794963180914237e-01 -2.337354910923750140e-02 3.649480895105625677e-01 4.336371382602237645e-01 -8.392025581764528397e-01
1.425498848565894150e+00 6.953696359227024004e-02 -3.770311632072775865e-01 3.356406358581693894e-01 -6.026310293541428109e-01 8.664938645029565123e-01 -3.156104846257221652e-01 9.158172883082329463e-01 1.166445345350950902e+00 -7.594511471558007543e-02 4.350248749260003933e-01 -3.880572616461108737e-01 -4.578545066638639582e-01 -1.408065916522787120e-01 -5.110928574532636048e-01 -2.836304309641946020e-01 -6.528460080812692468e-01 1.372709325852383699e-02 -3.061434604979922369e-01 -2.289790010665910813e-01 -7.793825878343341174e-02 -3.738354145666846762e-01 3.223196214035510820e-01 5.369870405115761969e-02 -2.376356117622435704e-03 1.304552572967168089e-01 -1.920097822326738424e-01 5.425810464936375865e-02 -2.478914499738493760e-01 -5.542350835867750902e-01
-8.692635704630333748e-01 -8.807702234068415237e-01 -3.360100296923178576e-01 -1.922635668477710169e-01 1.400587412364302509e-01 1.845984840853134301e-01 2.280660243615102445e-01 5.107611372208680223e-01 -7.594511471558007543e-02 3.126356863995738422e-01 5.118804203552258514e-01 -3.102575779218454954e-01 8.847177493203162157e-02 4.622704328920690386e-02 2.858452784583960238e-01 2.849965192835952621e-01 -1.247562367571504183e-01 1.328534257795013218e-01 1.662468720246295106e-01 -2.995224931378857036e-01 -1.261269568891520976e-02 7.995023241107901413e-02 -1.282508082259141702e-01 8.517591937146562486e-02 -1.100077738206550748e-01 -1.472935014214726834e-02 7.819733375970372435e-02 1.116844476507594663e-02 2.391007285637556379e-01 -3.184430179823038998e-02
-1.270889427423355755e+00 -2.128738380930940366e+00 -8.477418314773217389e-01 -2.541533231279800020e-01 -2.158036689436926281e-01 8.180497906351433812e-01 4.161688507819576444e-01 1.621207747273047062e+00 4.350248749260003933e-01 5.118804203552258514e-01 1.621571282361628619e+00 -8.703463248742195901e-01 -1.947556520903503952e-01 1.870501990510433643e-01 3.179484213189880393e-01 5.356123482496855104e-01 -5.983463083089759493e-01 3.015720710018285899e-01 3.342488202053743862e-01 -1.070940073084500455e+00 -7.223538009327512555e-03 1.692788091407919637e-01 -2.156389277281505201e-01 2.333762031221340294e-01 -2.949536463672188802e-01 9.186526533073902101e-02 7.111402673785960360e-03 4.756191880034066344e-02 7.077741784244153678e-01 -3.877719402804018500e-01
5.369742255236360506e-01 1.229201053600434079e+00 2.182383019002145375e-01 7.113110628949925740e-02 2.007039008711899442e-01 -9.136322201825919365e-01 -2.269707667314833088e-01 -1.452180296395226833e+00 -3.880572616461108737e-01 -3.102575779218454954e-01 -8.703463248742195901e-01 1.073287104716712292e+00 2.214420921911255391e-01 9.432900399849586393e-02 1.003803191238716863e-01 -2.533684356251342251e-03 5.389126455492601053e-01 -1.931363491787294606e-01 -7.035793059969819296e-03 5.046401331139236390e-01 -1.423464648349295203e-01 -1.716875201520906558e-02 4.704436195299876999e-02 -2.338915765308229311e-01 3.442130022375522458e-02 -5.516836500504496144e-02 -3.017884309946339272e-02 -2.999998463153588091e-01 -2.371358168290385038e-01 5.093363126028407351e-01
-9.342083415155002513e-01 -1.030496591109795190e-01 -1.552451366475793293e-01 -2.561010830393115612e-01 3.575874175432431912e-01 -4.066208739378680548e-01 5.128608700198356019e-02 -4.413440099386320981e-01 -4.578545066638639582e-01 8.847177493203162157e-02 -1.947556520903503952e-01 2.214420921911255391e-01 4.132925344499653875e-01 -7.371072708735937340e-03 2.488777651273608171e-01 2.798024948301076620e-01 3.659875425791483394e-01 -4.364090733133707545e-03 3.041263505505753528e-01 2.152351078300398513e-01 1.531941785702883863e-02 2.319254128899501666e-01 -1.837451628393296232e-01 -4.621638470393918396e-02 -3.819088898347899885e-02 -1.059995617114282140e-01 1.907930703267197714e-01 -1.404040073499004393e-01 9.745338993207042222e-02 3.938690182904451831e-01
-4.774566139081457550e-01 -4.076969857467247493e-01 -1.431687002590820157e-01 -1.018673060986543533e-01 -2.052296053841473622e-02 -5.993364373574650017e-02 1.636262048985486217e-01 -7.423645345602380985e-02 -1.408065916522787120e-01 4.622704328920690386e-02 1.870501990510433643e-01 9.432900399849586393e-02 -7.371072708735937340e-03 2.852891114729345645e-01 1.716397172862684783e-01 1.668487044746598258e-01 1.088524086677580271e-01 -3.677504142058296566e-02 1.713688108449105130e-01 -3.314044297077316514e-01 6.918370320306621579e-03 2.391376860176137598e-01 -1.875830846558415033e-01 3.102267560308291650e-02 -1.243763671398028237e-01 5.107793452475561935e-02 -4.583121980658688699e-02 -7.613759079777082661e-02 3.891769976972341283e-01 1.226055836930868281e-01
-1.174033155180325139e+00 -8.031382042808559163e-01 -3.512437938296102402e-01 -2.772275306635378911e-01 3.381069437273254152e-01 -2.682436758305470903e-01 3.285282269040976644e-01 -5.736139793896199990e-02 -5.110928574532636048e-01 2.858452784583960238e-01 3.179484213189880393e-01 1.003803191238716863e-01 2.488777651273608171e-01 1.716397172862684783e-01 7.327186955666888935e-01 4.961920143922213811e-01 2.024739756492408560e-01 1.333478016198341720e-01 2.830575923521507775e-01 -2.828573540208481063e-01 -9.986339901655583162e-02 1.953645737589795317e-01 -2.733490462398435739e-01 -4.684735240840609549e-02 -2.251638683993633094e-01 -5.042460059974018804e-02 7.815091780645389008e-02 -1.614407930903212218e-01 4.369603734564861952e-01 2.326917359378057881e-01
-1.472301562570066835e+00 -1.033166382599233657e+00 -5.913546033088437071e-01 -3.655430528326633066e-01 2.566881329345847007e-01 -1.660627946531576526e-01 2.262160842069533828e-01 1.402399098122941723e-01 -2.836304309641946020e-01 2.849965192835952621e-01 5.356123482496855104e-01 -2.533684356251342251e-03 2.798024948301076620e-01 1.668487044746598258e-01 4.961920143922213811e-01 6.462204988122834948e-01 1.132415113257820849e-01 1.484809986428672346e-01 4.955863995082268048e-01 -3.225419009998518050e-01 -5.344503518801957398e-02 3.028347400430675407e-01 -2.602477182107634235e-01 2.343139068057098484e-02 -2.026491813393249686e-01 -3.138086703876297179e-02 1.671661360314260492e-01 -1.951635855056679247e-01 4.347067458525089023e-01 2.617569563724373438e-01
-7.434561182563470538e-01 3.222823414277513621e-01 1.377326294056047118e-01 -1.900698230448938375e-01 3.085667337497284279e-01 -6.613782245620427602e-01 2.969895485216511588e-02 -1.009440702708161552e+00 -6.528460080812692468e-01 -1.247562367571504183e-01 -5.983463083089759493e-01 5.389126455492601053e-01 3.659875425791483394e-01 1.088524086677580271e-01 2.024739756492408560e-01 1.132415113257820849e-01 7.095409427275285452e-01 -1.559132428879479448e-01 2.995625856498236317e-01 2.556903558673866428e-01 7.874563560153546860e-02 4.384542168147902430e-01 -2.820542185862109363e-01 -1.258018364716235737e-01 -2.633949266987656301e-02 -8.249909144160483265e-02 9.637366537634761698e-02 -1.623215424987165534e-01 2.674067075948869388e-01 5.416995396049628653e-01
-1.744774137188755958e-01 -2.777580703227044978e-01 -5.650005565496485360e-02 -3.408853664569733155e-02 2.684641021915012971e-03 5.194038016918511858e-02 9.028502960666173749e-02 2.888952788006804440e-01 1.372709325852383699e-02 1.328534257795013218e-01 3.015720710018285899e-01 -1.931363491787294606e-01 -4.364090733133707545e-03 -3.677504142058296566e-02 1.333478016198341720e-01 1.484809986428672346e-01 -1.559132428879479448e-01 2.487496547063869912e-01 2.472328296329351360e-02 -1.148756558411037076e-01 -1.642636569874866836e-02 -1.251811886928066997e-01 7.028738023603864349e-02 3.003954766120386921e-02 -8.734562366385034693e-03 -4.116203100602433551e-02 -2.848843734415140716e-02 -4.949626714596888633e-02 -3.695535043374320594e-02 -1.832531296881256822e-01
-1.618788902275412056e+00 -9.267166802509620993e-01 -4.666188110904272435e-01 -3.971729109183570472e-01 2.123555542680435337e-01 -1.807161423462559924e-01 1.528265076863135619e-01 -1.769437411951457761e-02 -3.061434604979922369e-01 1.662468720246295106e-01 3.342488202053743862e-01 -7.035793059969819296e-03 3.041263505505753528e-01 1.713688108449105130e-01 2.830575923521507775e-01 4.955863995082268048e-01 2.995625856498236317e-01 2.472328296329351360e-02 6.406958875655561769e-01 -2.443459402607572883e-01 8.753048420561526655e-02 5.864851573918485883e-01 -3.475153340802421553e-01 3.844985395471667289e-02 -1.508606366671187970e-01 -4.143850533003501369e-02 1.753995603521047997e-01 -1.791463049702031185e-01 5.601747852358300861e-01 3.513522393816970180e-01
8.747784098671331776e-01 1.617593743729969447e+00 5.690741092059852235e-01 1.633894421026411692e-01 1.904923205120780949e-01 -6.011697733200662697e-01 -3.573970296448578665e-01 -1.038681588387248667e+00 -2.289790010665910813e-01 -2.995224931378857036e-01 -1.070940073084500455e+00 5.046401331139236390e-01 2.152351078300398513e-01 -3.314044297077316514e-01 -2.828573540208481063e-01 -3.225419009998518050e-01 2.556903558673866428e-01 -1.148756558411037076e-01 -2.443459402607572883e-01 1.026131898651101437e+00 -1.225461544191830399e-02 -2.860337535176427082e-01 2.642970380464930713e-01 -1.469434452242239786e-01 2.928990980524872612e-01 -1.425556254557136526e-01 6.483467363466388633e-02 -3.646095572730700951e-02 -7.706224801572716387e-01 2.485304427684695838e-01
-3.028910080653304249e-01 -1.227206416043600257e-01 1.333780928113696973e-01 -5.113904766426458082e-02 -1.028448074401921986e-02 2.492146791968252728e-02 4.121469768523411403e-02 3.961225388781031143e-02 -7.793825878343341174e-02 -1.261269568891520976e-02 -7.223538009327512555e-03 -1.423464648349295203e-01 1.531941785702883863e-02 6.918370320306621579e-03 -9.986339901655583162e-02 -5.344503518801957398e-02 7.874563560153546860e-02 -1.642636569874866836e-02 8.753048420561526655e-02 -1.225461544191830399e-02 1.414811756007452459e-01 1.930639486655536530e-01 -9.072881847038161141e-02 4.975668576150837907e-02 3.699284055801399518e-02 -7.410403388405484293e-03 -7.222153784596230253e-03 4.596628659658108518e-02 1.253441906574153109e-01 -5.742060554837280506e-03
-1.610254839350943712e+00 -9.123073619335286821e-01 -2.867885155297358324e-01 -3.678941161480224764e-01 1.792546236213752309e-01 -1.208666658018273665e-01 1.676643085357341079e-01 -1.065268610255998283e-01 -3.738354145666846762e-01 7.995023241107901413e-02 1.692788091407919637e-01 -1.716875201520906558e-02 2.319254128899501666e-01 2.391376860176137598e-01 1.953645737589795317e-01 3.028347400430675407e-01 4.384542168147902430e-01 -1.251811886928066997e-01 5.864851573918485883e-01 -2.860337535176427082e-01 1.930639486655536530e-01 8.453521137585937595e-01 -4.770839725139808252e-01 1.464359538630333191e-02 -1.385838399915257924e-01 -5.133792386800450913e-03 1.190822365954886664e-01 -9.747831334962597793e-02 7.609610017020145278e-01 4.016859085195960688e-01
1.132512739583944494e+00 8.741137421391727003e-01 3.106110571125100250e-01 2.544319508975831923e-01 -1.951849906437246318e-01 -2.924463362552387480e-02 -2.302801868983124223e-01 -1.064281877210078164e-01 3.223196214035510820e-01 -1.282508082259141702e-01 -2.156389277281505201e-01 4.704436195299876999e-02 -1.837451628393296232e-01 -1.875830846558415033e-01 -2.733490462398435739e-01 -2.602477182107634235e-01 -2.820542185862109363e-01 7.028738023603864349e-02 -3.475153340802421553e-01 2.642970380464930713e-01 -9.072881847038161141e-02 -4.770839725139808252e-01 4.807499849466694286e-01 -1.563837474390084026e-02 2.106425373108891108e-01 2.416653691113879177e-02 -7.981938837889401839e-02 2.953833132704630771e-02 -6.564378461731052994e-01 -2.614829791125430347e-01
-2.506433214959997713e-01 -2.982885258393821459e-01 5.956472091099840327e-03 -3.850817551074214862e-02 -6.869547404022569026e-02 1.414023076216608388e-01 7.996737098483208683e-02 2.921389158499891892e-01 5.369870405115761969e-02 8.517591937146562486e-02 2.333762031221340294e-01 -2.338915765308229311e-01 -4.621638470393918396e-02 3.102267560308291650e-02 -4.684735240840609549e-02 2.343139068057098484e-02 -1.258018364716235737e-01 3.003954766120386921e-02 3.844985395471667289e-02 -1.469434452242239786e-01 4.975668576150837907e-02 1.464359538630333191e-02 -1.563837474390084026e-02 1.233886945275912694e-01 1.084235743644512695e-02 3.440459741972290431e-02 -1.021353424107473984e-02 8.285708269272618054e-02 6.442388854776481821e-02 -1.132889490255593046e-01
1.756781267132510038e-01 5.124294774597615287e-01 3.913977389779574878e-01 7.483097563857654677e-02 2.665672178068234643e-02 -1.382577886577678328e-01 -1.207424258669789197e-01 -2.222174306388069454e-01 -2.376356117622435704e-03 -1.100077738206550748e-01 -2.949536463672188802e-01 3.442130022375522458e-02 -3.819088898347899885e-02 -1.243763671398028237e-01 -2.251638683993633094e-01 -2.026491813393249686e-01 -2.633949266987656301e-02 -8.734562366385034693e-03 -1.508606366671187970e-01 2.928990980524872612e-01 3.699284055801399518e-02 -1.385838399915257924e-01 2.106425373108891108e-01 1.084235743644512695e-02 3.225030194403757378e-01 -8.170849857094708568e-03 -6.962802975982640419e-02 1.880234499532207337e-01 -3.665681061548866637e-01 -2.949296913425314415e-02
1.018176623355202537e-01 -5.443619754680639744e-02 4.804477605262036377e-03 4.259598573088396734e-02 -1.188490587221053829e-01 9.321651643580253221e-02 -2.753132802411073499e-03 1.031794963180914237e-01 1.304552572967168089e-01 -1.472935014214726834e-02 9.186526533073902101e-02 -5.516836500504496144e-02 -1.059995617114282140e-01 5.107793452475561935e-02 -5.042460059974018804e-02 -3.138086703876297179e-02 -8.249909144160483265e-02 -4.116203100602433551e-02 -4.143850533003501369e-02 -1.425556254557136526e-01 -7.410403388405484293e-03 -5.133792386800450913e-03 2.416653691113879177e-02 3.440459741972290431e-02 -8.170849857094708568e-03 1.063467816842944558e-01 -2.558909933128461489e-02 6.519270336019644674e-02 2.170368105601028219e-02 -8.312735951983540872e-02
-5.381848016374988219e-01 -2.288665271876766383e-01 -1.442093751907691512e-01 -1.505433283572301661e-01 1.880231982644886557e-01 -8.471337938124179345e-02 3.474027176594063349e-02 -2.337354910923750140e-02 -1.920097822326738424e-01 7.819733375970372435e-02 7.111402673785960360e-03 -3.017884309946339272e-02 1.907930703267197714e-01 -4.583121980658688699e-02 7.815091780645389008e-02 1.671661360314260492e-01 9.637366537634761698e-02 -2.848843734415140716e-02 1.753995603521047997e-01 6.483467363466388633e-02 -7.222153784596230253e-03 1.190822365954886664e-01 -7.981938837889401839e-02 -1.021353424107473984e-02 -6.962802975982640419e-02 -2.558909933128461489e-02 2.619460696905093755e-01 -7.021911857009399682e-03 4.713534395170881908e-02 1.569387542251092782e-01
-1.739477762489514134e-01 -2.025297867464814772e-01 2.518335195825329720e-01 4.838139786181727686e-02 2.266748754203717908e-02 2.851619916041272518e-01 6.821422115274344833e-02 3.649480895105625677e-01 5.425810464936375865e-02 1.116844476507594663e-02 4.756191880034066344e-02 -2.999998463153588091e-01 -1.404040073499004393e-01 -7.613759079777082661e-02 -1.614407930903212218e-01 -1.951635855056679247e-01 -1.623215424987165534e-01 -4.949626714596888633e-02 -1.791463049702031185e-01 -3.646095572730700951e-02 4.596628659658108518e-02 -9.747831334962597793e-02 2.953833132704630771e-02 8.285708269272618054e-02 1.880234499532207337e-01 6.519270336019644674e-02 -7.021911857009399682e-03 4.703522663995158837e-01 -5.245682683226959853e-02 -2.021182940906669501e-01
-1.730088196333781525e+00 -1.600629715518152807e+00 -5.699306848420633287e-01 -3.531390943022643114e-01 1.252986956791346529e-02 2.130388852838791536e-01 4.098564921182514809e-01 4.336371382602237645e-01 -2.478914499738493760e-01 2.391007285637556379e-01 7.077741784244153678e-01 -2.371358168290385038e-01 9.745338993207042222e-02 3.891769976972341283e-01 4.369603734564861952e-01 4.347067458525089023e-01 2.674067075948869388e-01 -3.695535043374320594e-02 5.601747852358300861e-01 -7.706224801572716387e-01 1.253441906574153109e-01 7.609610017020145278e-01 -6.564378461731052994e-01 6.442388854776481821e-02 -3.665681061548866637e-01 2.170368105601028219e-02 4.713534395170881908e-02 -5.245682683226959853e-02 1.195463279927707845e+00 2.050085122027667239e-01
-8.950089640119358592e-01 1.092323453834183056e-01 -1.268311938688952978e-01 -2.631185866486021041e-01 3.445104886521335175e-01 -6.363571924878215214e-01 1.292032934162534730e-02 -8.392025581764528397e-01 -5.542350835867750902e-01 -3.184430179823038998e-02 -3.877719402804018500e-01 5.093363126028407351e-01 3.938690182904451831e-01 1.226055836930868281e-01 2.326917359378057881e-01 2.617569563724373438e-01 5.416995396049628653e-01 -1.832531296881256822e-01 3.513522393816970180e-01 2.485304427684695838e-01 -5.742060554837280506e-03 4.016859085195960688e-01 -2.614829791125430347e-01 -1.132889490255593046e-01 -2.949296913425314415e-02 -8.312735951983540872e-02 1.569387542251092782e-01 -2.021182940906669501e-01 2.050085122027667239e-01 7.207406144277683779e-01
