5.635337550655435734e+00 3.666949696777351164e+00 1.693025906443097028e+00 1.258858109152583893e+00 -8.768475716208854465e-01 3.078477940999846396e-02 -8.720118741076703373e-01 -6.823597496438651433e-01 1.387526695855285652e+00 -6.940687986095781525e-01 -1.113130016544914724e+00 1.230059252350770294e-01 -1.037218176385408697e+00 -1.186434315644646631e-01 -1.034419104711446380e+00 -1.344956791261438411e+00 -6.810486297129045852e-01 -3.631681940285034216e-01 -1.579144701597329004e+00 5.277188035488507012e-01 -9.899238070829596836e-03 -1.496134207057593812e+00 6.564505414105497039e-01 3.778425821673181417e-02 1.081045271733387381e-01 1.307877175946714488e-02 -4.605134544190150336e-01 2.123108009965335441e-02 -1.392169623411803059e+00 -1.404126460841666812e+00
3.666949696777351164e+00 4.123679760725906362e+00 2.156666789352527758e+00 7.727220482573784466e-01 -2.025627699821370697e-01 -9.065383673479345816e-01 -7.160187708372518500e-01 -1.992859255796076923e+00 3.362816131505041994e-02 -6.312360414480622239e-01 -2.110471705718168778e+00 5.403422384857208272e-01 -2.802005108866296723e-01 -9.091222921910002697e-02 -8.844356191739848327e-01 -1.062371608220587405e+00 2.531831257568342153e-01 -2.229661428979170523e-01 -1.041092798111492357e+00 1.302864972881081940e+00 2.766972689109366002e-01 -9.758398931298870593e-01 6.386737693286477224e-01 -1.510100575600858974e-01 3.660933168562792162e-01 -1.992647739036783605e-01 -2.604543647592549860e-01 -9.900798104922614584e-02 -1.722328114516471942e+00 -5.819283666332353278e-01
1.693025906443097028e+00 2.156666789352527758e+00 2.306628751072310024e+00 3.933834077857341072e-01 2.102847633572650921e-01 -9.528266236654872046e-01 -2.614283792136689044e-01 -1.279107875506156233e+00 -7.074015006576814812e-01 -3.852734394393451112e-01 -1.486776062847695812e+00 1.079483097145725878e-01 -1.773670743270372441e-01 -8.585742322844680530e-02 -5.761441014155934681e-01 -8.339027872236783878e-01 2.136024606108435364e-01 -4.332625724015315427e-02 -6.991363431348247559e-01 8.028313025880606801e-01 3.811865867713777334e-01 -4.797827445154894122e-01 3.633903188851377308e-01 5.177983188144708038e-02 4.910013097594401188e-01 1.392581199183950957e-03 -1.776049865807181050e-01 2.594817677187393201e-01 -8.964245055897777092e-01 -3.902394647834057650e-01
1.258858109152583893e+00 7.727220482573784466e-01 3.933834077857341072e-01 4.529708427448895236e-01 -3.088541940496156712e-01 7.856251150360549218e-02 -1.774531110984298721e-01 -5.883362920803847373e-02 4.759309793802799504e-01 -1.756583827685744836e-01 -1.386340597947537390e-01 -5.911262791346416634e-02 -3.301681018005524493e-01 -2.738550248682258825e-02 -2.922683925524438564e-01 -3.635891290967379064e-01 -2.535451465239475510e-01 -8.734808344058819785e-02 -4.177644172872305717e-01 4.549634520043355224e-02 6.428073607366968645e-03 -3.796251691361476333e-01 1.624730200265389612e-01 5.514079468019872365e-02 5.067673257769911288e-02 5.098094152396015488e-02 -1.346859267899844781e-01 8.175034968684258274e-02 -2.444198894305031899e-01 -4.360317737132390903e-01
-8.768475716208854465e-01 -2.025627699821370697e-01 2.102847633572650921e-01 -3.088541940496156712e-01 8.686271110542520546e-01 -4.048359548029907273e-01 6.440435646186415397e-02 -4.756226754975614313e-01 -9.192025511039787489e-01 1.361804706333487047e-01 -5.899700884430103542e-01 2.925513902350189710e-01 4.310634802979507185e-01 -7.672637115325642299e-02 2.614503178115796800e-01 1.933207336890632178e-01 4.152776383662057924e-01 8.961659302195812415e-02 1.582626489766880695e-01 3.794042378793847092e-01 5.730017798094877435e-02 1.348121868975908910e-01 -2.247570450111879836e-02 -1.220661021929458911e-01 9.667453144106730178e-02 -9.741460960873382646e-02 1.078616940665710899e-01 -2.901637931842060425e-02 -1.985363396386787826e-01 4.270408894812476319e-01
3.078477940999846396e-02 -9.065383673479345816e-01 -9.528266236654872046e-01 7.856251150360549218e-02 -4.048359548029907273e-01 1.027626587441659467e+00 1.681702366045101371e-02 1.100234429478632592e+00 8.661468870495809824e-01 9.619976370311178471e-02 8.235061178294813544e-01 -4.965781026531317366e-01 -2.220310886967240549e-01 -3.429139801892233663e-02 -9.351845410475334575e-02 -1.713615524562328574e-02 -4.524962810526744761e-01 -7.917954226496703996e-02 -4.572558412485250301e-02 -4.485818694452063937e-01 -8.650596177801617159e-02 -2.111030064730812228e-02 -1.183809771947039735e-01 1.051990977629770896e-01 -1.171644791139669906e-01 5.524126827492636949e-02 3.632232766000242918e-02 2.008023944282513185e-01 3.861440535220594938e-01 -3.266864270395899439e-01
-8.720118741076703373e-01 -7.160187708372518500e-01 -2.614283792136689044e-01 -1.774531110984298721e-01 6.440435646186415397e-02 1.681702366045101371e-02 3.674391739295970183e-01 2.298351561665867848e-01 -3.246321552767312824e-01 1.620426299700170603e-01 3.607278785969469936e-01 -2.342515169368653005e-02 9.918539350366017970e-02 4.634592639649781631e-02 3.600376445882034204e-01 2.430851891240877194e-01 4.878717139951049830e-02 9.987559503332477107e-02 1.745268395450239041e-01 -2.656180373425627295e-01 -7.926715833320940874e-02 1.571939437021114827e-01 -1.686670758142554405e-01 2.630323055143435340e-03 -1.182258735094592339e-01 2.078275345564861709e-02 2.149734568240546650e-02 -3.578143232749653180e-02 3.794217241001547336e-01 1.878930421202085199e-01
-6.823597496438651433e-01 -1.992859255796076923e+00 -1.279107875506156233e+00 -5.883362920803847373e-02 -4.756226754975614313e-01 1.100234429478632592e+00 2.298351561665867848e-01 1.824313814014033142e+00 9.433843567798589902e-01 2.875529148020063985e-01 1.617389176948051954e+00 -7.196456067381404864e-01 -2.371965417297019485e-01 -7.751880565677993218e-02 1.389092956760578090e-01 2.954342097560243019e-01 -7.716723134597032185e-01 3.456200152061228437e-02 1.269654594294422623e-01 -8.575858409832903817e-01 -1.845361317617175700e-01 2.517990095236655179e-02 -2.022591019394326395e-01 2.611803223715014610e-01 -2.071186196091616694e-01 1.501706492757080014e-01 5.823238036714428745e-02 2.205392175911811137e-01 7.856433203397727993e-01 -3.532139896736339324e-01
1.387526695855285652e+00 3.362816131505041994e-02 -7.074015006576814812e-01 4.759309793802799504e-01 -9.192025511039787489e-01 8.661468870495809824e-01 -3.246321552767312824e-01 9.433843567798589902e-01 1.729930214595412963e+00 -1.113781429678510904e-01 9.379106702181729815e-01 -4.289482649016918003e-01 -5.714165248788845020e-01 -5.691660133612685968e-02 -4.941624155700310439e-01 -1.894056098389569343e-01 -8.565166199765030797e-01 -1.372842490858943165e-01 -2.923177675963870570e-01 -4.125147546617426997e-01 -1.201377478404310750e-01 -4.206941255275751246e-01 1.935257780587562593e-01 2.189946788905672292e-01 -5.423655451232889391e-02 1.316970200216474041e-01 -1.412548033684970505e-01 1.006205970357996193e-01 5.004615158156866528e-03 -7.858824919135258824e-01
-6.940687986095781525e-01 -6.312360414480622239e-01 -3.852734394393451112e-01 -1.756583827685744836e-01 1.361804706333487047e-01 9.619976370311178471e-02 1.620426299700170603e-01 2.875529148020063985e-01 -1.113781429678510904e-01 2.112329422145080571e-01 3.293008002188457795e-01 -5.770519275478136478e-02 1.534860581164707583e-01 -4.440617560567261535e-02 2.621892308620203949e-01 2.554997396529188336e-01 -4.331512014857707982e-02 7.468295554662063296e-02 1.388275461731325322e-01 -1.207536244656921554e-01 -8.191609728964976966e-02 5.450196094358261689e-02 -7.760228415679648606e-02 3.420156419389286384e-02 -7.043077403233155565e-02 -6.797585983008502808e-03 6.076700462330109076e-02 -3.543317067192219838e-02 1.710743621643473489e-01 1.082339339780560294e-01
-1.113130016544914724e+00 -2.110471705718168778e+00 -1.486776062847695812e+00 -1.386340597947537390e-01 -5.899700884430103542e-01 8.235061178294813544e-01 3.607278785969469936e-01 1.617389176948051954e+00 9.379106702181729815e-01 3.293008002188457795e-01 1.978092276703307562e+00 -5.117458322441166274e-01 -2.070380604557726656e-01 2.512547365540740429e-03 3.327767581096168215e-01 6.039223814023557679e-01 -7.898580966836448169e-01 1.372134356249716802e-01 3.696311464429413718e-01 -1.028089884107828311e+00 -2.876018396787003439e-01 1.152743547760337606e-01 -1.647521027992979725e-01 2.788413464578525236e-01 -2.912424625059770733e-01 1.803954048147602407e-01 9.288127237141452497e-03 -2.881150477907112872e-02 9.047523925341351969e-01 -2.334138907445435507e-01
1.230059252350770294e-01 5.403422384857208272e-01 1.079483097145725878e-01 -5.911262791346416634e-02 2.925513902350189710e-01 -4.965781026531317366e-01 -2.342515169368653005e-02 -7.196456067381404864e-01 -4.289482649016918003e-01 -5.770519275478136478e-02 -5.117458322441166274e-01 6.153116685301256439e-01 1.417017387587975463e-01 9.112538883238130438e-02 2.262041957246196944e-01 1.378983006065936934e-01 3.558527374959794543e-01 2.160591174501291789e-02 7.908778849588316007e-02 1.924058398746524290e-01 -1.058504320612883021e-01 1.882198294617865031e-02 2.548481383257694688e-02 -1.957569314292868512e-01 -7.711082377659295162e-02 -6.869618524353882094e-02 -6.724293864294850209e-02 -2.831610322467099650e-01 -1.976760572002831395e-01 3.233071939555429708e-01
-1.037218176385408697e+00 -2.802005108866296723e-01 -1.773670743270372441e-01 -3.301681018005524493e-01 4.310634802979507185e-01 -2.220310886967240549e-01 9.918539350366017970e-02 -2.371965417297019485e-01 -5.714165248788845020e-01 1.534860581164707583e-01 -2.070380604557726656e-01 1.417017387587975463e-01 4.550611162700874956e-01 -4.883229345171002933e-02 2.163174452451244179e-01 2.794728846666032496e-01 3.536639682950522001e-01 9.317024564924736296e-02 2.986474400019574205e-01 2.370521959516054267e-01 5.878692155391718188e-02 2.242767610812279599e-01 -9.387445816190620462e-02 -1.002836522038137446e-01 -2.757821407669780456e-02 -1.313229882793507386e-01 1.457648827204138797e-01 -1.151639824590233729e-01 -2.331515637160919141e-02 4.153569535879455543e-01
-1.186434315644646631e-01 -9.091222921910002697e-02 -8.585742322844680530e-02 -2.738550248682258825e-02 -7.672637115325642299e-02 -3.429139801892233663e-02 4.634592639649781631e-02 -7.751880565677993218e-02 -5.691660133612685968e-02 -4.440617560567261535e-02 2.512547365540740429e-03 9.112538883238130438e-02 -4.883229345171002933e-02 1.927003543447654010e-01 4.124132860090412578e-02 2.225457111597961557e-02 1.169466289207434784e-01 -2.871775677601817733e-02 1.223751403788355674e-01 -1.651449820716948125e-01 -3.209362622652633945e-02 1.946634505957831607e-01 -1.075948194620650611e-01 -3.145530220359660234e-02 -6.609984906202726052e-02 3.009495816678509073e-02 -2.147744125483086464e-02 -8.027309100174306877e-02 1.756422329122528936e-01 1.584426909074068135e-01
-1.034419104711446380e+00 -8.844356191739848327e-01 -5.761441014155934681e-01 -2.922683925524438564e-01 2.614503178115796800e-01 -9.351845410475334575e-02 3.600376445882034204e-01 1.389092956760578090e-01 -4.941624155700310439e-01 2.621892308620203949e-01 3.327767581096168215e-01 2.262041957246196944e-01 2.163174452451244179e-01 4.124132860090412578e-02 7.866267697353350741e-01 4.920738853659827328e-01 1.699167252664892658e-01 1.310292716839853711e-01 2.786347390238006483e-01 -3.165727622289864485e-01 -2.693518652036459571e-01 2.096845361738814972e-01 -2.065576110690017231e-01 -1.181915227580248029e-01 -2.636223901478160769e-01 2.000731651821752166e-02 4.136780556677877030e-03 -2.286253749996944862e-01 4.432634203528778016e-01 4.033706303839039720e-01
-1.344956791261438411e+00 -1.062371608220587405e+00 -8.339027872236783878e-01 -3.635891290967379064e-01 1.933207336890632178e-01 -1.713615524562328574e-02 2.430851891240877194e-01 2.954342097560243019e-01 -1.894056098389569343e-01 2.554997396529188336e-01 6.039223814023557679e-01 1.378983006065936934e-01 2.794728846666032496e-01 2.225457111597961557e-02 4.920738853659827328e-01 6.676595015889574825e-01 7.429313162560902128e-03 1.673856028822058306e-01 4.733409411995808114e-01 -2.465585125676170719e-01 -1.769111812106700654e-01 2.198558892110327179e-01 -1.193997015450918298e-01 -7.845020835873128817e-03 -1.949018935891047022e-01 -1.580779652039154826e-02 9.838291182376224242e-02 -2.354662063327737087e-01 3.217755600298914942e-01 3.294607846773942583e-01
-6.810486297129045852e-01 2.531831257568342153e-01 2.136024606108435364e-01 -2.535451465239475510e-01 4.152776383662057924e-01 -4.524962810526744761e-01 4.878717139951049830e-02 -7.716723134597032185e-01 -8.565166199765030797e-01 -4.331512014857707982e-02 -7.898580966836448169e-01 3.558527374959794543e-01 3.536639682950522001e-01 1.169466289207434784e-01 1.699167252664892658e-01 7.429313162560902128e-03 7.785773953818306836e-01 -2.056422968757942726e-02 2.771473199848060176e-01 2.622690938392224780e-01 9.063453901683260483e-02 4.724899700561877580e-01 -1.970150128839804893e-01 -2.657655485792815853e-01 -4.236304932288703640e-02 -1.136408454327124673e-01 1.064128510306545650e-01 -1.392443475855884572e-01 4.593227065430482980e-02 6.589245656184061772e-01
-3.631681940285034216e-01 -2.229661428979170523e-01 -4.332625724015315427e-02 -8.734808344058819785e-02 8.961659302195812415e-02 -7.917954226496703996e-02 9.987559503332477107e-02 3.456200152061228437e-02 -1.372842490858943165e-01 7.468295554662063296e-02 1.372134356249716802e-01 2.160591174501291789e-02 9.317024564924736296e-02 -2.871775677601817733e-02 1.310292716839853711e-01 1.673856028822058306e-01 -2.056422968757942726e-02 1.529097673261503587e-01 9.831522033167061636e-02 -4.013918450004894112e-02 3.593302875771087201e-03 -9.044760130194617886e-03 2.556686095556415239e-02 1.632798895326459387e-02 -6.241376966045208974e-03 -1.228065115299159515e-02 -5.271031793461133930e-02 -6.762738347777030867e-02 3.771068493216489514e-02 -1.296482170880608464e-02
-1.579144701597329004e+00 -1.041092798111492357e+00 -6.991363431348247559e-01 -4.177644172872305717e-01 1.582626489766880695e-01 -4.572558412485250301e-02 1.745268395450239041e-01 1.269654594294422623e-01 -2.923177675963870570e-01 1.388275461731325322e-01 3.696311464429413718e-01 7.908778849588316007e-02 2.986474400019574205e-01 1.223751403788355674e-01 2.786347390238006483e-01 4.733409411995808114e-01 2.771473199848060176e-01 9.831522033167061636e-02 6.766198475755231811e-01 -2.303842299446046127e-01 -5.329247167566109056e-03 6.108215216987957774e-01 -2.164667543098346414e-01 -6.164158707653655256e-02 -1.578525244223101254e-01 -3.738072882822507381e-02 1.331676445701646117e-01 -2.180208279509088243e-01 4.709415763184949810e-01 5.149436621590552932e-01
5.277188035488507012e-01 1.302864972881081940e+00 8.028313025880606801e-01 4.549634520043355224e-02 3.794042378793847092e-01 -4.485818694452063937e-01 -2.656180373425627295e-01 -8.575858409832903817e-01 -4.125147546617426997e-01 -1.207536244656921554e-01 -1.028089884107828311e+00 1.924058398746524290e-01 2.370521959516054267e-01 -1.651449820716948125e-01 -3.165727622289864485e-01 -2.465585125676170719e-01 2.622690938392224780e-01 -4.013918450004894112e-02 -2.303842299446046127e-01 8.711782204286464548e-01 2.401950750071364382e-01 -2.601382818759532256e-01 2.135813038518676876e-01 -8.341365816232837460e-02 2.643137833873652198e-01 -1.849427794728057961e-01 4.442414692044849289e-02 4.886983723275761804e-02 -7.935321296803294899e-01 2.136541047843820706e-02
-9.899238070829596836e-03 2.766972689109366002e-01 3.811865867713777334e-01 6.428073607366968645e-03 5.730017798094877435e-02 -8.650596177801617159e-02 -7.926715833320940874e-02 -1.845361317617175700e-01 -1.201377478404310750e-01 -8.191609728964976966e-02 -2.876018396787003439e-01 -1.058504320612883021e-01 5.878692155391718188e-02 -3.209362622652633945e-02 -2.693518652036459571e-01 -1.769111812106700654e-01 9.063453901683260483e-02 3.593302875771087201e-03 -5.329247167566109056e-03 2.401950750071364382e-01 2.481410562880341786e-01 8.302050789816917131e-02 3.294669180064602187e-02 2.615277963002426986e-03 1.369194914802278618e-01 -4.757949308407205535e-02 -2.520850626268611450e-02 6.816741354265332120e-02 -1.459618455588156394e-01 -2.848045227261764012e-02
-1.496134207057593812e+00 -9.758398931298870593e-01 -4.797827445154894122e-01 -3.796251691361476333e-01 1.348121868975908910e-01 -2.111030064730812228e-02 1.571939437021114827e-01 2.517990095236655179e-02 -4.206941255275751246e-01 5.450196094358261689e-02 1.152743547760337606e-01 1.882198294617865031e-02 2.242767610812279599e-01 1.946634505957831607e-01 2.096845361738814972e-01 2.198558892110327179e-01 4.724899700561877580e-01 -9.044760130194617886e-03 6.108215216987957774e-01 -2.601382818759532256e-01 8.302050789816917131e-02 8.813032929231781054e-01 -3.354716325721938119e-01 -1.566388383947128204e-01 -1.413974690864847616e-01 -2.094013854787135642e-03 1.255576655804020447e-01 -1.307960032572168529e-01 6.311227996217780856e-01 6.501889962435143389e-01
6.564505414105497039e-01 6.386737693286477224e-01 3.633903188851377308e-01 1.624730200265389612e-01 -2.247570450111879836e-02 -1.183809771947039735e-01 -1.686670758142554405e-01 -2.022591019394326395e-01 1.935257780587562593e-01 -7.760228415679648606e-02 -1.647521027992979725e-01 2.548481383257694688e-02 -9.387445816190620462e-02 -1.075948194620650611e-01 -2.065576110690017231e-01 -1.193997015450918298e-01 -1.970150128839804893e-01 2.556686095556415239e-02 -2.164667543098346414e-01 2.135813038518676876e-01 3.294669180064602187e-02 -3.354716325721938119e-01 3.148174972041033470e-01 7.498371743463394523e-02 1.677207775475721974e-01 -1.327021757811053249e-02 -6.015658133833312604e-02 2.483741727962751611e-02 -4.597042603094223523e-01 -3.308019279918426037e-01
3.778425821673181417e-02 -1.510100575600858974e-01 5.177983188144708038e-02 5.514079468019872365e-02 -1.220661021929458911e-01 1.051990977629770896e-01 2.630323055143435340e-03 2.611803223715014610e-01 2.189946788905672292e-01 3.420156419389286384e-02 2.788413464578525236e-01 -1.957569314292868512e-01 -1.002836522038137446e-01 -3.145530220359660234e-02 -1.181915227580248029e-01 -7.845020835873128817e-03 -2.657655485792815853e-01 1.632798895326459387e-02 -6.164158707653655256e-02 -8.341365816232837460e-02 2.615277963002426986e-03 -1.566388383947128204e-01 7.498371743463394523e-02 1.905672020416204759e-01 8.845142638631386944e-02 6.588356079106461038e-02 -8.448082073130080971e-03 1.082007273292333593e-01 -2.717749732988750111e-02 -2.630877516655232284e-01
1.081045271733387381e-01 3.660933168562792162e-01 4.910013097594401188e-01 5.067673257769911288e-02 9.667453144106730178e-02 -1.171644791139669906e-01 -1.182258735094592339e-01 -2.071186196091616694e-01 -5.423655451232889391e-02 -7.043077403233155565e-02 -2.912424625059770733e-01 -7.711082377659295162e-02 -2.757821407669780456e-02 -6.609984906202726052e-02 -2.636223901478160769e-01 -1.949018935891047022e-01 -4.236304932288703640e-02 -6.241376966045208974e-03 -1.578525244223101254e-01 2.643137833873652198e-01 1.369194914802278618e-01 -1.413974690864847616e-01 1.677207775475721974e-01 8.845142638631386944e-02 3.227382574120269965e-01 2.675633287418577311e-02 -4.360845335162366609e-02 2.288675470451266847e-01 -3.147342142405591403e-01 -1.543864958312042290e-01
1.307877175946714488e-02 -1.992647739036783605e-01 1.392581199183950957e-03 5.098094152396015488e-02 -9.741460960873382646e-02 5.524126827492636949e-02 2.078275345564861709e-02 1.501706492757080014e-01 1.316970200216474041e-01 -6.797585983008502808e-03 1.803954048147602407e-01 -6.869618524353882094e-02 -1.313229882793507386e-01 3.009495816678509073e-02 2.000731651821752166e-02 -1.580779652039154826e-02 -1.136408454327124673e-01 -1.228065115299159515e-02 -3.738072882822507381e-02 -1.849427794728057961e-01 -4.757949308407205535e-02 -2.094013854787135642e-03 -1.327021757811053249e-02 6.588356079106461038e-02 2.675633287418577311e-02 1.329791186323063812e-01 -4.223717759231249147e-02 8.180359874648956975e-02 1.148919865229913739e-01 -1.034263137175344127e-01
-4.605134544190150336e-01 -2.604543647592549860e-01 -1.776049865807181050e-01 -1.346859267899844781e-01 1.078616940665710899e-01 3.632232766000242918e-02 2.149734568240546650e-02 5.823238036714428745e-02 -1.412548033684970505e-01 6.076700462330109076e-02 9.288127237141452497e-03 -6.724293864294850209e-02 1.457648827204138797e-01 -2.147744125483086464e-02 4.136780556677877030e-03 9.838291182376224242e-02 1.064128510306545650e-01 -5.271031793461133930e-02 1.331676445701646117e-01 4.442414692044849289e-02 -2.520850626268611450e-02 1.255576655804020447e-01 -6.015658133833312604e-02 -8.448082073130080971e-03 -4.360845335162366609e-02 -4.223717759231249147e-02 2.785361544614488594e-01 5.367376187763284179e-02 5.810548591591668810e-02 1.534736611249627458e-01
2.123108009965335441e-02 -9.900798104922614584e-02 2.594817677187393201e-01 8.175034968684258274e-02 -2.901637931842060425e-02 2.008023944282513185e-01 -3.578143232749653180e-02 2.205392175911811137e-01 1.006205970357996193e-01 -3.543317067192219838e-02 -2.881150477907112872e-02 -2.831610322467099650e-01 -1.151639824590233729e-01 -8.027309100174306877e-02 -2.286253749996944862e-01 -2.354662063327737087e-01 -1.392443475855884572e-01 -6.762738347777030867e-02 -2.180208279509088243e-01 4.886983723275761804e-02 6.816741354265332120e-02 -1.307960032572168529e-01 2.483741727962751611e-02 1.082007273292333593e-01 2.288675470451266847e-01 8.180359874648956975e-02 5.367376187763284179e-02 4.388113341651660448e-01 3.031278862408726127e-04 -2.115329981444347140e-01
-1.392169623411803059e+00 -1.722328114516471942e+00 -8.964245055897777092e-01 -2.444198894305031899e-01 -1.985363396386787826e-01 3.861440535220594938e-01 3.794217241001547336e-01 7.856433203397727993e-01 5.004615158156866528e-03 1.710743621643473489e-01 9.047523925341351969e-01 -1.976760572002831395e-01 -2.331515637160919141e-02 1.756422329122528936e-01 4.432634203528778016e-01 3.217755600298914942e-01 4.593227065430482980e-02 3.771068493216489514e-02 4.709415763184949810e-01 -7.935321296803294899e-01 -1.459618455588156394e-01 6.311227996217780856e-01 -4.597042603094223523e-01 -2.717749732988750111e-02 -3.147342142405591403e-01 1.148919865229913739e-01 5.810548591591668810e-02 3.031278862408726127e-04 1.147237639416232469e+00 3.370111684145058462e-01
-1.404126460841666812e+00 -5.819283666332353278e-01 -3.902394647834057650e-01 -4.360317737132390903e-01 4.270408894812476319e-01 -3.266864270395899439e-01 1.878930421202085199e-01 -3.532139896736339324e-01 -7.858824919135258824e-01 1.082339339780560294e-01 -2.334138907445435507e-01 3.233071939555429708e-01 4.153569535879455543e-01 1.584426909074068135e-01 4.033706303839039720e-01 3.294607846773942583e-01 6.589245656184061772e-01 -1.296482170880608464e-02 5.149436621590552932e-01 2.136541047843820706e-02 -2.848045227261764012e-02 6.501889962435143389e-01 -3.308019279918426037e-01 -2.630877516655232284e-01 -1.543864958312042290e-01 -1.034263137175344127e-01 1.534736611249627458e-01 -2.115329981444347140e-01 3.370111684145058462e-01 9.271912885359938628e-01
