5.380122230018400842e+00 3.171098368885850505e+00 1.303608524613991904e+00 1.205433586403387380e+00 -1.350784759598184337e+00 2.278360335561160355e-01 -6.873228355268565792e-01 -4.604683181984228213e-01 1.799507354970387496e+00 -6.403025669951034615e-01 -4.470922063211446584e-01 4.124897218716228053e-01 -9.713833604106980602e-01 -4.990224913910878968e-02 -8.405837379533522835e-01 -1.158588251096091426e+00 -5.269829984317766502e-01 -4.086606590936412431e-01 -1.569805477845704900e+00 7.314436846343710386e-01 -5.511385071541781144e-01 -1.677944356812361093e+00 7.583695372958914049e-01 -2.567159735236828055e-01 1.497240881765833365e-01 -1.138332637043504292e-01 -4.949687556068056438e-01 -2.993233002302986279e-02 -1.711846487257332683e+00 -1.191371051415899274e+00
3.171098368885850505e+00 3.374788155828809977e+00 1.441868375359319998e+00 7.574026937007829474e-01 -6.583637155981136857e-01 -5.237458333353970374e-01 -5.872952394071830895e-01 -1.351950333567231155e+00 7.054520942933208971e-01 -5.738775146672310257e-01 -1.079471686444321676e+00 5.862419355082124639e-01 -3.485340608341971347e-01 9.322260801195625390e-02 -5.037540896747145780e-01 -9.591919475603845058e-01 4.932861401744617069e-01 -3.427970830607023345e-01 -1.001537357687652730e+00 1.291259562994582666e+00 -2.029870117972336629e-01 -9.430025287848593507e-01 4.213848427947937125e-01 -4.151979540467323204e-01 4.316844302321101168e-01 -5.675330422816386999e-01 -1.714168783521472506e-01 5.325406075871796929e-02 -2.016621676094700888e+00 -5.736654898387882895e-01
1.303608524613991904e+00 1.441868375359319998e+00 1.448140219807555695e+00 4.145195922892526141e-01 -1.369331959049304714e-01 -5.623047786478991839e-01 -2.067813219479148756e-01 -5.966910403112137828e-01 5.225169707523491525e-02 -3.118947335299253609e-01 -4.332979235053358025e-01 5.917710833199407716e-02 -2.966604361379836519e-01 5.791376506402912128e-02 -2.698835909940271449e-01 -6.339963195961217934e-01 2.596892972337627725e-01 -7.098117839444739730e-02 -5.716106378692984435e-01 5.768155378281107915e-01 7.973229250802660317e-02 -3.962506871111486362e-01 1.982881286487554462e-01 -1.130598125166102363e-01 4.149761357010675056e-01 -3.118024066830571428e-01 -1.095886758902224756e-01 2.840897600417520152e-01 -1.055851699248478326e+00 -5.134835249275511160e-01
1.205433586403387380e+00 7.574026937007829474e-01 4.145195922892526141e-01 4.358307128021579047e-01 -3.604147527874488333e-01 3.581922923717684171e-02 -1.519513294215357746e-01 -8.697723768375453801e-02 5.052866914071501014e-01 -1.617371070782382958e-01 -4.261112557537671819e-02 1.940119060890310720e-02 -2.959736148957290425e-01 -1.341543250151744360e-02 -2.441930382888131135e-01 -3.347603705412893760e-01 -1.847766001772015443e-01 -8.994288299641084450e-02 -4.258737833565078290e-01 1.485638655268530783e-01 -9.532460933468200892e-02 -4.260296342936271685e-01 2.132860635359747903e-01 -1.720221229328444679e-02 8.761736221686078352e-02 -1.884660207440447266e-02 -1.449216807152424735e-01 6.744268562141542134e-02 -4.122115339849301563e-01 -3.834419858845876661e-01
-1.350784759598184337e+00 -6.583637155981136857e-01 -1.369331959049304714e-01 -3.604147527874488333e-01 8.629662127858637177e-01 -2.814730499433153454e-01 1.050823913811314014e-01 -1.395674271057600890e-01 -8.056583276638207280e-01 1.671901694334678723e-01 -2.720195460955210365e-01 1.247009109290502238e-01 4.024587137358253131e-01 -4.857606373013823031e-02 3.444702222678301951e-01 2.519403361354761728e-01 3.911947198434972961e-01 1.176464887432757678e-01 3.330235279250643998e-01 1.227786583165766388e-01 1.159348079734172643e-01 3.817753827972865110e-01 -2.089900582424775166e-01 -8.424121784997851137e-02 4.182927672115965834e-02 -1.291234320450485029e-01 1.764642920504684298e-01 2.789864995514790280e-02 7.969872089523732939e-02 4.290899646251205013e-01
2.278360335561160355e-01 -5.237458333353970374e-01 -5.623047786478991839e-01 3.581922923717684171e-02 -2.814730499433153454e-01 7.672844466868582458e-01 4.170586757390992716e-02 6.711387965526682819e-01 4.658957244698171962e-01 8.874034705434041825e-02 3.413483053661252598e-01 -3.318492288639163235e-01 -1.383937273245123833e-01 -9.764747358690328838e-02 -1.796955518530012341e-01 -1.469597146291334866e-02 -4.774932435155960775e-01 -4.005614614942487606e-02 -7.049613368536711278e-02 -3.222078231108866930e-01 -2.792855823042827978e-02 -1.046186669747726228e-01 3.041531439458822206e-02 1.586201032849885451e-01 -1.362354788346920031e-01 2.291692822654454176e-01 -5.854830796846499652e-02 7.033783758095069061e-02 4.304946263715692112e-01 -1.914171091934804281e-01
-6.873228355268565792e-01 -5.872952394071830895e-01 -2.067813219479148756e-01 -1.519513294215357746e-01 1.050823913811314014e-01 4.170586757390992716e-02 3.056974303914330449e-01 2.069992455020610578e-01 -3.250541134161153423e-01 1.461696796808951149e-01 2.383805167187347251e-01 -8.308902392667505410e-02 6.598594331882168262e-02 9.728449280487438955e-03 2.553507607980805005e-01 1.930889878125299219e-01 -1.928946446844292950e-02 9.772266597229872787e-02 1.479873816933832131e-01 -2.811523940496272189e-01 9.279639928479355149e-03 1.415851278382547207e-01 -1.433879605278320923e-01 5.267774156095583749e-02 -1.350857153656761511e-01 6.002619279138343700e-02 2.434214008297885812e-02 -2.615656757791384734e-02 4.109079927284255973e-01 1.338460995011132582e-01
-4.604683181984228213e-01 -1.351950333567231155e+00 -5.966910403112137828e-01 -8.697723768375453801e-02 -1.395674271057600890e-01 6.711387965526682819e-01 2.069992455020610578e-01 1.122571570362595139e+00 2.852670778821106978e-01 2.632264240795052501e-01 7.644924505948438309e-01 -5.592494622711114971e-01 -1.200601074807536861e-01 -1.704592455470788082e-01 -2.689972143139129912e-02 2.244311914440118017e-01 -7.422737170478512780e-01 1.282649484802504958e-01 7.344449309675837867e-02 -6.380468636412501837e-01 7.835391143657943758e-04 -5.128355767669745546e-02 2.616819200636655296e-02 3.199296703049867574e-01 -1.699929563090449847e-01 3.651769230651211728e-01 -2.841812929005982369e-02 1.206801732773215008e-01 7.638885132488439922e-01 -1.941245130592506030e-01
1.799507354970387496e+00 7.054520942933208971e-01 5.225169707523491525e-02 5.052866914071501014e-01 -8.056583276638207280e-01 4.658957244698171962e-01 -3.250541134161153423e-01 2.852670778821106978e-01 1.246760840301078588e+00 -1.703914584672361343e-01 2.982617942554384172e-01 -1.610652765244822149e-01 -4.807195274437958687e-01 -7.723332820830819401e-02 -5.630821093229201324e-01 -3.312766439113374872e-01 -6.832268500988902815e-01 -1.276021687260708859e-01 -4.900814037669931622e-01 -2.770475934141813923e-02 -1.591198650268097481e-01 -6.241441001471912386e-01 4.342945722993363233e-01 1.314530316362265694e-01 7.452919470551933045e-02 1.921766882613837879e-01 -2.497005094337509945e-01 4.234615649482975641e-02 -3.216268880770485339e-01 -6.357919962313189899e-01
-6.403025669951034615e-01 -5.738775146672310257e-01 -3.118947335299253609e-01 -1.617371070782382958e-01 1.671901694334678723e-01 8.874034705434041825e-02 1.461696796808951149e-01 2.632264240795052501e-01 -1.703914584672361343e-01 2.050113515836073930e-01 2.097758074463058620e-01 -1.215819115494127800e-01 1.297252196762315180e-01 -7.264288760569570513e-02 2.038074483445484475e-01 2.173263760966506197e-01 -1.052228549737606045e-01 1.093351239081243875e-01 1.487766709039703983e-01 -1.728351934629586140e-01 -3.834012503602934885e-04 7.763101172616870826e-02 -5.149503110681052931e-02 8.150132211000027382e-02 -8.466415211285038822e-02 6.105807840350507831e-02 4.030714858402006939e-02 -3.793555832106676462e-02 2.748225611792918244e-01 8.055885337807922042e-02
-4.470922063211446584e-01 -1.079471686444321676e+00 -4.332979235053358025e-01 -4.261112557537671819e-02 -2.720195460955210365e-01 3.413483053661252598e-01 2.383805167187347251e-01 7.644924505948438309e-01 2.982617942554384172e-01 2.097758074463058620e-01 9.102779313163864572e-01 -3.989425968208024642e-01 -1.811753820372246082e-01 -8.017134511624135484e-02 2.462262817863347664e-02 3.131898720523054180e-01 -7.065943221660972995e-01 1.844359152947276925e-01 1.292109113896344752e-01 -6.726938463260694334e-01 -3.743619318510127414e-02 -5.223865640425628953e-02 1.188676650106685884e-01 3.136781861314830167e-01 -1.433291272729775301e-01 3.529054748109388129e-01 -8.571098957293088461e-02 -2.411130410121131717e-02 6.644067026481366156e-01 -2.069582529969125062e-01
4.124897218716228053e-01 5.862419355082124639e-01 5.917710833199407716e-02 1.940119060890310720e-02 1.247009109290502238e-01 -3.318492288639163235e-01 -8.308902392667505410e-02 -5.592494622711114971e-01 -1.610652765244822149e-01 -1.215819115494127800e-01 -3.989425968208024642e-01 5.512348103589488346e-01 7.457273177521983598e-02 9.008194389303980643e-02 1.279697521035814134e-01 4.816178929360148686e-03 3.448629260864777279e-01 -7.035914070536364306e-02 -2.978807377698444725e-02 2.375737487530500402e-01 -1.443838167335798062e-01 -3.715781399344564306e-02 -1.691229095860080633e-02 -2.315017081896826312e-01 -3.869219042485383397e-02 -1.280201936879166169e-01 -4.135331386208918047e-02 -2.009697338062323979e-01 -2.803365576401120052e-01 2.421306469405521966e-01
-9.713833604106980602e-01 -3.485340608341971347e-01 -2.966604361379836519e-01 -2.959736148957290425e-01 4.024587137358253131e-01 -1.383937273245123833e-01 6.598594331882168262e-02 -1.200601074807536861e-01 -4.807195274437958687e-01 1.297252196762315180e-01 -1.811753820372246082e-01 7.457273177521983598e-02 3.685613374152580946e-01 -9.785018832133118849e-03 2.217985744995303321e-01 2.303783194104198628e-01 3.264925848234838668e-01 5.219116006253443629e-02 3.227872047695541369e-01 8.418086396682156192e-02 7.911758694922355062e-02 3.154949879212551878e-01 -2.022505732044237448e-01 -5.419657499282948265e-02 -7.072727182094240561e-02 -9.876937497688231815e-02 1.717484972841134550e-01 -9.484852345974559285e-02 1.474427917140133104e-01 3.705416340876013237e-01
-4.990224913910878968e-02 9.322260801195625390e-02 5.791376506402912128e-02 -1.341543250151744360e-02 -4.857606373013823031e-02 -9.764747358690328838e-02 9.728449280487438955e-03 -1.704592455470788082e-01 -7.723332820830819401e-02 -7.264288760569570513e-02 -8.017134511624135484e-02 9.008194389303980643e-02 -9.785018832133118849e-03 1.424807808314199065e-01 -2.877893941882803119e-02 -4.068547410099654371e-03 1.366071403752471269e-01 -4.142287139740119528e-02 6.508281636072865695e-02 -3.824089892913207223e-02 3.074538132369752930e-02 1.218330851893369982e-01 -6.854243464886167203e-02 -1.813207608267930482e-02 -6.166409280695006601e-03 -8.505582805412359448e-03 -1.234909382765181363e-02 -4.066383463691636280e-02 4.218437051645196334e-02 9.682223703850922902e-02
-8.405837379533522835e-01 -5.037540896747145780e-01 -2.698835909940271449e-01 -2.441930382888131135e-01 3.444702222678301951e-01 -1.796955518530012341e-01 2.553507607980805005e-01 -2.689972143139129912e-02 -5.630821093229201324e-01 2.038074483445484475e-01 2.462262817863347664e-02 1.279697521035814134e-01 2.217985744995303321e-01 -2.877893941882803119e-02 5.832861131266895427e-01 3.349732896926695958e-01 1.739080853425321038e-01 1.458680870508430871e-01 2.219788576065013785e-01 -1.468830757647765495e-01 -8.873979590504177395e-02 1.766126498758069374e-01 -1.513289132403770054e-01 -6.531896011949811509e-02 -1.636558278597135541e-01 5.983050336226369836e-03 2.888108980948800308e-02 -1.660885592319800708e-01 3.086594446818935467e-01 2.807155200055149180e-01
-1.158588251096091426e+00 -9.591919475603845058e-01 -6.339963195961217934e-01 -3.347603705412893760e-01 2.519403361354761728e-01 -1.469597146291334866e-02 1.930889878125299219e-01 2.244311914440118017e-01 -3.312766439113374872e-01 2.173263760966506197e-01 3.131898720523054180e-01 4.816178929360148686e-03 2.303783194104198628e-01 -4.068547410099654371e-03 3.349732896926695958e-01 5.429710635611968428e-01 -7.770081690614460967e-02 1.772708637182915936e-01 4.497617091564052316e-01 -3.415930847796744274e-01 -3.261959199528519093e-02 2.759886842339938084e-01 -1.097568454851796105e-01 8.521362523208608764e-02 -2.072170950704617098e-01 1.503177022391923856e-01 1.032361054013790636e-01 -2.089500107222193037e-01 5.524320516931311431e-01 3.070780308507323753e-01
-5.269829984317766502e-01 4.932861401744617069e-01 2.596892972337627725e-01 -1.847766001772015443e-01 3.911947198434972961e-01 -4.774932435155960775e-01 -1.928946446844292950e-02 -7.422737170478512780e-01 -6.832268500988902815e-01 -1.052228549737606045e-01 -7.065943221660972995e-01 3.448629260864777279e-01 3.264925848234838668e-01 1.366071403752471269e-01 1.739080853425321038e-01 -7.770081690614460967e-02 8.599100867555762306e-01 -8.414324034669107277e-02 1.952571707344645802e-01 3.900592227602714956e-01 1.334768253042852848e-01 4.090075939400605876e-01 -2.965406460170925129e-01 -2.690380864794974514e-01 4.444617531532912835e-02 -3.108564518390153353e-01 1.444829875279083353e-01 -6.123073772050702246e-02 -2.147901477740674636e-01 4.574806810805398527e-01
-4.086606590936412431e-01 -3.427970830607023345e-01 -7.098117839444739730e-02 -8.994288299641084450e-02 1.176464887432757678e-01 -4.005614614942487606e-02 9.772266597229872787e-02 1.282649484802504958e-01 -1.276021687260708859e-01 1.093351239081243875e-01 1.844359152947276925e-01 -7.035914070536364306e-02 5.219116006253443629e-02 -4.142287139740119528e-02 1.458680870508430871e-01 1.772708637182915936e-01 -8.414324034669107277e-02 1.820415935276002983e-01 1.034836468940625309e-01 -1.190787438899292283e-01 -4.747764768580964301e-03 -3.829201691189609846e-03 2.340970233558437030e-02 5.885250765936689277e-02 -6.721974602555746969e-03 3.415619885947762668e-02 -6.904850894500214054e-03 -3.084895709986312795e-02 9.952775318606654764e-02 -6.611051788888744341e-02
-1.569805477845704900e+00 -1.001537357687652730e+00 -5.716106378692984435e-01 -4.258737833565078290e-01 3.330235279250643998e-01 -7.049613368536711278e-02 1.479873816933832131e-01 7.344449309675837867e-02 -4.900814037669931622e-01 1.487766709039703983e-01 1.292109113896344752e-01 -2.978807377698444725e-02 3.227872047695541369e-01 6.508281636072865695e-02 2.219788576065013785e-01 4.497617091564052316e-01 1.952571707344645802e-01 1.034836468940625309e-01 6.509109675945410345e-01 -2.848768891985571372e-01 1.527838970155528386e-01 6.280699181274940202e-01 -2.629132211021101284e-01 6.486261108622670690e-02 -1.687133044300708207e-01 7.828152117292574985e-02 1.698779021153029589e-01 -1.839014463442936176e-01 6.750260319643359708e-01 4.489892627964877647e-01
7.314436846343710386e-01 1.291259562994582666e+00 5.768155378281107915e-01 1.485638655268530783e-01 1.227786583165766388e-01 -3.222078231108866930e-01 -2.811523940496272189e-01 -6.380468636412501837e-01 -2.770475934141813923e-02 -1.728351934629586140e-01 -6.726938463260694334e-01 2.375737487530500402e-01 8.418086396682156192e-02 -3.824089892913207223e-02 -1.468830757647765495e-01 -3.415930847796744274e-01 3.900592227602714956e-01 -1.190787438899292283e-01 -2.848768891985571372e-01 8.425596405832607161e-01 2.007354447744091885e-02 -2.482608019934957611e-01 6.231618702059904535e-02 -2.146344895322727098e-01 2.628443085612275354e-01 -3.865897168355445501e-01 5.704811773358642313e-02 1.016866026575371507e-01 -9.734032036120083831e-01 -6.100513422211406578e-02
-5.511385071541781144e-01 -2.029870117972336629e-01 7.973229250802660317e-02 -9.532460933468200892e-02 1.159348079734172643e-01 -2.792855823042827978e-02 9.279639928479355149e-03 7.835391143657943758e-04 -1.591198650268097481e-01 -3.834012503602934885e-04 -3.743619318510127414e-02 -1.443838167335798062e-01 7.911758694922355062e-02 3.074538132369752930e-02 -8.873979590504177395e-02 -3.261959199528519093e-02 1.334768253042852848e-01 -4.747764768580964301e-03 1.527838970155528386e-01 2.007354447744091885e-02 2.003792444562009223e-01 2.653913195152597382e-01 -1.155581384068682382e-01 4.850797116739613557e-02 7.944703471025604813e-02 -4.172778668151977399e-02 4.857344297568033653e-02 9.344746537618675575e-02 9.669456688249056242e-02 4.772734825172619821e-02
-1.677944356812361093e+00 -9.430025287848593507e-01 -3.962506871111486362e-01 -4.260296342936271685e-01 3.817753827972865110e-01 -1.046186669747726228e-01 1.415851278382547207e-01 -5.128355767669745546e-02 -6.241441001471912386e-01 7.763101172616870826e-02 -5.223865640425628953e-02 -3.715781399344564306e-02 3.154949879212551878e-01 1.218330851893369982e-01 1.766126498758069374e-01 2.759886842339938084e-01 4.090075939400605876e-01 -3.829201691189609846e-03 6.280699181274940202e-01 -2.482608019934957611e-01 2.653913195152597382e-01 8.810128499233655930e-01 -3.920161918461246842e-01 -5.434636923382640816e-04 -1.183175758550589762e-01 3.559508583242632085e-02 1.692170897708820121e-01 -9.749244432401837912e-02 7.385909099332650385e-01 5.553226185105017976e-01
7.583695372958914049e-01 4.213848427947937125e-01 1.982881286487554462e-01 2.132860635359747903e-01 -2.089900582424775166e-01 3.041531439458822206e-02 -1.433879605278320923e-01 2.616819200636655296e-02 4.342945722993363233e-01 -5.149503110681052931e-02 1.188676650106685884e-01 -1.691229095860080633e-02 -2.022505732044237448e-01 -6.854243464886167203e-02 -1.513289132403770054e-01 -1.097568454851796105e-01 -2.965406460170925129e-01 2.340970233558437030e-02 -2.629132211021101284e-01 6.231618702059904535e-02 -1.155581384068682382e-01 -3.920161918461246842e-01 3.419229359038808980e-01 4.498050174146328573e-02 1.400029834930478501e-01 2.536753175616013323e-02 -7.736905435820062849e-02 5.016285534219377951e-02 -4.219530709073069374e-01 -3.702192865342226469e-01
-2.567159735236828055e-01 -4.151979540467323204e-01 -1.130598125166102363e-01 -1.720221229328444679e-02 -8.424121784997851137e-02 1.586201032849885451e-01 5.267774156095583749e-02 3.199296703049867574e-01 1.314530316362265694e-01 8.150132211000027382e-02 3.136781861314830167e-01 -2.315017081896826312e-01 -5.419657499282948265e-02 -1.813207608267930482e-02 -6.531896011949811509e-02 8.521362523208608764e-02 -2.690380864794974514e-01 5.885250765936689277e-02 6.486261108622670690e-02 -2.146344895322727098e-01 4.850797116739613557e-02 -5.434636923382640816e-04 4.498050174146328573e-02 1.846185694635664731e-01 2.201228496915064170e-03 1.157403667406811110e-01 -2.530900903349220243e-02 4.220084426037828962e-02 2.069139974497602452e-01 -1.468601060527134905e-01
1.497240881765833365e-01 4.316844302321101168e-01 4.149761357010675056e-01 8.761736221686078352e-02 4.182927672115965834e-02 -1.362354788346920031e-01 -1.350857153656761511e-01 -1.699929563090449847e-01 7.452919470551933045e-02 -8.466415211285038822e-02 -1.433291272729775301e-01 -3.869219042485383397e-02 -7.072727182094240561e-02 -6.166409280695006601e-03 -1.636558278597135541e-01 -2.072170950704617098e-01 4.444617531532912835e-02 -6.721974602555746969e-03 -1.687133044300708207e-01 2.628443085612275354e-01 7.944703471025604813e-02 -1.183175758550589762e-01 1.400029834930478501e-01 2.201228496915064170e-03 3.215807557212713164e-01 -1.167889480220765108e-01 -4.767129345640341853e-02 2.258031569730860610e-01 -4.845312698789143724e-01 -1.781768965008154737e-01
-1.138332637043504292e-01 -5.675330422816386999e-01 -3.118024066830571428e-01 -1.884660207440447266e-02 -1.291234320450485029e-01 2.291692822654454176e-01 6.002619279138343700e-02 3.651769230651211728e-01 1.921766882613837879e-01 6.105807840350507831e-02 3.529054748109388129e-01 -1.280201936879166169e-01 -9.876937497688231815e-02 -8.505582805412359448e-03 5.983050336226369836e-03 1.503177022391923856e-01 -3.108564518390153353e-01 3.415619885947762668e-02 7.828152117292574985e-02 -3.865897168355445501e-01 -4.172778668151977399e-02 3.559508583242632085e-02 2.536753175616013323e-02 1.157403667406811110e-01 -1.167889480220765108e-01 2.561399941101853983e-01 -5.249635491270510101e-02 -3.704203963201280203e-02 4.030188455581651397e-01 -4.317922485790859355e-02
-4.949687556068056438e-01 -1.714168783521472506e-01 -1.095886758902224756e-01 -1.449216807152424735e-01 1.764642920504684298e-01 -5.854830796846499652e-02 2.434214008297885812e-02 -2.841812929005982369e-02 -2.497005094337509945e-01 4.030714858402006939e-02 -8.571098957293088461e-02 -4.135331386208918047e-02 1.717484972841134550e-01 -1.234909382765181363e-02 2.888108980948800308e-02 1.032361054013790636e-01 1.444829875279083353e-01 -6.904850894500214054e-03 1.698779021153029589e-01 5.704811773358642313e-02 4.857344297568033653e-02 1.692170897708820121e-01 -7.736905435820062849e-02 -2.530900903349220243e-02 -4.767129345640341853e-02 -5.249635491270510101e-02 2.413189335269976254e-01 8.833115198569885251e-03 4.976487369992810272e-02 1.726325117081728422e-01
-2.993233002302986279e-02 5.325406075871796929e-02 2.840897600417520152e-01 6.744268562141542134e-02 2.789864995514790280e-02 7.033783758095069061e-02 -2.615656757791384734e-02 1.206801732773215008e-01 4.234615649482975641e-02 -3.793555832106676462e-02 -2.411130410121131717e-02 -2.009697338062323979e-01 -9.484852345974559285e-02 -4.066383463691636280e-02 -1.660885592319800708e-01 -2.089500107222193037e-01 -6.123073772050702246e-02 -3.084895709986312795e-02 -1.839014463442936176e-01 1.016866026575371507e-01 9.344746537618675575e-02 -9.749244432401837912e-02 5.016285534219377951e-02 4.220084426037828962e-02 2.258031569730860610e-01 -3.704203963201280203e-02 8.833115198569885251e-03 3.859708705792286310e-01 -1.906331359242017243e-01 -1.433482810795680962e-01
-1.711846487257332683e+00 -2.016621676094700888e+00 -1.055851699248478326e+00 -4.122115339849301563e-01 7.969872089523732939e-02 4.304946263715692112e-01 4.109079927284255973e-01 7.638885132488439922e-01 -3.216268880770485339e-01 2.748225611792918244e-01 6.644067026481366156e-01 -2.803365576401120052e-01 1.474427917140133104e-01 4.218437051645196334e-02 3.086594446818935467e-01 5.524320516931311431e-01 -2.147901477740674636e-01 9.952775318606654764e-02 6.750260319643359708e-01 -9.734032036120083831e-01 9.669456688249056242e-02 7.385909099332650385e-01 -4.219530709073069374e-01 2.069139974497602452e-01 -4.845312698789143724e-01 4.030188455581651397e-01 4.976487369992810272e-02 -1.906331359242017243e-01 1.673569758853204803e+00 4.657587818202273411e-01
-1.191371051415899274e+00 -5.736654898387882895e-01 -5.134835249275511160e-01 -3.834419858845876661e-01 4.290899646251205013e-01 -1.914171091934804281e-01 1.338460995011132582e-01 -1.941245130592506030e-01 -6.357919962313189899e-01 8.055885337807922042e-02 -2.069582529969125062e-01 2.421306469405521966e-01 3.705416340876013237e-01 9.682223703850922902e-02 2.807155200055149180e-01 3.070780308507323753e-01 4.574806810805398527e-01 -6.611051788888744341e-02 4.489892627964877647e-01 -6.100513422211406578e-02 4.772734825172619821e-02 5.553226185105017976e-01 -3.702192865342226469e-01 -1.468601060527134905e-01 -1.781768965008154737e-01 -4.317922485790859355e-02 1.726325117081728422e-01 -1.433482810795680962e-01 4.657587818202273411e-01 8.104565013483693292e-01
