5.422751450367968573e+00 3.159845960991219727e+00 1.317587562710968996e+00 1.170041672557658785e+00 -1.105613029924654711e+00 9.025583785137314408e-02 -6.737315005096888854e-01 -3.739263241528760773e-01 1.356624293142203896e+00 -6.410019521804315445e-01 -6.851445683367387574e-01 1.588372250209886261e-01 -1.048622082986355508e+00 -2.119861337807833479e-01 -9.286123489455917479e-01 -1.233617773740036228e+00 -8.699198112562385177e-01 -1.207936857464915192e-01 -1.593506393571431090e+00 5.151006983807633333e-01 -1.232748434463246667e-01 -1.634554124066369241e+00 9.042323008599169043e-01 9.949179572174671193e-02 1.999220382673456697e-01 8.723198960996114693e-02 -5.395204874728278810e-01 3.232038115919522170e-02 -1.419819344345171430e+00 -1.310596040896825798e+00
3.159845960991219727e+00 3.311759754811475887e+00 1.445194167191743873e+00 7.278535004865602787e-01 -4.838699538146329360e-01 -5.735588423269746272e-01 -5.565505013719871386e-01 -1.390395904107947445e+00 3.303295967788244525e-01 -5.393332444053839936e-01 -1.429069220659243911e+00 4.605817235326981063e-01 -3.198146511743971132e-01 -1.798020651878573517e-01 -7.051016798469049718e-01 -9.167837166145886840e-01 -3.469984093158018368e-03 -1.535705109771470234e-01 -9.711891603880360435e-01 1.105120519686067837e+00 6.307214622188439535e-02 -9.663612767619156330e-01 6.948475985188338200e-01 -5.695317217094952866e-02 4.001512758009084791e-01 -1.400486341332225493e-01 -2.736394916092308449e-01 -1.782000107436942926e-02 -1.485072113097373858e+00 -5.363546037881974371e-01
1.317587562710968996e+00 1.445194167191743873e+00 1.519236491834988101e+00 3.917426402620094450e-01 -3.563821717341397743e-02 -6.376875201564757845e-01 -1.794259498050791990e-01 -6.893477326219681345e-01 -2.110015523433617091e-01 -2.965219013987052676e-01 -6.857032608020290354e-01 3.130446065455316784e-02 -2.452167987557345441e-01 -1.105721103724590648e-01 -3.906351361449083015e-01 -5.923520341029302472e-01 -2.435931908888733233e-02 2.717498812899066252e-02 -5.595218304504214757e-01 5.071734420917550779e-01 2.032518503464189052e-01 -4.326634797419615097e-01 3.812169664595330687e-01 7.536231794927061856e-02 3.909936367604700536e-01 -4.034482164848895991e-02 -1.762856904933300939e-01 2.053761925388926102e-01 -7.476198421723552201e-01 -4.407204947751210966e-01
1.170041672557658785e+00 7.278535004865602787e-01 3.917426402620094450e-01 4.046842497825764440e-01 -2.819800123005506975e-01 1.530890352279357103e-02 -1.373482118932543017e-01 -7.205976510692835291e-02 3.741213649944370445e-01 -1.529839064483553557e-01 -1.188619552972340898e-01 -2.687732474947779338e-02 -2.916860903721385512e-01 -5.851628615022264057e-02 -2.555745070482089432e-01 -3.405596943027831003e-01 -2.524199230433055163e-01 -2.122752867455801606e-02 -4.182135221410590020e-01 1.082478991305606542e-01 -1.849305723453653627e-03 -4.040808112692388931e-01 2.478791911955795513e-01 5.737785138330764312e-02 9.460196965352452025e-02 3.358093626030722589e-02 -1.537695968609114061e-01 7.554654276719929840e-02 -3.337236007728279219e-01 -3.792521426346411317e-01
-1.105613029924654711e+00 -4.838699538146329360e-01 -3.563821717341397743e-02 -2.819800123005506975e-01 7.052290723535179495e-01 -2.446052290636657744e-01 7.339874734338991402e-02 -2.276262515743496806e-01 -6.294623242667398699e-01 1.368847024197634710e-01 -2.692875247395249971e-01 1.709006538355311022e-01 3.740447976995824320e-01 -3.711922957484148355e-02 2.711265815359524822e-01 2.449324964288734918e-01 3.543468785782124542e-01 3.090188313404951259e-02 2.855908123691790479e-01 1.661435968582622991e-01 2.368700222973529890e-02 2.846095560369690247e-01 -1.583718732944703333e-01 -1.109502223407048405e-01 1.772629372646861157e-02 -1.016747460110991597e-01 1.389834034275736485e-01 -2.959394707926321644e-02 5.223063376365644217e-02 3.850577947870306161e-01
9.025583785137314408e-02 -5.735588423269746272e-01 -6.376875201564757845e-01 1.530890352279357103e-02 -2.446052290636657744e-01 7.780366725830845098e-01 3.402017351413633151e-02 7.483990313733102084e-01 4.900997541606102459e-01 9.802685088993712270e-02 4.383490193681609526e-01 -3.498142236056196452e-01 -1.311340710433341883e-01 -2.913468819616582550e-02 -7.724926248255314931e-02 -3.564927800994155405e-02 -2.975445057024330708e-01 -3.853842622487491099e-02 -5.648818413499157032e-02 -2.682658233125607694e-01 -3.126755431645733552e-02 -4.503792901363112833e-02 -7.133359686702078761e-02 7.278559308070953193e-02 -1.002032578593343715e-01 5.570648908542352729e-02 2.317678553367841232e-03 1.309012085725953511e-01 2.419886369675623428e-01 -2.086824508801328193e-01
-6.737315005096888854e-01 -5.565505013719871386e-01 -1.794259498050791990e-01 -1.373482118932543017e-01 7.339874734338991402e-02 3.402017351413633151e-02 2.942929989513345390e-01 1.804525333468518511e-01 -2.572453403725489807e-01 1.387315544343437068e-01 2.846728718265012503e-01 -5.247091285258420612e-02 6.895352152963596382e-02 5.623340382135211257e-02 2.688038182668606169e-01 1.828146676108985957e-01 5.079976900799465511e-02 6.302581056792178060e-02 1.329738241646509778e-01 -2.346691195538141983e-01 -3.611275039384054253e-02 1.289186631240113456e-01 -1.714015724638784377e-01 -4.857769366594766325e-03 -1.210741522900775635e-01 -9.580305454051085690e-04 3.489000443789791461e-02 -1.453092291399116220e-02 3.180220257222572400e-01 1.293725565456043114e-01
-3.739263241528760773e-01 -1.390395904107947445e+00 -6.893477326219681345e-01 -7.205976510692835291e-02 -2.276262515743496806e-01 7.483990313733102084e-01 1.804525333468518511e-01 1.269923862007772186e+00 4.923628001513407071e-01 2.406186171747890512e-01 9.928992695471947627e-01 -5.650524340528022549e-01 -1.885439380624802652e-01 -4.498781480316438319e-02 6.281722841009695912e-02 1.734913834329177007e-01 -5.570868152116759120e-01 8.902209918409198508e-02 4.944064856184127166e-02 -6.203100426787955257e-01 -6.171861703438707991e-02 -2.164159786269692631e-02 -1.022456777636193692e-01 1.906264939347579457e-01 -1.577295188118910119e-01 1.521442577831066956e-01 1.617841008260256785e-02 1.698992211062204660e-01 5.276841761871651215e-01 -2.832890954920230797e-01
1.356624293142203896e+00 3.303295967788244525e-01 -2.110015523433617091e-01 3.741213649944370445e-01 -6.294623242667398699e-01 4.900997541606102459e-01 -2.572453403725489807e-01 4.923628001513407071e-01 1.067052013577495018e+00 -1.080653700366269732e-01 4.008813482910795756e-01 -2.488012186337300591e-01 -4.472385720392821895e-01 -7.047460961797469281e-02 -4.249937013630642468e-01 -2.602489116227957311e-01 -6.322916626693881881e-01 -2.996662974874197971e-02 -3.717019774635161866e-01 -1.581578783928989651e-01 -5.923123802682539463e-02 -4.495004917736196148e-01 3.231381321096478132e-01 1.661483114829707119e-01 6.188273015595768811e-02 1.523446582280030270e-01 -1.825500794582239905e-01 1.013727851531029955e-01 -2.086708165829236350e-01 -5.667565522788322596e-01
-6.410019521804315445e-01 -5.393332444053839936e-01 -2.965219013987052676e-01 -1.529839064483553557e-01 1.368847024197634710e-01 9.802685088993712270e-02 1.387315544343437068e-01 2.406186171747890512e-01 -1.080653700366269732e-01 1.986500296277426969e-01 2.441336709334223087e-01 -9.102796783184885498e-02 1.360356088706566879e-01 -2.974719491231780921e-02 2.153671042188989304e-01 2.076687615823971100e-01 -2.504800998889322727e-02 6.768689227885715809e-02 1.428636127450317872e-01 -1.244232279704533539e-01 -4.237696585039429920e-02 8.051778551055122080e-02 -8.302307254268725956e-02 2.250899646077186844e-02 -7.625676034041362072e-02 -6.886332399801631254e-03 5.127988546183814833e-02 -3.422486956344528153e-02 1.868248066518845008e-01 8.312173074210704726e-02
-6.851445683367387574e-01 -1.429069220659243911e+00 -6.857032608020290354e-01 -1.188619552972340898e-01 -2.692875247395249971e-01 4.383490193681609526e-01 2.846728718265012503e-01 9.928992695471947627e-01 4.008813482910795756e-01 2.441336709334223087e-01 1.219481615094593963e+00 -4.006358674819807675e-01 -1.957831583262645836e-01 5.615116865340041841e-02 2.019657957463323328e-01 3.721072043251183459e-01 -5.251565187549545044e-01 1.622199948270690584e-01 1.990862803517927659e-01 -7.705060804931349594e-01 -1.158938688475927847e-01 6.951921099431501716e-02 -8.083500387334652260e-02 1.911778478587393693e-01 -1.878831621267522678e-01 1.895130907344082516e-01 -1.206353200137755266e-02 1.815261961394298851e-02 6.168097239541339150e-01 -1.802983322504019270e-01
1.588372250209886261e-01 4.605817235326981063e-01 3.130446065455316784e-02 -2.687732474947779338e-02 1.709006538355311022e-01 -3.498142236056196452e-01 -5.247091285258420612e-02 -5.650524340528022549e-01 -2.488012186337300591e-01 -9.102796783184885498e-02 -4.006358674819807675e-01 4.949842093210463645e-01 1.117644818995131573e-01 7.603349962909078386e-02 1.218981810678201327e-01 6.631777491298862515e-02 2.960671780135726294e-01 -5.056979422636231902e-02 4.529784581529838761e-02 1.717622613007279142e-01 -8.992216205115255434e-02 2.327692427954275445e-02 -2.781722668026986867e-02 -1.620704738236327103e-01 -4.815961991926087649e-02 -6.234925137619029556e-02 -2.412702495826124505e-02 -1.869585860110873909e-01 -1.194922399542974745e-01 2.771176584184900094e-01
-1.048622082986355508e+00 -3.198146511743971132e-01 -2.452167987557345441e-01 -2.916860903721385512e-01 3.740447976995824320e-01 -1.311340710433341883e-01 6.895352152963596382e-02 -1.885439380624802652e-01 -4.472385720392821895e-01 1.360356088706566879e-01 -1.957831583262645836e-01 1.117644818995131573e-01 4.089099211992675009e-01 -9.241383880748799129e-03 2.061379919935006910e-01 2.521094058743074129e-01 3.696380577911781984e-01 -5.567413307574042847e-03 3.400158322033917102e-01 1.440135568845448688e-01 2.291683886465989417e-02 3.120427759321842132e-01 -2.063706248188168502e-01 -9.284054047088829975e-02 -6.963789260112207558e-02 -1.045536404733979907e-01 1.757061261973831279e-01 -1.081211016319798546e-01 1.366108230268991974e-01 4.054720804123803646e-01
-2.119861337807833479e-01 -1.798020651878573517e-01 -1.105721103724590648e-01 -5.851628615022264057e-02 -3.711922957484148355e-02 -2.913468819616582550e-02 5.623340382135211257e-02 -4.498781480316438319e-02 -7.047460961797469281e-02 -2.974719491231780921e-02 5.615116865340041841e-02 7.603349962909078386e-02 -9.241383880748799129e-03 1.813082098360041527e-01 5.514480890792583523e-02 7.759249277916069332e-02 1.139467881313294129e-01 -3.017989475949889311e-02 1.259338275029620036e-01 -1.698847658733484423e-01 -5.776924772760594351e-03 1.774247000799960006e-01 -1.297300438499178199e-01 -2.131322266615143235e-02 -6.953215437664539422e-02 2.332283543910307344e-02 -5.342697303547083720e-03 -5.816041044448638786e-02 1.867951250311534750e-01 1.416158103992870565e-01
-9.286123489455917479e-01 -7.051016798469049718e-01 -3.906351361449083015e-01 -2.555745070482089432e-01 2.711265815359524822e-01 -7.724926248255314931e-02 2.688038182668606169e-01 6.281722841009695912e-02 -4.249937013630642468e-01 2.153671042188989304e-01 2.019657957463323328e-01 1.218981810678201327e-01 2.061379919935006910e-01 5.514480890792583523e-02 5.904714618667981085e-01 3.867595853147065554e-01 1.852644068355857598e-01 9.747183636170575483e-02 2.730976203213515419e-01 -2.475032346354169022e-01 -1.424847210214466031e-01 2.258498051549509000e-01 -2.228628559215621863e-01 -9.800065289471149299e-02 -2.132222344155820792e-01 -6.937343518302441225e-03 3.446720101476330456e-02 -1.786081388823959060e-01 4.060863915741492747e-01 2.890526765765457640e-01
-1.233617773740036228e+00 -9.167837166145886840e-01 -5.923520341029302472e-01 -3.405596943027831003e-01 2.449324964288734918e-01 -3.564927800994155405e-02 1.828146676108985957e-01 1.734913834329177007e-01 -2.602489116227957311e-01 2.076687615823971100e-01 3.721072043251183459e-01 6.631777491298862515e-02 2.521094058743074129e-01 7.759249277916069332e-02 3.867595853147065554e-01 5.437345828491118027e-01 9.800535117454955980e-02 1.024035298681837958e-01 4.543121341225173637e-01 -2.548342661490892169e-01 -1.113593836829238626e-01 2.957782040050460637e-01 -2.010453983617424001e-01 -2.603151540193948676e-02 -1.839815059525164997e-01 1.831848599493923757e-02 1.480792051868888848e-01 -1.782591753473639073e-01 3.882139126214383396e-01 3.220800670769676799e-01
-8.699198112562385177e-01 -3.469984093158018368e-03 -2.435931908888733233e-02 -2.524199230433055163e-01 3.543468785782124542e-01 -2.975445057024330708e-01 5.079976900799465511e-02 -5.570868152116759120e-01 -6.322916626693881881e-01 -2.504800998889322727e-02 -5.251565187549545044e-01 2.960671780135726294e-01 3.696380577911781984e-01 1.139467881313294129e-01 1.852644068355857598e-01 9.800535117454955980e-02 7.005130491800173331e-01 -1.042834867743067662e-01 3.476114112235961784e-01 1.590148630419321307e-01 7.601565043256641729e-02 5.031513858612584045e-01 -3.272453781249282656e-01 -2.070378743150058654e-01 -8.603848215949483347e-02 -1.270371408334654006e-01 1.394853436863741081e-01 -1.357801365317072850e-01 2.121739738436190237e-01 5.686824075546610402e-01
-1.207936857464915192e-01 -1.535705109771470234e-01 2.717498812899066252e-02 -2.122752867455801606e-02 3.090188313404951259e-02 -3.853842622487491099e-02 6.302581056792178060e-02 8.902209918409198508e-02 -2.996662974874197971e-02 6.768689227885715809e-02 1.622199948270690584e-01 -5.056979422636231902e-02 -5.567413307574042847e-03 -3.017989475949889311e-02 9.747183636170575483e-02 1.024035298681837958e-01 -1.042834867743067662e-01 1.458802346759853208e-01 1.639844983947114088e-02 -7.296318260347334217e-02 -3.001832896438827447e-02 -7.506025662414117505e-02 5.883660064867513029e-02 4.718992503353547363e-02 1.004901382344769445e-02 1.560779250564792164e-02 -3.818165959319230751e-02 -3.691451483229002406e-02 4.408781024551444716e-03 -1.304429638716442241e-01
-1.593506393571431090e+00 -9.711891603880360435e-01 -5.595218304504214757e-01 -4.182135221410590020e-01 2.855908123691790479e-01 -5.648818413499157032e-02 1.329738241646509778e-01 4.944064856184127166e-02 -3.717019774635161866e-01 1.428636127450317872e-01 1.990862803517927659e-01 4.529784581529838761e-02 3.400158322033917102e-01 1.259338275029620036e-01 2.730976203213515419e-01 4.543121341225173637e-01 3.476114112235961784e-01 1.639844983947114088e-02 6.467770065087563580e-01 -1.913898658196160341e-01 1.885665194308216996e-02 6.192282340082329029e-01 -3.352315610782738986e-01 -6.309959986850799396e-02 -1.604524027477225445e-01 -2.506187558196870668e-02 2.072291560447752090e-01 -1.639976554087070326e-01 5.152095548625936772e-01 4.899323334392420293e-01
5.151006983807633333e-01 1.105120519686067837e+00 5.071734420917550779e-01 1.082478991305606542e-01 1.661435968582622991e-01 -2.682658233125607694e-01 -2.346691195538141983e-01 -6.203100426787955257e-01 -1.581578783928989651e-01 -1.244232279704533539e-01 -7.705060804931349594e-01 1.717622613007279142e-01 1.440135568845448688e-01 -1.698847658733484423e-01 -2.475032346354169022e-01 -2.548342661490892169e-01 1.590148630419321307e-01 -7.296318260347334217e-02 -1.913898658196160341e-01 7.286970931659766393e-01 1.029968401865630767e-01 -2.065051180168495648e-01 1.683092659026215188e-01 -5.869071558186078619e-02 2.114818517654839525e-01 -1.568016576100603743e-01 1.403052076972244322e-02 3.297708135312404920e-02 -6.097842618766549094e-01 9.618057441059590928e-03
-1.232748434463246667e-01 6.307214622188439535e-02 2.032518503464189052e-01 -1.849305723453653627e-03 2.368700222973529890e-02 -3.126755431645733552e-02 -3.611275039384054253e-02 -6.171861703438707991e-02 -5.923123802682539463e-02 -4.237696585039429920e-02 -1.158938688475927847e-01 -8.992216205115255434e-02 2.291683886465989417e-02 -5.776924772760594351e-03 -1.424847210214466031e-01 -1.113593836829238626e-01 7.601565043256641729e-02 -3.001832896438827447e-02 1.885665194308216996e-02 1.029968401865630767e-01 1.349045298348414690e-01 1.123014691531807330e-01 -2.815583380584030238e-02 2.483734300415108009e-02 8.909234257964726567e-02 -1.825170977446077814e-02 2.195044014399627486e-03 7.180377343195232243e-02 -3.597510470461884324e-02 -1.226463491951790274e-02
-1.634554124066369241e+00 -9.663612767619156330e-01 -4.326634797419615097e-01 -4.040808112692388931e-01 2.846095560369690247e-01 -4.503792901363112833e-02 1.289186631240113456e-01 -2.164159786269692631e-02 -4.495004917736196148e-01 8.051778551055122080e-02 6.951921099431501716e-02 2.327692427954275445e-02 3.120427759321842132e-01 1.774247000799960006e-01 2.258498051549509000e-01 2.957782040050460637e-01 5.031513858612584045e-01 -7.506025662414117505e-02 6.192282340082329029e-01 -2.065051180168495648e-01 1.123014691531807330e-01 8.393549952719752127e-01 -4.375457947774350487e-01 -1.212530647207472612e-01 -1.368941438740307603e-01 -2.568702984973469938e-02 1.851975604687368104e-01 -1.003111113692796152e-01 6.230368975968474388e-01 5.768884091689869820e-01
9.042323008599169043e-01 6.948475985188338200e-01 3.812169664595330687e-01 2.478791911955795513e-01 -1.583718732944703333e-01 -7.133359686702078761e-02 -1.714015724638784377e-01 -1.022456777636193692e-01 3.231381321096478132e-01 -8.302307254268725956e-02 -8.083500387334652260e-02 -2.781722668026986867e-02 -2.063706248188168502e-01 -1.297300438499178199e-01 -2.228628559215621863e-01 -2.010453983617424001e-01 -3.272453781249282656e-01 5.883660064867513029e-02 -3.352315610782738986e-01 1.683092659026215188e-01 -2.815583380584030238e-02 -4.375457947774350487e-01 4.313418001908644328e-01 9.900091442023040145e-02 2.127627672540484127e-01 2.985740594624530786e-02 -9.944786866975618977e-02 6.974332653135206783e-02 -5.259291321914929540e-01 -4.125757104287686161e-01
9.949179572174671193e-02 -5.695317217094952866e-02 7.536231794927061856e-02 5.737785138330764312e-02 -1.109502223407048405e-01 7.278559308070953193e-02 -4.857769366594766325e-03 1.906264939347579457e-01 1.661483114829707119e-01 2.250899646077186844e-02 1.911778478587393693e-01 -1.620704738236327103e-01 -9.284054047088829975e-02 -2.131322266615143235e-02 -9.800065289471149299e-02 -2.603151540193948676e-02 -2.070378743150058654e-01 4.718992503353547363e-02 -6.309959986850799396e-02 -5.869071558186078619e-02 2.483734300415108009e-02 -1.212530647207472612e-01 9.900091442023040145e-02 1.261438212428629413e-01 6.520782075040187920e-02 4.149694757791166921e-02 -4.254516434599509012e-02 6.349563776029754081e-02 -6.735722047028502857e-02 -2.098512924608826324e-01
1.999220382673456697e-01 4.001512758009084791e-01 3.909936367604700536e-01 9.460196965352452025e-02 1.772629372646861157e-02 -1.002032578593343715e-01 -1.210741522900775635e-01 -1.577295188118910119e-01 6.188273015595768811e-02 -7.625676034041362072e-02 -1.878831621267522678e-01 -4.815961991926087649e-02 -6.963789260112207558e-02 -6.953215437664539422e-02 -2.132222344155820792e-01 -1.839815059525164997e-01 -8.603848215949483347e-02 1.004901382344769445e-02 -1.604524027477225445e-01 2.114818517654839525e-01 8.909234257964726567e-02 -1.368941438740307603e-01 2.127627672540484127e-01 6.520782075040187920e-02 2.837858594982094473e-01 -1.016872664479251398e-03 -8.557358353499466830e-02 1.699871739531886305e-01 -3.399238303211973289e-01 -1.700674281061083093e-01
8.723198960996114693e-02 -1.400486341332225493e-01 -4.034482164848895991e-02 3.358093626030722589e-02 -1.016747460110991597e-01 5.570648908542352729e-02 -9.580305454051085690e-04 1.521442577831066956e-01 1.523446582280030270e-01 -6.886332399801631254e-03 1.895130907344082516e-01 -6.234925137619029556e-02 -1.045536404733979907e-01 2.332283543910307344e-02 -6.937343518302441225e-03 1.831848599493923757e-02 -1.270371408334654006e-01 1.560779250564792164e-02 -2.506187558196870668e-02 -1.568016576100603743e-01 -1.825170977446077814e-02 -2.568702984973469938e-02 2.985740594624530786e-02 4.149694757791166921e-02 -1.016872664479251398e-03 9.229082179820125020e-02 -3.503793380758679632e-02 2.503318350267136339e-02 3.843431381085338217e-02 -1.022342055151170825e-01
-5.395204874728278810e-01 -2.736394916092308449e-01 -1.762856904933300939e-01 -1.537695968609114061e-01 1.389834034275736485e-01 2.317678553367841232e-03 3.489000443789791461e-02 1.617841008260256785e-02 -1.825500794582239905e-01 5.127988546183814833e-02 -1.206353200137755266e-02 -2.412702495826124505e-02 1.757061261973831279e-01 -5.342697303547083720e-03 3.446720101476330456e-02 1.480792051868888848e-01 1.394853436863741081e-01 -3.818165959319230751e-02 2.072291560447752090e-01 1.403052076972244322e-02 2.195044014399627486e-03 1.851975604687368104e-01 -9.944786866975618977e-02 -4.254516434599509012e-02 -8.557358353499466830e-02 -3.503793380758679632e-02 2.381919140905779386e-01 -2.351778445438412746e-02 1.168528174944754028e-01 1.865166632107388978e-01
3.232038115919522170e-02 -1.782000107436942926e-02 2.053761925388926102e-01 7.554654276719929840e-02 -2.959394707926321644e-02 1.309012085725953511e-01 -1.453092291399116220e-02 1.698992211062204660e-01 1.013727851531029955e-01 -3.422486956344528153e-02 1.815261961394298851e-02 -1.869585860110873909e-01 -1.081211016319798546e-01 -5.816041044448638786e-02 -1.786081388823959060e-01 -1.782591753473639073e-01 -1.357801365317072850e-01 -3.691451483229002406e-02 -1.639976554087070326e-01 3.297708135312404920e-02 7.180377343195232243e-02 -1.003111113692796152e-01 6.974332653135206783e-02 6.349563776029754081e-02 1.699871739531886305e-01 2.503318350267136339e-02 -2.351778445438412746e-02 3.215919426745017518e-01 -7.445066624740093175e-02 -1.469524958569650153e-01
-1.419819344345171430e+00 -1.485072113097373858e+00 -7.476198421723552201e-01 -3.337236007728279219e-01 5.223063376365644217e-02 2.419886369675623428e-01 3.180220257222572400e-01 5.276841761871651215e-01 -2.086708165829236350e-01 1.868248066518845008e-01 6.168097239541339150e-01 -1.194922399542974745e-01 1.366108230268991974e-01 1.867951250311534750e-01 4.060863915741492747e-01 3.882139126214383396e-01 2.121739738436190237e-01 4.408781024551444716e-03 5.152095548625936772e-01 -6.097842618766549094e-01 -3.597510470461884324e-02 6.230368975968474388e-01 -5.259291321914929540e-01 -6.735722047028502857e-02 -3.399238303211973289e-01 3.843431381085338217e-02 1.168528174944754028e-01 -7.445066624740093175e-02 9.866584597968426351e-01 4.097773256553978172e-01
-1.310596040896825798e+00 -5.363546037881974371e-01 -4.407204947751210966e-01 -3.792521426346411317e-01 3.850577947870306161e-01 -2.086824508801328193e-01 1.293725565456043114e-01 -2.832890954920230797e-01 -5.667565522788322596e-01 8.312173074210704726e-02 -1.802983322504019270e-01 2.771176584184900094e-01 4.054720804123803646e-01 1.416158103992870565e-01 2.890526765765457640e-01 3.220800670769676799e-01 5.686824075546610402e-01 -1.304429638716442241e-01 4.899323334392420293e-01 9.618057441059590928e-03 -1.226463491951790274e-02 5.768884091689869820e-01 -4.125757104287686161e-01 -2.098512924608826324e-01 -1.700674281061083093e-01 -1.022342055151170825e-01 1.865166632107388978e-01 -1.469524958569650153e-01 4.097773256553978172e-01 8.160303525962149251e-01
