1.258465452530799666e+00 -2.636656165720410172e-01 -8.025655550907799807e-01 3.476337132176468003e-01 -4.904518299787810065e-01 1.485415197251995778e-01 -4.179753197269064913e-01 1.461362568096546966e-02 7.543430410597693481e-01 -5.697384035499908350e-02 2.365786606226834010e-01 2.838152888979266208e-01 -1.091371633440871847e-01 -1.002491356889549934e-01 -1.501250605321615694e-01 1.379626979413046683e-01 -4.080238725603635430e-01 2.183529758231088636e-01 4.147191205635181177e-02 -2.011343249993728932e-01 -1.076532561881435868e-01 -2.294462522204412380e-01 3.757310873832011566e-01 1.657013581437922767e-01 -3.235022853585860503e-01 3.611262901981149298e-01 -2.263747149322625773e-01 -6.485007447367365785e-01 4.754770170553683784e-01 -2.840311846478016378e-01
-2.636656165720410172e-01 1.955372130398188801e+00 7.016320019089903326e-01 -2.060067118024448973e-01 4.827489319819733282e-01 -1.488851325632936096e+00 6.913232204095720590e-02 -1.977980176821176883e+00 -9.346195096698011184e-01 -1.427824515741349387e-01 -9.947146511609616937e-01 1.216117473942745164e+00 4.278213789967253433e-01 3.062862907870567142e-01 5.524447133877288252e-01 4.659063872293245367e-02 1.241966771009231252e+00 -2.358424220335564314e-01 1.126869769440475011e-01 5.794821978878417212e-01 -2.059206434923339657e-01 2.568567592360864182e-01 -3.904025763552567696e-01 -6.090345834563208882e-01 -5.865967206852928939e-02 -5.386309219318832220e-01 2.247464191071912865e-01 -2.419790796440111080e-01 -6.641310284276187303e-01 7.793255855582970071e-01
-8.025655550907799807e-01 7.016320019089903326e-01 1.504685458099629614e+00 -1.809248217144840964e-01 1.118145195065039843e+00 -3.022060271558189015e-01 3.900866376457088336e-01 -3.371248546986294059e-01 -1.244990314370056694e+00 -7.342085328662051324e-02 -8.985275911610983712e-01 9.047894871855532983e-02 1.402196252211638239e-01 8.475566243561161173e-02 3.637351638234349593e-01 -4.677685678398688651e-01 9.070669823361754425e-01 -2.195316566810561199e-01 -3.731170659542044632e-01 5.104453611735948471e-01 6.728647719739910826e-03 3.051166036073027499e-03 -4.796485874720133324e-01 -4.679754469658519156e-01 3.883281916469059070e-01 -5.871620065605043237e-01 1.695700081457971464e-01 9.761127717705448958e-01 -1.019584913539063109e+00 9.949906020119669847e-02
3.476337132176468003e-01 -2.060067118024448973e-01 -1.809248217144840964e-01 4.128992476566963887e-01 -1.750848656769221634e-01 3.036424350715378750e-01 -1.704865357453400065e-02 2.171214295934191796e-01 3.325286248727366001e-01 -6.343377386178872257e-02 1.185080725782086120e-01 -1.900257353753431744e-02 -2.102992940182843995e-01 -5.000041797302401392e-03 -1.449194367870063616e-01 -1.167014599498088501e-01 -2.205171650979309561e-01 3.752275419128636713e-02 -1.561635462468871083e-01 -2.016119706595418393e-01 -1.339550682484969002e-02 -1.289993058978780027e-01 3.044936451880175809e-02 4.540428157605447268e-02 -1.043723080985614615e-01 1.614983746115399299e-01 -1.290833540434164206e-01 3.647966458476048501e-02 2.806413807036847174e-01 -2.317752727406059421e-01
-4.904518299787810065e-01 4.827489319819733282e-01 1.118145195065039843e+00 -1.750848656769221634e-01 1.001620373018113241e+00 -9.770849139260917582e-02 2.886984674440213894e-01 -8.083048447593910169e-02 -9.515592090774021017e-01 -8.647120539137631567e-03 -7.715725837049376423e-01 -5.540491353525567320e-02 1.549983425663867820e-01 -8.968738324642799853e-02 2.884522088808694207e-01 -3.680434779589063510e-01 6.257345676432350956e-01 -5.948861854034248609e-02 -3.376601683639819385e-01 5.259221833979381699e-01 2.530534132057482566e-02 -1.316649282509843033e-01 -2.845322259425415723e-01 -3.559643748230314486e-01 3.427061933477943967e-01 -4.792552693905918204e-01 1.223616267557758874e-01 7.251539675559683928e-01 -9.301550067572748048e-01 -3.413781739180876684e-02
1.485415197251995778e-01 -1.488851325632936096e+00 -3.022060271558189015e-01 3.036424350715378750e-01 -9.770849139260917582e-02 1.681974345570324658e+00 1.223052575056726710e-01 1.955434620056678341e+00 7.712122127140901284e-01 1.156813657722182143e-01 6.567127604514553241e-01 -1.266677362366124271e+00 -4.826901715451867858e-01 -3.839059949468719424e-01 -6.420610304863885176e-01 -3.655236205430014707e-01 -1.185232207784849834e+00 1.419826115771343211e-01 -4.969203842492504464e-01 -3.523158105022616837e-01 2.321011906902867850e-01 -4.716937431120982183e-01 3.338756241670921554e-01 4.525316852725609351e-01 3.444673561053264166e-01 4.054382772172289151e-01 -2.311596045742021488e-01 7.821912972546556375e-01 1.565571662570164335e-01 -8.376999556245436906e-01
-4.179753197269064913e-01 6.913232204095720590e-02 3.900866376457088336e-01 -1.704865357453400065e-02 2.886984674440213894e-01 1.223052575056726710e-01 2.942833988367965503e-01 1.105898058657999172e-01 -2.772422830387313297e-01 1.762467243275978035e-02 -1.421251470561628594e-01 -2.016034208560313346e-01 -2.074816760347175659e-02 2.293207770975413951e-02 -1.688166395297230338e-04 -2.008449672749179626e-01 1.421691817576515859e-01 -8.436292406156553625e-02 -1.494356236346447986e-01 6.260271748851664597e-02 9.070761649559244688e-02 1.479752061283079456e-02 -1.957673838052187421e-01 -7.895488578617460007e-02 1.131982876051438325e-01 -1.446502684320307708e-01 4.958584234225327236e-02 3.661498334259363219e-01 -2.135886861750009302e-01 -1.035658853948007163e-02
1.461362568096546966e-02 -1.977980176821176883e+00 -3.371248546986294059e-01 2.171214295934191796e-01 -8.083048447593910169e-02 1.955434620056678341e+00 1.105898058657999172e-01 2.499425956412324012e+00 7.934090299771696664e-01 2.068361118533061926e-01 8.539376354148089376e-01 -1.636187089036354791e+00 -5.000508576749780332e-01 -5.112627857499774109e-01 -6.689340146377844576e-01 -3.191254323564862716e-01 -1.417200244943160214e+00 2.273322942062350194e-01 -4.759115979928765228e-01 -3.775658743097096703e-01 2.777591354272317403e-01 -5.246632705182605605e-01 4.221156413968287779e-01 5.835439099348036507e-01 4.160549466707834654e-01 4.346312139636552274e-01 -2.162753649017759017e-01 8.545362787270960325e-01 1.547274405887151261e-01 -9.789587989966435089e-01
7.543430410597693481e-01 -9.346195096698011184e-01 -1.244990314370056694e+00 3.325286248727366001e-01 -9.515592090774021017e-01 7.712122127140901284e-01 -2.772422830387313297e-01 7.934090299771696664e-01 1.390765545406111414e+00 5.064671748601767831e-02 9.623025617758003136e-01 -3.108296150882097209e-01 -3.830837981406034487e-01 -7.392893370075626081e-02 -6.242129989020099856e-01 1.550375693220473750e-01 -1.188541080057063937e+00 7.720672209850931722e-02 1.410652940819545620e-02 -6.085092312017650329e-01 4.908808129039243795e-02 -2.058892367067244322e-01 5.110056854921367631e-01 5.390649150214130714e-01 -1.239758263665748927e-01 6.777312552194985074e-01 -2.834427831231209893e-01 -3.164765916292822112e-01 8.127093441836450438e-01 -3.638631668033553979e-01
-5.697384035499908350e-02 -1.427824515741349387e-01 -7.342085328662051324e-02 -6.343377386178872257e-02 -8.647120539137631567e-03 1.156813657722182143e-01 1.762467243275978035e-02 2.068361118533061926e-01 5.064671748601767831e-02 9.153147837645292384e-02 1.030587418301820435e-01 -1.681752493726662578e-01 6.843847964205451717e-03 -6.949503771755871639e-02 -3.488935111573709946e-02 1.095076494902968989e-02 -1.397863617913799317e-01 1.075675132540254708e-02 -1.081291600382883189e-02 1.589008296889460325e-03 3.228463998920005906e-02 -3.051977407420736199e-02 6.340429117881285492e-02 7.306241091157517076e-02 2.629124318087860956e-02 2.040015804789163667e-02 6.330632780645828461e-03 8.501179868403596629e-03 -3.457509587434515197e-02 -1.228122247334795247e-02
2.365786606226834010e-01 -9.947146511609616937e-01 -8.985275911610983712e-01 1.185080725782086120e-01 -7.715725837049376423e-01 6.567127604514553241e-01 -1.421251470561628594e-01 8.539376354148089376e-01 9.623025617758003136e-01 1.030587418301820435e-01 9.646915041842589744e-01 -4.932829175396591381e-01 -2.841277640013686323e-01 -1.988917884943930403e-02 -5.216730274378846843e-01 1.649073334324953066e-01 -9.950997892350983420e-01 1.374436280548252398e-02 1.214814812901465757e-01 -5.279041996985824881e-01 1.032926003161946937e-01 -3.479180428865902286e-02 3.725027116213368572e-01 5.187018696776704019e-01 -6.265498324393092844e-02 4.917388827020658937e-01 -1.347709839004096466e-01 -2.208323792248165773e-01 6.263077312470386460e-01 -2.064964208535116086e-01
2.838152888979266208e-01 1.216117473942745164e+00 9.047894871855532983e-02 -1.900257353753431744e-02 -5.540491353525567320e-02 -1.266677362366124271e+00 -2.016034208560313346e-01 -1.636187089036354791e+00 -3.108296150882097209e-01 -1.681752493726662578e-01 -4.932829175396591381e-01 1.256398903461274585e+00 2.277294521686030748e-01 3.656109623328234193e-01 3.963148906335618449e-01 2.142242467288042462e-01 7.970489920683689888e-01 -1.654429857441641616e-01 2.556185594263524763e-01 1.518305067340861569e-01 -2.493737685173300633e-01 2.499907851147895599e-01 -1.864511482893362881e-01 -3.371084692361137058e-01 -2.913010610855621962e-01 -1.622549691833228280e-01 3.648326797531353805e-02 -5.512957723587419423e-01 2.973109132085482997e-03 5.497595745407579670e-01
-1.091371633440871847e-01 4.278213789967253433e-01 1.402196252211638239e-01 -2.102992940182843995e-01 1.549983425663867820e-01 -4.826901715451867858e-01 -2.074816760347175659e-02 -5.000508576749780332e-01 -3.830837981406034487e-01 6.843847964205451717e-03 -2.841277640013686323e-01 2.277294521686030748e-01 2.842270626802587685e-01 -7.105334165089516318e-03 2.681965140121178592e-01 1.351430884475348648e-01 4.454025049249139556e-01 8.177812433922326818e-02 2.057032304788322108e-01 2.515202785089059034e-01 -2.172479008919481203e-02 1.475485248022891938e-01 -1.109372810007585031e-01 -1.704376699661906969e-01 -1.005229046521094460e-01 -2.311047011238542837e-01 1.221361754488725637e-01 -3.387626899169617900e-01 -1.464157294369670126e-01 2.178801943222197224e-01
-1.002491356889549934e-01 3.062862907870567142e-01 8.475566243561161173e-02 -5.000041797302401392e-03 -8.968738324642799853e-02 -3.839059949468719424e-01 2.293207770975413951e-02 -5.112627857499774109e-01 -7.392893370075626081e-02 -6.949503771755871639e-02 -1.988917884943930403e-02 3.656109623328234193e-01 -7.105334165089516318e-03 3.110934263912099595e-01 -7.299344936313900689e-03 2.279412365368216342e-02 1.964947664674241423e-01 -2.165986748445334342e-01 1.019411062031281290e-01 -1.055330747673792757e-01 -3.265958546467118140e-02 1.792337704375199792e-01 -1.155228871965050530e-01 -1.418843850268558526e-02 -8.190161751912228283e-02 7.022470435913419351e-05 1.626126130383909185e-02 -6.315146118123493579e-02 2.794720061132238698e-02 2.619535683620028976e-01
-1.501250605321615694e-01 5.524447133877288252e-01 3.637351638234349593e-01 -1.449194367870063616e-01 2.884522088808694207e-01 -6.420610304863885176e-01 -1.688166395297230338e-04 -6.689340146377844576e-01 -6.242129989020099856e-01 -3.488935111573709946e-02 -5.216730274378846843e-01 3.963148906335618449e-01 2.681965140121178592e-01 -7.299344936313900689e-03 5.592023931152994010e-01 1.321560803497732195e-01 7.265316260406393667e-01 1.104348915440027668e-01 1.446911312697807261e-01 2.737560287837368378e-01 -1.293326959827822975e-01 1.360264474552650427e-01 -2.540898102827213734e-01 -3.311743975683612007e-01 -1.500994830312265549e-01 -2.923922842593356108e-01 1.031291691456885928e-01 -2.008694459350408579e-01 -9.679811595117371326e-02 1.939618475009865506e-01
1.379626979413046683e-01 4.659063872293245367e-02 -4.677685678398688651e-01 -1.167014599498088501e-01 -3.680434779589063510e-01 -3.655236205430014707e-01 -2.008449672749179626e-01 -3.191254323564862716e-01 1.550375693220473750e-01 1.095076494902968989e-02 1.649073334324953066e-01 2.142242467288042462e-01 1.351430884475348648e-01 2.279412365368216342e-02 1.321560803497732195e-01 3.970779337815031340e-01 3.475771940145477856e-03 1.175162391182311694e-01 3.717928478571081996e-01 -3.487896419028402306e-02 -6.227702223361575307e-02 1.396214629895666803e-01 8.323234582766758649e-02 6.345220288301334222e-02 -2.507131366734540734e-01 7.254554692946157957e-02 6.109281766362073540e-02 -6.242901471483719433e-01 3.284992357556575371e-01 1.520922909313640048e-01
-4.080238725603635430e-01 1.241966771009231252e+00 9.070669823361754425e-01 -2.205171650979309561e-01 6.257345676432350956e-01 -1.185232207784849834e+00 1.421691817576515859e-01 -1.417200244943160214e+00 -1.188541080057063937e+00 -1.397863617913799317e-01 -9.950997892350983420e-01 7.970489920683689888e-01 4.454025049249139556e-01 1.964947664674241423e-01 7.265316260406393667e-01 3.475771940145477856e-03 1.409772529536610364e+00 -2.477028816502979680e-02 1.921929827148005643e-01 4.820582751042934433e-01 -1.258669198795701050e-01 3.581733608430681670e-01 -5.519365265844839996e-01 -6.155431704047487074e-01 -1.689800958830574018e-01 -6.018492797799694927e-01 2.155673961532897920e-01 -2.041098828728991066e-01 -3.899401498640600039e-01 4.937388311778931893e-01
2.183529758231088636e-01 -2.358424220335564314e-01 -2.195316566810561199e-01 3.752275419128636713e-02 -5.948861854034248609e-02 1.419826115771343211e-01 -8.436292406156553625e-02 2.273322942062350194e-01 7.720672209850931722e-02 1.075675132540254708e-02 1.374436280548252398e-02 -1.654429857441641616e-01 8.177812433922326818e-02 -2.165986748445334342e-01 1.104348915440027668e-01 1.175162391182311694e-01 -2.477028816502979680e-02 3.312817472426843324e-01 9.673289499426118709e-02 4.846981144754636261e-02 1.053250650505788144e-02 -6.620933318671973211e-02 5.476797925550158652e-02 -1.862937303639000675e-02 -9.974668585923041064e-02 -1.070668672235797203e-02 -4.338512722137011224e-02 -3.123425699672566225e-01 2.030906684916544691e-01 -2.244505283383659844e-01
4.147191205635181177e-02 1.126869769440475011e-01 -3.731170659542044632e-01 -1.561635462468871083e-01 -3.376601683639819385e-01 -4.969203842492504464e-01 -1.494356236346447986e-01 -4.759115979928765228e-01 1.410652940819545620e-02 -1.081291600382883189e-02 1.214814812901465757e-01 2.556185594263524763e-01 2.057032304788322108e-01 1.019411062031281290e-01 1.446911312697807261e-01 3.717928478571081996e-01 1.921929827148005643e-01 9.673289499426118709e-02 4.903270662488807830e-01 -2.840870107851856119e-02 -9.034723237817843255e-03 2.950825060804049826e-01 6.810178133775934839e-04 3.522473189173069841e-02 -3.073839121398975749e-01 -1.353305994777542764e-02 8.928761826808795377e-02 -7.805835425573661723e-01 3.265325429864560647e-01 2.434106825769504212e-01
-2.011343249993728932e-01 5.794821978878417212e-01 5.104453611735948471e-01 -2.016119706595418393e-01 5.259221833979381699e-01 -3.523158105022616837e-01 6.260271748851664597e-02 -3.775658743097096703e-01 -6.085092312017650329e-01 1.589008296889460325e-03 -5.279041996985824881e-01 1.518305067340861569e-01 2.515202785089059034e-01 -1.055330747673792757e-01 2.737560287837368378e-01 -3.487896419028402306e-02 4.820582751042934433e-01 4.846981144754636261e-02 -2.840870107851856119e-02 5.029196350183156028e-01 -1.335384962828811695e-03 -2.783082145211324132e-02 -1.545939661908164453e-01 -2.754650595082921427e-01 1.274020951809688995e-01 -3.743950380087426311e-01 1.317544686215228467e-01 5.074691964608746275e-02 -5.503972430935846205e-01 1.213650652431397248e-01
-1.076532561881435868e-01 -2.059206434923339657e-01 6.728647719739910826e-03 -1.339550682484969002e-02 2.530534132057482566e-02 2.321011906902867850e-01 9.070761649559244688e-02 2.777591354272317403e-01 4.908808129039243795e-02 3.228463998920005906e-02 1.032926003161946937e-01 -2.493737685173300633e-01 -2.172479008919481203e-02 -3.265958546467118140e-02 -1.293326959827822975e-01 -6.227702223361575307e-02 -1.258669198795701050e-01 1.053250650505788144e-02 -9.034723237817843255e-03 -1.335384962828811695e-03 1.354804208854716308e-01 9.994295980789047462e-03 -1.061532550914989770e-02 6.802355539338122981e-02 4.905398352758538749e-02 -4.626861798271875159e-03 -2.357885605351839331e-02 3.204713081680665709e-02 -2.533118257161959264e-02 -9.967135699037044105e-02
-2.294462522204412380e-01 2.568567592360864182e-01 3.051166036073027499e-03 -1.289993058978780027e-01 -1.316649282509843033e-01 -4.716937431120982183e-01 1.479752061283079456e-02 -5.246632705182605605e-01 -2.058892367067244322e-01 -3.051977407420736199e-02 -3.479180428865902286e-02 2.499907851147895599e-01 1.475485248022891938e-01 1.792337704375199792e-01 1.360264474552650427e-01 1.396214629895666803e-01 3.581733608430681670e-01 -6.620933318671973211e-02 2.950825060804049826e-01 -2.783082145211324132e-02 9.994295980789047462e-03 3.744857596555846158e-01 -1.526492547782538622e-01 -8.254727919756987831e-02 -1.897461791272121445e-01 -8.459736879973434043e-02 1.025971357548201013e-01 -3.928249835033170712e-01 1.619286962347814551e-01 3.246747571587320635e-01
3.757310873832011566e-01 -3.904025763552567696e-01 -4.796485874720133324e-01 3.044936451880175809e-02 -2.845322259425415723e-01 3.338756241670921554e-01 -1.957673838052187421e-01 4.221156413968287779e-01 5.110056854921367631e-01 6.340429117881285492e-02 3.725027116213368572e-01 -1.864511482893362881e-01 -1.109372810007585031e-01 -1.155228871965050530e-01 -2.540898102827213734e-01 8.323234582766758649e-02 -5.519365265844839996e-01 5.476797925550158652e-02 6.810178133775934839e-04 -1.545939661908164453e-01 -1.061532550914989770e-02 -1.526492547782538622e-01 3.833401533165954334e-01 2.551676248530156954e-01 3.322913514659830980e-02 2.509261581242867578e-01 -6.731893577443770482e-02 -1.273712418407058067e-01 6.810110091186061254e-02 -1.566952960498042557e-01
1.657013581437922767e-01 -6.090345834563208882e-01 -4.679754469658519156e-01 4.540428157605447268e-02 -3.559643748230314486e-01 4.525316852725609351e-01 -7.895488578617460007e-02 5.835439099348036507e-01 5.390649150214130714e-01 7.306241091157517076e-02 5.187018696776704019e-01 -3.371084692361137058e-01 -1.704376699661906969e-01 -1.418843850268558526e-02 -3.311743975683612007e-01 6.345220288301334222e-02 -6.155431704047487074e-01 -1.862937303639000675e-02 3.522473189173069841e-02 -2.754650595082921427e-01 6.802355539338122981e-02 -8.254727919756987831e-02 2.551676248530156954e-01 3.552029501321385396e-01 3.227815241359621723e-03 2.928627068583296023e-01 -8.097674036031321521e-02 -5.413086750343154563e-02 2.199222916567009634e-01 -1.789588585927504027e-01
-3.235022853585860503e-01 -5.865967206852928939e-02 3.883281916469059070e-01 -1.043723080985614615e-01 3.427061933477943967e-01 3.444673561053264166e-01 1.131982876051438325e-01 4.160549466707834654e-01 -1.239758263665748927e-01 2.629124318087860956e-02 -6.265498324393092844e-02 -2.913010610855621962e-01 -1.005229046521094460e-01 -8.190161751912228283e-02 -1.500994830312265549e-01 -2.507131366734540734e-01 -1.689800958830574018e-01 -9.974668585923041064e-02 -3.073839121398975749e-01 1.274020951809688995e-01 4.905398352758538749e-02 -1.897461791272121445e-01 3.322913514659830980e-02 3.227815241359621723e-03 4.843730355141246946e-01 -7.301342846506031492e-02 -4.617280083829200521e-02 6.523827983934893382e-01 -4.741833913786877019e-01 -7.378203813055961291e-02
3.611262901981149298e-01 -5.386309219318832220e-01 -5.871620065605043237e-01 1.614983746115399299e-01 -4.792552693905918204e-01 4.054382772172289151e-01 -1.446502684320307708e-01 4.346312139636552274e-01 6.777312552194985074e-01 2.040015804789163667e-02 4.917388827020658937e-01 -1.622549691833228280e-01 -2.311047011238542837e-01 7.022470435913419351e-05 -2.923922842593356108e-01 7.254554692946157957e-02 -6.018492797799694927e-01 -1.070668672235797203e-02 -1.353305994777542764e-02 -3.743950380087426311e-01 -4.626861798271875159e-03 -8.459736879973434043e-02 2.509261581242867578e-01 2.928627068583296023e-01 -7.301342846506031492e-02 4.198952626112486541e-01 -1.357961940067298201e-01 -6.867002265823884954e-02 3.968663945931325543e-01 -1.830867500066801767e-01
-2.263747149322625773e-01 2.247464191071912865e-01 1.695700081457971464e-01 -1.290833540434164206e-01 1.223616267557758874e-01 -2.311596045742021488e-01 4.958584234225327236e-02 -2.162753649017759017e-01 -2.834427831231209893e-01 6.330632780645828461e-03 -1.347709839004096466e-01 3.648326797531353805e-02 1.221361754488725637e-01 1.626126130383909185e-02 1.031291691456885928e-01 6.109281766362073540e-02 2.155673961532897920e-01 -4.338512722137011224e-02 8.928761826808795377e-02 1.317544686215228467e-01 -2.357885605351839331e-02 1.025971357548201013e-01 -6.731893577443770482e-02 -8.097674036031321521e-02 -4.617280083829200521e-02 -1.357961940067298201e-01 1.960409717893867310e-01 -2.939814134714424654e-02 -1.565321669295371976e-01 1.573181072350848808e-01
-6.485007447367365785e-01 -2.419790796440111080e-01 9.761127717705448958e-01 3.647966458476048501e-02 7.251539675559683928e-01 7.821912972546556375e-01 3.661498334259363219e-01 8.545362787270960325e-01 -3.164765916292822112e-01 8.501179868403596629e-03 -2.208323792248165773e-01 -5.512957723587419423e-01 -3.387626899169617900e-01 -6.315146118123493579e-02 -2.008694459350408579e-01 -6.242901471483719433e-01 -2.041098828728991066e-01 -3.123425699672566225e-01 -7.805835425573661723e-01 5.074691964608746275e-02 3.204713081680665709e-02 -3.928249835033170712e-01 -1.273712418407058067e-01 -5.413086750343154563e-02 6.523827983934893382e-01 -6.867002265823884954e-02 -2.939814134714424654e-02 1.721452693264438949e+00 -7.043166247961494264e-01 -3.258351176871201460e-01
4.754770170553683784e-01 -6.641310284276187303e-01 -1.019584913539063109e+00 2.806413807036847174e-01 -9.301550067572748048e-01 1.565571662570164335e-01 -2.135886861750009302e-01 1.547274405887151261e-01 8.127093441836450438e-01 -3.457509587434515197e-02 6.263077312470386460e-01 2.973109132085482997e-03 -1.464157294369670126e-01 2.794720061132238698e-02 -9.679811595117371326e-02 3.284992357556575371e-01 -3.899401498640600039e-01 2.030906684916544691e-01 3.265325429864560647e-01 -5.503972430935846205e-01 -2.533118257161959264e-02 1.619286962347814551e-01 6.810110091186061254e-02 2.199222916567009634e-01 -4.741833913786877019e-01 3.968663945931325543e-01 -1.565321669295371976e-01 -7.043166247961494264e-01 1.260673993928833170e+00 -9.700914533408422358e-02
-2.840311846478016378e-01 7.793255855582970071e-01 9.949906020119669847e-02 -2.317752727406059421e-01 -3.413781739180876684e-02 -8.376999556245436906e-01 -1.035658853948007163e-02 -9.789587989966435089e-01 -3.638631668033553979e-01 -1.228122247334795247e-02 -2.064964208535116086e-01 5.497595745407579670e-01 2.178801943222197224e-01 2.619535683620028976e-01 1.939618475009865506e-01 1.520922909313640048e-01 4.937388311778931893e-01 -2.244505283383659844e-01 2.434106825769504212e-01 1.213650652431397248e-01 -9.967135699037044105e-02 3.246747571587320635e-01 -1.566952960498042557e-01 -1.789588585927504027e-01 -7.378203813055961291e-02 -1.830867500066801767e-01 1.573181072350848808e-01 -3.258351176871201460e-01 -9.700914533408422358e-02 7.041038983634280157e-01
