5.281714211559119576e+00 2.937264284300454165e+00 9.452117145264082865e-01 1.123183009211629724e+00 -9.983103351224258404e-01 -5.077221891190220049e-02 -5.958529742717928457e-01 -3.685739244203887210e-01 7.838694586273504683e-01 -6.574171111492432829e-01 -9.956560892991319633e-01 -1.265205038856720421e-02 -1.037445815323621900e+00 -4.110213769613437762e-01 -1.017053677945341406e+00 -1.312148218362779062e+00 -1.224235483006623326e+00 2.138322967538215380e-01 -1.600512964880465461e+00 3.500921235147416155e-01 2.935795897916477770e-01 -1.553621469087374862e+00 1.167369058567942375e+00 4.844338018135658785e-01 2.560889542336326485e-01 4.778759926879274644e-01 -5.093078024540318438e-01 9.601537907923329840e-02 -9.348031369203226859e-01 -1.131139167444302984e+00
2.937264284300454165e+00 3.287498642778814428e+00 1.206594237874583087e+00 6.932678236410652062e-01 -4.122094404820018099e-01 -6.127040265498635563e-01 -5.059353779768684944e-01 -1.444361709947884265e+00 -5.407450891641474300e-02 -5.306843051458258742e-01 -1.801431934395509415e+00 3.925571452128338024e-01 -2.309261724795987902e-01 -5.628587479643556435e-01 -9.176170388756759166e-01 -9.108775920495872924e-01 -5.180113466467446415e-01 5.451177125650019661e-02 -9.145281571590544445e-01 9.531731024957252885e-01 2.697606442050073383e-01 -9.257213670918531534e-01 1.010880961860948446e+00 2.692536551452917593e-01 4.167888889815571929e-01 3.600944592486143847e-01 -3.132889730408692230e-01 -2.864757739928336377e-02 -8.727727746110645057e-01 -2.949916612923288994e-01
9.452117145264082865e-01 1.206594237874583087e+00 1.488384790932457236e+00 3.040859849641037727e-01 2.971937761901699560e-02 -6.682487284149942752e-01 -9.976287529963201450e-02 -6.430008103519639917e-01 -3.869749452833843861e-01 -2.364487966949013753e-01 -6.692306328059203224e-01 -2.185389326433551105e-02 -1.937801539039014642e-01 -1.805077047238796695e-01 -3.666753169090384290e-01 -4.827412142212210711e-01 -1.487091576553893901e-01 9.199459543111743187e-02 -4.507181904925232629e-01 3.708267128390616563e-01 2.254332778087473343e-01 -3.448448491895987900e-01 4.263054571912903157e-01 1.521437662644871125e-01 3.675987360525141412e-01 1.077129376639049951e-01 -1.810759459829114348e-01 1.913996705954446043e-01 -4.997101347199190968e-01 -3.331276496621171646e-01
1.123183009211629724e+00 6.932678236410652062e-01 3.040859849641037727e-01 3.811986826707425280e-01 -2.320033795377298702e-01 -3.485135081177759275e-03 -1.177856105191494862e-01 -7.760627319697732673e-02 2.373121624017926479e-01 -1.472013899927446801e-01 -2.131459130548023495e-01 -4.357382085891003953e-02 -2.707622039603165831e-01 -1.167074369430451952e-01 -2.588368807249707970e-01 -3.405973071476751102e-01 -3.246046333639469594e-01 5.399800141873356552e-02 -4.085435742064191800e-01 7.445049798684522102e-02 6.374140306331810280e-02 -3.862807295161587717e-01 3.082008807390366201e-01 1.186016612024332062e-01 9.596348916591068701e-02 1.180829041573474569e-01 -1.524913638789939796e-01 7.082637866551522166e-02 -2.299337511448698024e-01 -3.193516341170834494e-01
-9.983103351224258404e-01 -4.122094404820018099e-01 2.971937761901699560e-02 -2.320033795377298702e-01 6.150412788268795339e-01 -1.774699081065023165e-01 5.004513752260209003e-02 -2.201879126209291826e-01 -4.452232634580468584e-01 1.148231736412981263e-01 -1.999518047426249723e-01 1.788602316044034524e-01 3.387038771410857407e-01 8.990457806135054852e-03 2.426315774416138993e-01 2.257515632018112228e-01 3.923612508394285214e-01 -6.342319177099398075e-02 2.632697699945651948e-01 1.946787295837566489e-01 -4.614009841532151768e-02 2.544617088492486801e-01 -2.024137642557661820e-01 -1.625627351831440137e-01 9.410614010562312615e-03 -1.594594053095761410e-01 1.300521499151727767e-01 -2.615170779046138705e-02 -1.684941993721622566e-02 3.135564985674932359e-01
-5.077221891190220049e-02 -6.127040265498635563e-01 -6.682487284149942752e-01 -3.485135081177759275e-03 -1.774699081065023165e-01 7.673310392101484467e-01 4.914191121173416832e-02 7.289173071652044200e-01 4.230770830051255871e-01 1.047149269543865557e-01 4.140730968080674756e-01 -3.250584124361353133e-01 -9.939066238337090908e-02 -1.010650533601165080e-03 -2.191810002290139892e-02 -3.993660275983756947e-02 -1.762160568192143728e-01 -3.251393614402786625e-02 -2.685440697089802597e-02 -2.184572343437025665e-01 -2.100964514045244869e-02 1.454605545404774603e-02 -1.157141293377321745e-01 2.614741895621364165e-02 -8.613572993328943994e-02 -1.551326768242233811e-02 2.092032924389286563e-02 1.381725458011828778e-01 1.740948217677100729e-01 -1.687264461251629655e-01
-5.958529742717928457e-01 -5.059353779768684944e-01 -9.976287529963201450e-02 -1.177856105191494862e-01 5.004513752260209003e-02 4.914191121173416832e-02 2.916202651776416133e-01 1.688579137348824588e-01 -1.829202781904655239e-01 1.425863039975752145e-01 3.423318624230091700e-01 -5.384229460997858041e-02 4.447999559175741524e-02 1.388814343931699113e-01 2.996646572550503151e-01 1.795278262985107176e-01 1.182223176472803061e-01 3.093950136172907150e-02 1.020333608474288667e-01 -2.162624034035616205e-01 -7.574525474268511971e-02 9.028060075252142269e-02 -2.064988474072038116e-01 -5.264421961607013145e-02 -1.222152398403864026e-01 -8.174025337740431496e-02 2.501970303183043143e-02 -1.467252485940662154e-02 1.920982146878031926e-01 6.014929328028983946e-02
-3.685739244203887210e-01 -1.444361709947884265e+00 -6.430008103519639917e-01 -7.760627319697732673e-02 -2.201879126209291826e-01 7.289173071652044200e-01 1.688579137348824588e-01 1.321829558355261725e+00 5.550741341876914703e-01 2.385701868177534379e-01 1.137997218853172399e+00 -5.714108737031438068e-01 -2.241656595534777807e-01 1.205803404116636557e-01 1.837220515096760209e-01 1.562947517562633948e-01 -2.991452016578932671e-01 8.434595298132308017e-02 4.561849522258398792e-02 -5.441291236904248763e-01 -8.090691196906618643e-02 4.426476807225299126e-03 -2.168016284518330394e-01 6.850948608041562693e-02 -1.327120994418464761e-01 -8.403902707306087905e-02 4.669521184655422985e-02 1.892903970683619264e-01 2.282563033988935786e-01 -3.719456669246028468e-01
7.838694586273504683e-01 -5.407450891641474300e-02 -3.869749452833843861e-01 2.373121624017926479e-01 -4.452232634580468584e-01 4.230770830051255871e-01 -1.829202781904655239e-01 5.550741341876914703e-01 8.200689084803798323e-01 -4.800722636827003953e-02 4.332044676905297820e-01 -2.617507311453550756e-01 -3.397030204855582269e-01 -7.165173813660885571e-02 -2.967346560947703438e-01 -1.591032203385793764e-01 -5.115677727129082086e-01 5.076494523518704227e-02 -2.103789764313432897e-01 -2.031648869042896877e-01 4.646908365657509421e-03 -2.531319878624742614e-01 2.427458166947644713e-01 1.566817427354862957e-01 6.121806162519760619e-02 1.353811422287662936e-01 -1.120833231440769850e-01 1.108459776630752458e-01 -8.072270998758312999e-02 -3.976964267209837089e-01
-6.574171111492432829e-01 -5.306843051458258742e-01 -2.364487966949013753e-01 -1.472013899927446801e-01 1.148231736412981263e-01 1.047149269543865557e-01 1.425863039975752145e-01 2.385701868177534379e-01 -4.800722636827003953e-02 2.053115716297497784e-01 3.077217219992576247e-01 -9.261183877850953650e-02 1.236117444315709690e-01 4.019746060333773130e-02 2.415183484895919719e-01 2.085849584374841470e-01 5.646544164011402245e-02 3.866962069326973506e-02 1.401910203910574637e-01 -1.050381390458596798e-01 -7.625714093069291266e-02 8.027877332375510377e-02 -1.209880061114176897e-01 -3.252702541658436530e-02 -6.947795198738049294e-02 -8.720983404947446616e-02 4.979890181465407295e-02 -2.646617939916495743e-02 8.614330192108354822e-02 5.114928155177267399e-02
-9.956560892991319633e-01 -1.801431934395509415e+00 -6.692306328059203224e-01 -2.131459130548023495e-01 -1.999518047426249723e-01 4.140730968080674756e-01 3.423318624230091700e-01 1.137997218853172399e+00 4.332044676905297820e-01 3.077217219992576247e-01 1.557591240812769229e+00 -4.339509247294017769e-01 -1.937525119347469627e-01 3.190437871883773369e-01 4.511925328548613834e-01 4.751140331662782046e-01 -1.734706203536688918e-01 1.461140156393412326e-01 2.841395019423202939e-01 -7.894647586205678635e-01 -1.763154330076872611e-01 1.735822312179493565e-01 -3.252861430746065707e-01 1.862404508625559174e-02 -2.122281126801226492e-01 -1.072028459107627896e-01 5.194516149720129761e-02 3.189251049843733199e-02 3.821753916914758520e-01 -2.356573506885411007e-01
-1.265205038856720421e-02 3.925571452128338024e-01 -2.185389326433551105e-02 -4.357382085891003953e-02 1.788602316044034524e-01 -3.250584124361353133e-01 -5.384229460997858041e-02 -5.714108737031438068e-01 -2.617507311453550756e-01 -9.261183877850953650e-02 -4.339509247294017769e-01 4.626771842112589184e-01 1.536390063798762640e-01 4.433733587984534097e-02 6.445694290459869080e-02 6.728223574401681617e-02 2.624846964283165107e-01 -8.863121348332470006e-02 8.810208067134794874e-02 1.607134268342633732e-01 -5.037154230780060971e-02 8.191802326024344438e-02 -4.730239153747106684e-02 -1.109744361135653890e-01 -4.023222746707233455e-02 -4.927779820775413100e-03 7.310372824349542498e-03 -1.480286240882264792e-01 1.863923898486063990e-02 3.241964526353626752e-01
-1.037445815323621900e+00 -2.309261724795987902e-01 -1.937801539039014642e-01 -2.707622039603165831e-01 3.387038771410857407e-01 -9.939066238337090908e-02 4.447999559175741524e-02 -2.241656595534777807e-01 -3.397030204855582269e-01 1.236117444315709690e-01 -1.937525119347469627e-01 1.536390063798762640e-01 4.218682799364046332e-01 -3.075526229650904497e-02 1.607775957699004721e-01 2.567404350458843965e-01 3.761468212364889041e-01 -8.389427390571313481e-02 3.450896106506888827e-01 1.830619228737759840e-01 -4.070572639392366909e-02 3.012230990461546298e-01 -2.240879329305585088e-01 -1.317462032068306144e-01 -7.158423650838585672e-02 -1.193811265718522918e-01 1.677094702918680014e-01 -1.132190242217347986e-01 1.251548068545957904e-01 4.070944599211543391e-01
-4.110213769613437762e-01 -5.628587479643556435e-01 -1.805077047238796695e-01 -1.167074369430451952e-01 8.990457806135054852e-03 -1.010650533601165080e-03 1.388814343931699113e-01 1.205803404116636557e-01 -7.165173813660885571e-02 4.019746060333773130e-02 3.190437871883773369e-01 4.433733587984534097e-02 -3.075526229650904497e-02 3.110379517329988630e-01 2.276009799879830098e-01 1.800205783740125298e-01 1.701520954271700248e-01 -3.060160637346598378e-02 1.701676592980163605e-01 -3.221715975132610765e-01 -5.630508462303396300e-02 2.215892799733296670e-01 -2.608350176853946323e-01 -5.478603718648855647e-02 -1.340316294496233240e-01 -3.630567478984403351e-02 5.661204338196057506e-03 -5.834032595737426163e-02 2.523654582947756353e-01 1.172609757288114452e-01
-1.017053677945341406e+00 -9.176170388756759166e-01 -3.666753169090384290e-01 -2.588368807249707970e-01 2.426315774416138993e-01 -2.191810002290139892e-02 2.996646572550503151e-01 1.837220515096760209e-01 -2.967346560947703438e-01 2.415183484895919719e-01 4.511925328548613834e-01 6.445694290459869080e-02 1.607775957699004721e-01 2.276009799879830098e-01 6.691128205469567547e-01 4.208930428305563964e-01 2.983576109069758786e-01 4.890173488612958863e-02 2.797181184824637512e-01 -3.036254778796774190e-01 -1.825587702554116731e-01 2.376007406584790260e-01 -3.498168346984584787e-01 -1.643069088977995307e-01 -2.279903552035307257e-01 -1.485193322253053338e-01 4.855521443460020237e-02 -1.362916787886092607e-01 3.160732801010794901e-01 2.011676728816951254e-01
-1.312148218362779062e+00 -9.108775920495872924e-01 -4.827412142212210711e-01 -3.405973071476751102e-01 2.257515632018112228e-01 -3.993660275983756947e-02 1.795278262985107176e-01 1.562947517562633948e-01 -1.591032203385793764e-01 2.085849584374841470e-01 4.751140331662782046e-01 6.728223574401681617e-02 2.567404350458843965e-01 1.800205783740125298e-01 4.208930428305563964e-01 5.514502162023120491e-01 2.608293692518088847e-01 2.914457180241925016e-02 4.642474066841089098e-01 -1.990561877164225280e-01 -1.599036305533729774e-01 3.158161165096657896e-01 -3.030984574658646125e-01 -1.216340218132927475e-01 -1.675485250576400631e-01 -1.274351318283493129e-01 1.654745676122502118e-01 -1.560722859700263143e-01 2.424577051863252564e-01 2.805251452851962313e-01
-1.224235483006623326e+00 -5.180113466467446415e-01 -1.487091576553893901e-01 -3.246046333639469594e-01 3.923612508394285214e-01 -1.762160568192143728e-01 1.182223176472803061e-01 -2.991452016578932671e-01 -5.115677727129082086e-01 5.646544164011402245e-02 -1.734706203536688918e-01 2.624846964283165107e-01 3.761468212364889041e-01 1.701520954271700248e-01 2.983576109069758786e-01 2.608293692518088847e-01 6.792748778946702259e-01 -1.765721970732556656e-01 4.563180722381332544e-01 -2.700000297454607789e-02 -3.327527170159783054e-02 5.784405240396210957e-01 -4.859898446101738045e-01 -2.356784620210419234e-01 -1.715236853896158209e-01 -1.403518280545767993e-01 1.580981899931543921e-01 -1.260573568698646341e-01 4.021794698008989144e-01 5.630779979525186718e-01
2.138322967538215380e-01 5.451177125650019661e-02 9.199459543111743187e-02 5.399800141873356552e-02 -6.342319177099398075e-02 -3.251393614402786625e-02 3.093950136172907150e-02 8.434595298132308017e-02 5.076494523518704227e-02 3.866962069326973506e-02 1.461140156393412326e-01 -8.863121348332470006e-02 -8.389427390571313481e-02 -3.060160637346598378e-02 4.890173488612958863e-02 2.914457180241925016e-02 -1.765721970732556656e-01 1.932930241899839530e-01 -9.565761123334937110e-02 -3.564399860948697096e-02 -1.460731363147260709e-02 -1.962298273544149652e-01 1.573788232713013713e-01 5.857663047396499678e-02 4.426343318746717159e-02 -1.039776437835371325e-03 -8.344822333413048909e-02 -3.506607478811929468e-02 -1.350713952461433109e-01 -2.243287439871437527e-01
-1.600512964880465461e+00 -9.145281571590544445e-01 -4.507181904925232629e-01 -4.085435742064191800e-01 2.632697699945651948e-01 -2.685440697089802597e-02 1.020333608474288667e-01 4.561849522258398792e-02 -2.103789764313432897e-01 1.401910203910574637e-01 2.841395019423202939e-01 8.810208067134794874e-02 3.450896106506888827e-01 1.701676592980163605e-01 2.797181184824637512e-01 4.642474066841089098e-01 4.563180722381332544e-01 -9.565761123334937110e-02 6.465256978129048093e-01 -1.178320500720815289e-01 -8.740794131963980362e-02 6.081535624560956421e-01 -4.251981187364890502e-01 -1.697011951419256093e-01 -1.537790098352616042e-01 -1.402599278601144306e-01 2.154490679415062004e-01 -1.434040014003699071e-01 3.783050290793710246e-01 4.574492810165793344e-01
3.500921235147416155e-01 9.531731024957252885e-01 3.708267128390616563e-01 7.445049798684522102e-02 1.946787295837566489e-01 -2.184572343437025665e-01 -2.162624034035616205e-01 -5.441291236904248763e-01 -2.031648869042896877e-01 -1.050381390458596798e-01 -7.894647586205678635e-01 1.607134268342633732e-01 1.830619228737759840e-01 -3.221715975132610765e-01 -3.036254778796774190e-01 -1.990561877164225280e-01 -2.700000297454607789e-02 -3.564399860948697096e-02 -1.178320500720815289e-01 6.385126240459157998e-01 9.987232307281601607e-02 -1.609153408633687832e-01 2.299611684467777195e-01 2.134080839914531680e-02 1.815997452081887786e-01 6.489158282704465819e-03 7.310143515724121244e-03 9.898781338335993496e-03 -3.400483713733706281e-01 1.008280493651909637e-01
2.935795897916477770e-01 2.697606442050073383e-01 2.254332778087473343e-01 6.374140306331810280e-02 -4.614009841532151768e-02 -2.100964514045244869e-02 -7.574525474268511971e-02 -8.090691196906618643e-02 4.646908365657509421e-03 -7.625714093069291266e-02 -1.763154330076872611e-01 -5.037154230780060971e-02 -4.070572639392366909e-02 -5.630508462303396300e-02 -1.825587702554116731e-01 -1.599036305533729774e-01 -3.327527170159783054e-02 -1.460731363147260709e-02 -8.740794131963980362e-02 9.987232307281601607e-02 1.086271379261347647e-01 -1.458177786162195844e-02 5.871220964502299466e-02 4.334047438624111237e-02 6.811950017680601377e-02 3.679864013349742891e-02 -4.245204758149156987e-02 2.916083166581984187e-02 -7.220114878418826265e-02 -7.105001964890789168e-02
-1.553621469087374862e+00 -9.257213670918531534e-01 -3.448448491895987900e-01 -3.862807295161587717e-01 2.544617088492486801e-01 1.454605545404774603e-02 9.028060075252142269e-02 4.426476807225299126e-03 -2.531319878624742614e-01 8.027877332375510377e-02 1.735822312179493565e-01 8.191802326024344438e-02 3.012230990461546298e-01 2.215892799733296670e-01 2.376007406584790260e-01 3.158161165096657896e-01 5.784405240396210957e-01 -1.962298273544149652e-01 6.081535624560956421e-01 -1.609153408633687832e-01 -1.458177786162195844e-02 8.006341092290369943e-01 -5.274312800213465380e-01 -2.240333288511919818e-01 -1.569478420172174538e-01 -1.218108921799512245e-01 1.815036421838271963e-01 -9.953546783549427346e-02 5.033780829015768177e-01 5.172530814003266642e-01
1.167369058567942375e+00 1.010880961860948446e+00 4.263054571912903157e-01 3.082008807390366201e-01 -2.024137642557661820e-01 -1.157141293377321745e-01 -2.064988474072038116e-01 -2.168016284518330394e-01 2.427458166947644713e-01 -1.209880061114176897e-01 -3.252861430746065707e-01 -4.730239153747106684e-02 -2.240879329305585088e-01 -2.608350176853946323e-01 -3.498168346984584787e-01 -3.030984574658646125e-01 -4.859898446101738045e-01 1.573788232713013713e-01 -4.251981187364890502e-01 2.299611684467777195e-01 5.871220964502299466e-02 -5.274312800213465380e-01 6.368662473599897567e-01 1.833515326281371927e-01 2.728574384102557815e-01 1.538480422161114802e-01 -1.465239425950812802e-01 5.887459567844643971e-02 -5.402303097236540452e-01 -4.091358214301408225e-01
4.844338018135658785e-01 2.692536551452917593e-01 1.521437662644871125e-01 1.186016612024332062e-01 -1.625627351831440137e-01 2.614741895621364165e-02 -5.264421961607013145e-02 6.850948608041562693e-02 1.566817427354862957e-01 -3.252702541658436530e-02 1.862404508625559174e-02 -1.109744361135653890e-01 -1.317462032068306144e-01 -5.478603718648855647e-02 -1.643069088977995307e-01 -1.216340218132927475e-01 -2.356784620210419234e-01 5.857663047396499678e-02 -1.697011951419256093e-01 2.134080839914531680e-02 4.334047438624111237e-02 -2.240333288511919818e-01 1.833515326281371927e-01 1.350454372375793355e-01 7.990985955029827892e-02 6.592010129537584362e-02 -7.045763902465296269e-02 4.934279553714304711e-02 -1.739728982078077024e-01 -2.261958730701394416e-01
2.560889542336326485e-01 4.167888889815571929e-01 3.675987360525141412e-01 9.596348916591068701e-02 9.410614010562312615e-03 -8.613572993328943994e-02 -1.222152398403864026e-01 -1.327120994418464761e-01 6.121806162519760619e-02 -6.947795198738049294e-02 -2.122281126801226492e-01 -4.023222746707233455e-02 -7.158423650838585672e-02 -1.340316294496233240e-01 -2.279903552035307257e-01 -1.675485250576400631e-01 -1.715236853896158209e-01 4.426343318746717159e-02 -1.537790098352616042e-01 1.815997452081887786e-01 6.811950017680601377e-02 -1.569478420172174538e-01 2.728574384102557815e-01 7.990985955029827892e-02 2.633162281980503394e-01 5.801565031714517318e-02 -1.103324913843835020e-01 1.261838401078421157e-01 -2.881761686771824316e-01 -1.564178381103715765e-01
4.778759926879274644e-01 3.600944592486143847e-01 1.077129376639049951e-01 1.180829041573474569e-01 -1.594594053095761410e-01 -1.551326768242233811e-02 -8.174025337740431496e-02 -8.403902707306087905e-02 1.353811422287662936e-01 -8.720983404947446616e-02 -1.072028459107627896e-01 -4.927779820775413100e-03 -1.193811265718522918e-01 -3.630567478984403351e-02 -1.485193322253053338e-01 -1.274351318283493129e-01 -1.403518280545767993e-01 -1.039776437835371325e-03 -1.402599278601144306e-01 6.489158282704465819e-03 3.679864013349742891e-02 -1.218108921799512245e-01 1.538480422161114802e-01 6.592010129537584362e-02 5.801565031714517318e-02 1.216549223717038331e-01 -5.214210918575190590e-02 2.386279309826022654e-02 -1.147295942720916173e-01 -1.236704615674852903e-01
-5.093078024540318438e-01 -3.132889730408692230e-01 -1.810759459829114348e-01 -1.524913638789939796e-01 1.300521499151727767e-01 2.092032924389286563e-02 2.501970303183043143e-02 4.669521184655422985e-02 -1.120833231440769850e-01 4.979890181465407295e-02 5.194516149720129761e-02 7.310372824349542498e-03 1.677094702918680014e-01 5.661204338196057506e-03 4.855521443460020237e-02 1.654745676122502118e-01 1.580981899931543921e-01 -8.344822333413048909e-02 2.154490679415062004e-01 7.310143515724121244e-03 -4.245204758149156987e-02 1.815036421838271963e-01 -1.465239425950812802e-01 -7.045763902465296269e-02 -1.103324913843835020e-01 -5.214210918575190590e-02 2.419544025405571119e-01 -3.282380941482188064e-02 1.121933840422570938e-01 1.707759744832628712e-01
9.601537907923329840e-02 -2.864757739928336377e-02 1.913996705954446043e-01 7.082637866551522166e-02 -2.615170779046138705e-02 1.381725458011828778e-01 -1.467252485940662154e-02 1.892903970683619264e-01 1.108459776630752458e-01 -2.646617939916495743e-02 3.189251049843733199e-02 -1.480286240882264792e-01 -1.132190242217347986e-01 -5.834032595737426163e-02 -1.362916787886092607e-01 -1.560722859700263143e-01 -1.260573568698646341e-01 -3.506607478811929468e-02 -1.434040014003699071e-01 9.898781338335993496e-03 2.916083166581984187e-02 -9.953546783549427346e-02 5.887459567844643971e-02 4.934279553714304711e-02 1.261838401078421157e-01 2.386279309826022654e-02 -3.282380941482188064e-02 2.603453523594794206e-01 -7.462375827293499242e-02 -1.667118398711409100e-01
-9.348031369203226859e-01 -8.727727746110645057e-01 -4.997101347199190968e-01 -2.299337511448698024e-01 -1.684941993721622566e-02 1.740948217677100729e-01 1.920982146878031926e-01 2.282563033988935786e-01 -8.072270998758312999e-02 8.614330192108354822e-02 3.821753916914758520e-01 1.863923898486063990e-02 1.251548068545957904e-01 2.523654582947756353e-01 3.160732801010794901e-01 2.424577051863252564e-01 4.021794698008989144e-01 -1.350713952461433109e-01 3.783050290793710246e-01 -3.400483713733706281e-01 -7.220114878418826265e-02 5.033780829015768177e-01 -5.402303097236540452e-01 -1.739728982078077024e-01 -2.881761686771824316e-01 -1.147295942720916173e-01 1.121933840422570938e-01 -7.462375827293499242e-02 6.196540814084983140e-01 3.406767799187946366e-01
-1.131139167444302984e+00 -2.949916612923288994e-01 -3.331276496621171646e-01 -3.193516341170834494e-01 3.135564985674932359e-01 -1.687264461251629655e-01 6.014929328028983946e-02 -3.719456669246028468e-01 -3.976964267209837089e-01 5.114928155177267399e-02 -2.356573506885411007e-01 3.241964526353626752e-01 4.070944599211543391e-01 1.172609757288114452e-01 2.011676728816951254e-01 2.805251452851962313e-01 5.630779979525186718e-01 -2.243287439871437527e-01 4.574492810165793344e-01 1.008280493651909637e-01 -7.105001964890789168e-02 5.172530814003266642e-01 -4.091358214301408225e-01 -2.261958730701394416e-01 -1.564178381103715765e-01 -1.236704615674852903e-01 1.707759744832628712e-01 -1.667118398711409100e-01 3.406767799187946366e-01 7.249851034258085747e-01
