5.279262098237722967e+00 3.108864063544388046e+00 6.786230219984190626e-01 1.145112756703838386e+00 -1.295028171702483633e+00 2.010083313311952224e-01 -6.336797437645600439e-01 -4.606873687425832031e-01 1.484585538647422709e+00 -6.689932117155876767e-01 -6.003746399730403027e-01 4.862579415923846682e-01 -9.275714536617556405e-01 -2.643326301492834318e-01 -8.436994103731763062e-01 -1.126419979627996781e+00 -7.432306987932406628e-01 -1.667341907239574539e-01 -1.490356247063800765e+00 5.840529008286807766e-01 -3.937851028027807843e-01 -1.593311158396886640e+00 9.067856193667580555e-01 -1.018610144598142142e-01 1.250522325543101942e-01 1.171742988020696430e-01 -5.089465575854319468e-01 -1.090948870638612789e-01 -1.353224072146645085e+00 -8.354466893964627161e-01
3.108864063544388046e+00 3.992931886522171681e+00 1.229139304472766980e+00 7.031805265349362344e-01 -5.683647529249356012e-01 -5.015770046331908816e-01 -6.245639492822760985e-01 -1.324884348201976536e+00 6.946955158822447629e-01 -5.659800625944626518e-01 -1.182707378008444721e+00 6.435103436822942058e-01 -3.344625056771519667e-01 -1.630274960254496364e-01 -6.245200999054532076e-01 -9.565398023674447359e-01 2.084023721948824459e-01 -3.146016417186956460e-01 -9.479752215939925009e-01 1.105612328515064746e+00 -2.571825781535608257e-01 -8.900801417058232801e-01 4.111770477549043790e-01 -3.650680711868972139e-01 4.560752476218112861e-01 -5.404343076280042624e-01 -1.803677490650557047e-01 5.148180956433634492e-02 -1.938705872185778389e+00 -3.240284184053052741e-01
6.786230219984190626e-01 1.229139304472766980e+00 1.525530469428417746e+00 2.375230429042289870e-01 2.934343872937006381e-03 -4.894757414142532070e-01 -1.464025850446546428e-01 -3.875376471018512348e-01 6.485148922990902065e-03 -1.934182425303561104e-01 -1.944508848304167259e-01 -5.849952401797509083e-02 -2.317179583200754678e-01 9.223296669551928062e-02 -1.879244999148568240e-01 -4.325099746287719427e-01 2.815967093575295621e-01 -1.148545541307726126e-01 -3.612857077057185506e-01 3.803271653639512806e-01 -2.795020830529892919e-02 -2.197458647992789338e-01 3.011148781058636814e-02 -1.775492004124430423e-01 3.788947025576021588e-01 -4.065806868679260333e-01 -6.112517162790709335e-02 2.900416189184511495e-01 -1.027773036051542022e+00 -4.146374562168944067e-01
1.145112756703838386e+00 7.031805265349362344e-01 2.375230429042289870e-01 4.133794115631417299e-01 -3.217199228339495676e-01 7.829483264572445478e-02 -1.398995651773020654e-01 -3.289240648473423789e-02 4.509484959693850215e-01 -1.495296067902813775e-01 -6.527384511463196759e-02 2.891411186845971315e-02 -2.732085638357375501e-01 -7.287712956906489126e-02 -2.308207169784850521e-01 -2.971559223151416518e-01 -2.515536931549604560e-01 -3.677446147861473946e-02 -3.895400674715574496e-01 8.988973278775347353e-02 -8.386059395985512310e-02 -4.063017271979560974e-01 2.375126061580203896e-01 8.237880345234316337e-03 6.215963822876346967e-02 3.471748675207209089e-02 -1.510284429542707585e-01 3.498311810943732780e-02 -3.209827011490347104e-01 -3.014326185495974642e-01
-1.295028171702483633e+00 -5.683647529249356012e-01 2.934343872937006381e-03 -3.217199228339495676e-01 8.408128520111404214e-01 -2.232940635283853226e-01 6.256162703482459619e-02 -1.128794504176084956e-01 -6.237687400115419223e-01 1.646884859572992355e-01 -2.235091183482040833e-01 1.199473473445209493e-01 3.708537842150576580e-01 1.965867125727527309e-02 3.110887420420453964e-01 2.030876520259994322e-01 4.528122516651365004e-01 -6.021853705249213817e-03 3.003536875555425922e-01 1.717810267019217463e-01 4.060325773673412186e-02 3.691019511487638738e-01 -2.861390919492805551e-01 -1.466228642813121041e-01 6.333350770239576377e-02 -2.325154168923972975e-01 1.921764114808297563e-01 8.276768023534941676e-02 -6.165735340130140685e-02 3.329563790527458877e-01
2.010083313311952224e-01 -5.015770046331908816e-01 -4.894757414142532070e-01 7.829483264572445478e-02 -2.232940635283853226e-01 6.177883806525414911e-01 5.167567437280240483e-02 4.923367017382247468e-01 2.690192730373723862e-01 3.971343726550458086e-02 1.647845947954920121e-01 -2.789488643648496691e-01 -1.090462060724917137e-01 -1.095430214487009835e-01 -1.599001584957591149e-01 -6.498093829964091128e-02 -3.871412851634659091e-01 2.836527975904346022e-02 -9.290077114999917285e-02 -1.952488088323889315e-01 6.951285230024950579e-02 -9.690461319206633561e-02 1.041867823403208604e-01 1.852771900227594415e-01 -8.415213596782677996e-02 2.608212896225836630e-01 -6.530579864215724228e-02 7.729318464328116534e-02 3.946745232965440664e-01 -1.763317310628735868e-01
-6.336797437645600439e-01 -6.245639492822760985e-01 -1.464025850446546428e-01 -1.398995651773020654e-01 6.256162703482459619e-02 5.167567437280240483e-02 3.117659075863912221e-01 2.058211337774764615e-01 -2.969873340861681754e-01 1.459169644402891208e-01 2.785450221552423500e-01 -1.205342344680957467e-01 4.339878516412909448e-02 7.277929867115062734e-02 2.744211550131012700e-01 1.892075427875283822e-01 1.406615753057849361e-02 9.531982025220031574e-02 1.260058730670721161e-01 -2.701711825700385816e-01 1.417847595121202176e-02 1.094135016149380135e-01 -1.401275529436247780e-01 5.170411719558387631e-02 -1.326772469302568425e-01 4.005421633115702207e-02 1.643125988181282082e-02 -1.945175445911218048e-02 3.610344991815850335e-01 6.019331413773443273e-02
-4.606873687425832031e-01 -1.324884348201976536e+00 -3.875376471018512348e-01 -3.289240648473423789e-02 -1.128794504176084956e-01 4.923367017382247468e-01 2.058211337774764615e-01 8.990830751283738209e-01 1.196440865366525941e-01 2.213044341489762701e-01 6.152390959310309881e-01 -5.243483588954518382e-01 -8.403668424375609902e-02 -9.002584792148127235e-02 4.898569076095782293e-02 1.909186910518201330e-01 -5.188152249749578004e-01 1.974552743124604604e-01 3.676750384371985092e-02 -4.140543116585604366e-01 6.177045196858443887e-02 -9.526307352342655577e-02 1.096927278472321632e-01 2.738817539972160375e-01 -9.808137517194381871e-02 3.068188303010401796e-01 -2.848040290808739883e-02 1.161489168501361746e-01 5.298259066465789147e-01 -2.537066732518837853e-01
1.484585538647422709e+00 6.946955158822447629e-01 6.485148922990902065e-03 4.509484959693850215e-01 -6.237687400115419223e-01 2.690192730373723862e-01 -2.969873340861681754e-01 1.196440865366525941e-01 9.070443015303908396e-01 -1.894518903801554188e-01 9.400582437331195251e-02 -9.264553221601090627e-02 -3.814109453172704889e-01 -1.472455606546532181e-01 -5.094276818507523785e-01 -3.139012002192771433e-01 -5.777192828769557309e-01 -7.421966471838459256e-03 -4.078832843215423054e-01 2.815844368296893663e-02 -4.041510889004484852e-02 -4.938356011680014035e-01 4.667746975497379935e-01 1.375272554793127711e-01 1.208753847089383271e-01 2.183974604293439370e-01 -2.260588425031073712e-01 2.706056438131554387e-02 -2.729422590140870852e-01 -4.441091014863332020e-01
-6.689932117155876767e-01 -5.659800625944626518e-01 -1.934182425303561104e-01 -1.495296067902813775e-01 1.646884859572992355e-01 3.971343726550458086e-02 1.459169644402891208e-01 2.213044341489762701e-01 -1.894518903801554188e-01 1.953751968034111997e-01 2.005770190895077576e-01 -1.500691984555828640e-01 1.224213002711280751e-01 -1.725643186534853157e-02 2.117466420956475304e-01 1.926211917109981187e-01 -3.102415529053814680e-02 1.052461349344753216e-01 1.374413773081641921e-01 -1.290858639685552589e-01 2.075664117120368246e-02 8.037121237242672578e-02 -5.561023799498343578e-02 6.590987825467209404e-02 -5.121669921754801180e-02 1.887050129897716033e-02 4.858850121934210620e-02 -4.408808251412210666e-03 1.935169315085545350e-01 4.097691233960176760e-02
-6.003746399730403027e-01 -1.182707378008444721e+00 -1.944508848304167259e-01 -6.527384511463196759e-02 -2.235091183482040833e-01 1.647845947954920121e-01 2.785450221552423500e-01 6.152390959310309881e-01 9.400582437331195251e-02 2.005770190895077576e-01 8.561900585282842258e-01 -4.304639763735735869e-01 -1.436558877528000266e-01 4.002289753799459504e-02 1.383763525116137316e-01 3.230187110319207022e-01 -4.520527682685155924e-01 2.584922647189955569e-01 1.417830965472148819e-01 -5.441326326176749717e-01 3.474029864901240217e-02 -2.834775349248275234e-02 1.294658948748406146e-01 2.503808840153283199e-01 -9.100739011182668037e-02 2.673700548293709289e-01 -7.156166946901976189e-02 -1.526345293939357362e-02 4.941151056099784000e-01 -2.443043978439618513e-01
4.862579415923846682e-01 6.435103436822942058e-01 -5.849952401797509083e-02 2.891411186845971315e-02 1.199473473445209493e-01 -2.789488643648496691e-01 -1.205342344680957467e-01 -5.243483588954518382e-01 -9.264553221601090627e-02 -1.500691984555828640e-01 -4.304639763735735869e-01 5.613047690388839328e-01 5.059877384519495536e-02 5.115208588091491038e-02 3.556553447526766831e-02 -7.705013668069682353e-02 2.791909578281206450e-01 -1.176100927522725215e-01 -5.232299187608191460e-02 2.096052713234257681e-01 -1.026450446236140124e-01 1.374286908657040840e-03 -4.660477829798992389e-02 -1.924869541104499149e-01 -2.184656433155396371e-02 -1.093167404040968904e-01 -2.791457832364585556e-02 -1.453207951868193959e-01 -1.926747627031204502e-01 2.738814886855038822e-01
-9.275714536617556405e-01 -3.344625056771519667e-01 -2.317179583200754678e-01 -2.732085638357375501e-01 3.708537842150576580e-01 -1.090462060724917137e-01 4.339878516412909448e-02 -8.403668424375609902e-02 -3.814109453172704889e-01 1.224213002711280751e-01 -1.436558877528000266e-01 5.059877384519495536e-02 3.363215827105250355e-01 -3.382836234209207760e-03 1.716264958279793973e-01 1.948923058740490433e-01 3.002215574870774617e-01 -1.133093986291555666e-02 3.001416738731563782e-01 7.509711625380077749e-02 6.123347467570283698e-02 3.157661329515804027e-01 -2.338972038069186965e-01 -4.795413583707386351e-02 -6.054906739723264764e-02 -1.066388253050831736e-01 1.805706078076241283e-01 -5.161302775184140046e-02 1.599011357116637555e-01 3.174317964730448693e-01
-2.643326301492834318e-01 -1.630274960254496364e-01 9.223296669551928062e-02 -7.287712956906489126e-02 1.965867125727527309e-02 -1.095430214487009835e-01 7.277929867115062734e-02 -9.002584792148127235e-02 -1.472455606546532181e-01 -1.725643186534853157e-02 4.002289753799459504e-02 5.115208588091491038e-02 -3.382836234209207760e-03 1.679190566030115406e-01 5.975675806388380806e-02 6.766029308380439033e-02 1.378818130812078380e-01 -2.890664370278273054e-02 1.129577437846762678e-01 -1.332938017341689374e-01 2.621559166874476432e-02 1.670616123909098860e-01 -1.145012222903005750e-01 -5.809803485817610635e-03 -3.088282460896607517e-02 8.953412551591100055e-04 -1.344503843927213893e-02 -3.172831958426058918e-02 1.344698671955484315e-01 7.559102188793076493e-02
-8.436994103731763062e-01 -6.245200999054532076e-01 -1.879244999148568240e-01 -2.308207169784850521e-01 3.110887420420453964e-01 -1.599001584957591149e-01 2.744211550131012700e-01 4.898569076095782293e-02 -5.094276818507523785e-01 2.117466420956475304e-01 1.383763525116137316e-01 3.556553447526766831e-02 1.716264958279793973e-01 5.975675806388380806e-02 5.915923292035927261e-01 3.124227316287431222e-01 1.801128332641042107e-01 1.383127636861161136e-01 1.944677019391463091e-01 -1.812583903534914498e-01 -6.498759474942517045e-02 1.560924471691294002e-01 -1.735692078336796840e-01 -5.251346715999716253e-02 -1.402373044286946424e-01 -3.298822227253594974e-02 2.674051324368065252e-02 -1.060203242639090604e-01 2.740156635792914130e-01 1.825420123855678867e-01
-1.126419979627996781e+00 -9.565398023674447359e-01 -4.325099746287719427e-01 -2.971559223151416518e-01 2.030876520259994322e-01 -6.498093829964091128e-02 1.892075427875283822e-01 1.909186910518201330e-01 -3.139012002192771433e-01 1.926211917109981187e-01 3.230187110319207022e-01 -7.705013668069682353e-02 1.948923058740490433e-01 6.766029308380439033e-02 3.124227316287431222e-01 4.636107819097219362e-01 1.464087621201315415e-02 1.700960365573109812e-01 3.907773869001403000e-01 -2.630824138436196336e-01 2.446353457406758025e-02 2.576205048536053255e-01 -1.104977122208765650e-01 7.546642336632203296e-02 -1.376357217447434778e-01 9.284155033844854188e-02 1.109093867348747153e-01 -1.275175744465286698e-01 4.379524352551698030e-01 1.950837681855546180e-01
-7.432306987932406628e-01 2.084023721948824459e-01 2.815967093575295621e-01 -2.515536931549604560e-01 4.528122516651365004e-01 -3.871412851634659091e-01 1.406615753057849361e-02 -5.188152249749578004e-01 -5.777192828769557309e-01 -3.102415529053814680e-02 -4.520527682685155924e-01 2.791909578281206450e-01 3.002215574870774617e-01 1.378818130812078380e-01 1.801128332641042107e-01 1.464087621201315415e-02 7.265932697091557202e-01 -1.551445270106910357e-01 2.609643019178520262e-01 1.897500205247411031e-01 6.468337176698923940e-02 4.651172336043316591e-01 -4.036336059837140056e-01 -2.355337641234882540e-01 -6.736339655049050634e-04 -2.968377002649162932e-01 1.490516403156334491e-01 -2.852916703284336108e-02 -4.410186022056450383e-02 4.009036414454385522e-01
-1.667341907239574539e-01 -3.146016417186956460e-01 -1.148545541307726126e-01 -3.677446147861473946e-02 -6.021853705249213817e-03 2.836527975904346022e-02 9.531982025220031574e-02 1.974552743124604604e-01 -7.421966471838459256e-03 1.052461349344753216e-01 2.584922647189955569e-01 -1.176100927522725215e-01 -1.133093986291555666e-02 -2.890664370278273054e-02 1.383127636861161136e-01 1.700960365573109812e-01 -1.551445270106910357e-01 2.179049346817123478e-01 2.693713792743324120e-02 -1.232580341894617959e-01 -3.405000457860296592e-02 -1.247295112722213162e-01 9.856463082030586520e-02 5.567936811729623514e-02 -1.406803526560906903e-02 4.346606214204484786e-02 -4.003196576263690076e-02 -4.396241437291337206e-02 2.995341934274620144e-02 -1.262943684293418301e-01
-1.490356247063800765e+00 -9.479752215939925009e-01 -3.612857077057185506e-01 -3.895400674715574496e-01 3.003536875555425922e-01 -9.290077114999917285e-02 1.260058730670721161e-01 3.676750384371985092e-02 -4.078832843215423054e-01 1.374413773081641921e-01 1.417830965472148819e-01 -5.232299187608191460e-02 3.001416738731563782e-01 1.129577437846762678e-01 1.944677019391463091e-01 3.907773869001403000e-01 2.609643019178520262e-01 2.693713792743324120e-02 5.736959670134069711e-01 -1.859490489445363437e-01 1.356188985957373916e-01 5.796209830403711294e-01 -2.884558652736188833e-01 2.969148466519300200e-02 -1.224180306184621259e-01 1.830481331475652951e-02 1.825490136717462519e-01 -1.053680494621289654e-01 5.512489248180827417e-01 3.451282333856511286e-01
5.840529008286807766e-01 1.105612328515064746e+00 3.803271653639512806e-01 8.988973278775347353e-02 1.717810267019217463e-01 -1.952488088323889315e-01 -2.701711825700385816e-01 -4.140543116585604366e-01 2.815844368296893663e-02 -1.290858639685552589e-01 -5.441326326176749717e-01 2.096052713234257681e-01 7.509711625380077749e-02 -1.332938017341689374e-01 -1.812583903534914498e-01 -2.630824138436196336e-01 1.897500205247411031e-01 -1.232580341894617959e-01 -1.859490489445363437e-01 6.183356677782398947e-01 -4.531239029029165977e-02 -1.554872863740399680e-01 2.826670925287544378e-03 -1.632490698802939733e-01 1.846754589502097588e-01 -2.973288897431984878e-01 5.982411886992622385e-02 7.005892440673733290e-02 -6.994961578333231955e-01 3.041148098941448552e-02
-3.937851028027807843e-01 -2.571825781535608257e-01 -2.795020830529892919e-02 -8.386059395985512310e-02 4.060325773673412186e-02 6.951285230024950579e-02 1.417847595121202176e-02 6.177045196858443887e-02 -4.041510889004484852e-02 2.075664117120368246e-02 3.474029864901240217e-02 -1.026450446236140124e-01 6.123347467570283698e-02 2.621559166874476432e-02 -6.498759474942517045e-02 2.446353457406758025e-02 6.468337176698923940e-02 -3.405000457860296592e-02 1.356188985957373916e-01 -4.531239029029165977e-02 1.071291065157424782e-01 2.005643184244547683e-01 -1.018908631215822425e-01 3.476258655393849040e-02 -2.526567950155822473e-03 1.012248508385482637e-02 2.530111588430372649e-02 2.335729320361679129e-02 1.662503508430290822e-01 3.334224073665836841e-02
-1.593311158396886640e+00 -8.900801417058232801e-01 -2.197458647992789338e-01 -4.063017271979560974e-01 3.691019511487638738e-01 -9.690461319206633561e-02 1.094135016149380135e-01 -9.526307352342655577e-02 -4.938356011680014035e-01 8.037121237242672578e-02 -2.834775349248275234e-02 1.374286908657040840e-03 3.157661329515804027e-01 1.670616123909098860e-01 1.560924471691294002e-01 2.576205048536053255e-01 4.651172336043316591e-01 -1.247295112722213162e-01 5.796209830403711294e-01 -1.554872863740399680e-01 2.005643184244547683e-01 8.272355613834747601e-01 -4.433459433128348337e-01 -4.858278505810176284e-02 -1.104014535096382588e-01 -2.536177328539679365e-02 1.788175646838112698e-01 -6.001249973309086272e-02 6.366038880198630068e-01 4.469501988079400689e-01
9.067856193667580555e-01 4.111770477549043790e-01 3.011148781058636814e-02 2.375126061580203896e-01 -2.861390919492805551e-01 1.041867823403208604e-01 -1.401275529436247780e-01 1.096927278472321632e-01 4.667746975497379935e-01 -5.561023799498343578e-02 1.294658948748406146e-01 -4.660477829798992389e-02 -2.338972038069186965e-01 -1.145012222903005750e-01 -1.735692078336796840e-01 -1.104977122208765650e-01 -4.036336059837140056e-01 9.856463082030586520e-02 -2.884558652736188833e-01 2.826670925287544378e-03 -1.018908631215822425e-01 -4.433459433128348337e-01 4.176793529094311452e-01 6.469646563220976532e-02 1.149485581438511872e-01 1.018697112542668037e-01 -1.094477424713318214e-01 1.268728856189227372e-02 -3.684364731229834433e-01 -3.328212174233158294e-01
-1.018610144598142142e-01 -3.650680711868972139e-01 -1.775492004124430423e-01 8.237880345234316337e-03 -1.466228642813121041e-01 1.852771900227594415e-01 5.170411719558387631e-02 2.738817539972160375e-01 1.375272554793127711e-01 6.590987825467209404e-02 2.503808840153283199e-01 -1.924869541104499149e-01 -4.795413583707386351e-02 -5.809803485817610635e-03 -5.251346715999716253e-02 7.546642336632203296e-02 -2.355337641234882540e-01 5.567936811729623514e-02 2.969148466519300200e-02 -1.632490698802939733e-01 3.476258655393849040e-02 -4.858278505810176284e-02 6.469646563220976532e-02 1.621443555359292077e-01 -3.707102585451593768e-02 1.321501286987540880e-01 -3.431257679545751671e-02 4.459136855189171911e-03 1.951742439660506534e-01 -1.185302138782731163e-01
1.250522325543101942e-01 4.560752476218112861e-01 3.788947025576021588e-01 6.215963822876346967e-02 6.333350770239576377e-02 -8.415213596782677996e-02 -1.326772469302568425e-01 -9.808137517194381871e-02 1.208753847089383271e-01 -5.121669921754801180e-02 -9.100739011182668037e-02 -2.184656433155396371e-02 -6.054906739723264764e-02 -3.088282460896607517e-02 -1.402373044286946424e-01 -1.376357217447434778e-01 -6.736339655049050634e-04 -1.406803526560906903e-02 -1.224180306184621259e-01 1.846754589502097588e-01 -2.526567950155822473e-03 -1.104014535096382588e-01 1.149485581438511872e-01 -3.707102585451593768e-02 2.653663835515089886e-01 -1.288877851523579920e-01 -5.881008904532336601e-02 1.623201121533952573e-01 -4.695001553026827423e-01 -1.410581485677084856e-01
1.171742988020696430e-01 -5.404343076280042624e-01 -4.065806868679260333e-01 3.471748675207209089e-02 -2.325154168923972975e-01 2.608212896225836630e-01 4.005421633115702207e-02 3.068188303010401796e-01 2.183974604293439370e-01 1.887050129897716033e-02 2.673700548293709289e-01 -1.093167404040968904e-01 -1.066388253050831736e-01 8.953412551591100055e-04 -3.298822227253594974e-02 9.284155033844854188e-02 -2.968377002649162932e-01 4.346606214204484786e-02 1.830481331475652951e-02 -2.973288897431984878e-01 1.012248508385482637e-02 -2.536177328539679365e-02 1.018697112542668037e-01 1.321501286987540880e-01 -1.288877851523579920e-01 2.991550226307140292e-01 -5.405153347749092063e-02 -6.107499441094432768e-02 3.910068093904328634e-01 -6.202018524879804318e-02
-5.089465575854319468e-01 -1.803677490650557047e-01 -6.112517162790709335e-02 -1.510284429542707585e-01 1.921764114808297563e-01 -6.530579864215724228e-02 1.643125988181282082e-02 -2.848040290808739883e-02 -2.260588425031073712e-01 4.858850121934210620e-02 -7.156166946901976189e-02 -2.791457832364585556e-02 1.805706078076241283e-01 -1.344503843927213893e-02 2.674051324368065252e-02 1.109093867348747153e-01 1.490516403156334491e-01 -4.003196576263690076e-02 1.825490136717462519e-01 5.982411886992622385e-02 2.530111588430372649e-02 1.788175646838112698e-01 -1.094477424713318214e-01 -3.431257679545751671e-02 -5.881008904532336601e-02 -5.405153347749092063e-02 2.487160268166235255e-01 9.187021231582548353e-04 5.630106849247340506e-02 1.539899865408642654e-01
-1.090948870638612789e-01 5.148180956433634492e-02 2.900416189184511495e-01 3.498311810943732780e-02 8.276768023534941676e-02 7.729318464328116534e-02 -1.945175445911218048e-02 1.161489168501361746e-01 2.706056438131554387e-02 -4.408808251412210666e-03 -1.526345293939357362e-02 -1.453207951868193959e-01 -5.161302775184140046e-02 -3.172831958426058918e-02 -1.060203242639090604e-01 -1.275175744465286698e-01 -2.852916703284336108e-02 -4.396241437291337206e-02 -1.053680494621289654e-01 7.005892440673733290e-02 2.335729320361679129e-02 -6.001249973309086272e-02 1.268728856189227372e-02 4.459136855189171911e-03 1.623201121533952573e-01 -6.107499441094432768e-02 9.187021231582548353e-04 2.801631865210083561e-01 -1.965498573331956322e-01 -1.278268499580121897e-01
-1.353224072146645085e+00 -1.938705872185778389e+00 -1.027773036051542022e+00 -3.209827011490347104e-01 -6.165735340130140685e-02 3.946745232965440664e-01 3.610344991815850335e-01 5.298259066465789147e-01 -2.729422590140870852e-01 1.935169315085545350e-01 4.941151056099784000e-01 -1.926747627031204502e-01 1.599011357116637555e-01 1.344698671955484315e-01 2.740156635792914130e-01 4.379524352551698030e-01 -4.410186022056450383e-02 2.995341934274620144e-02 5.512489248180827417e-01 -6.994961578333231955e-01 1.662503508430290822e-01 6.366038880198630068e-01 -3.684364731229834433e-01 1.951742439660506534e-01 -4.695001553026827423e-01 3.910068093904328634e-01 5.630106849247340506e-02 -1.965498573331956322e-01 1.562979507038676275e+00 3.770188116386634647e-01
-8.354466893964627161e-01 -3.240284184053052741e-01 -4.146374562168944067e-01 -3.014326185495974642e-01 3.329563790527458877e-01 -1.763317310628735868e-01 6.019331413773443273e-02 -2.537066732518837853e-01 -4.441091014863332020e-01 4.097691233960176760e-02 -2.443043978439618513e-01 2.738814886855038822e-01 3.174317964730448693e-01 7.559102188793076493e-02 1.825420123855678867e-01 1.950837681855546180e-01 4.009036414454385522e-01 -1.262943684293418301e-01 3.451282333856511286e-01 3.041148098941448552e-02 3.334224073665836841e-02 4.469501988079400689e-01 -3.328212174233158294e-01 -1.185302138782731163e-01 -1.410581485677084856e-01 -6.202018524879804318e-02 1.539899865408642654e-01 -1.278268499580121897e-01 3.770188116386634647e-01 6.361466133685098612e-01
