5.700297541373515742e+00 3.381668145343894594e+00 1.121952292892501646e+00 1.222442275702860570e+00 -1.159184000704499340e+00 -2.373007510460070080e-01 -7.004798947799599773e-01 -8.077734259017006480e-01 1.201634827874556777e+00 -7.629103952318132542e-01 -9.650895014919456116e-01 3.904611830759563418e-01 -1.049439470363154214e+00 -2.083864655238585328e-01 -9.434307912148938158e-01 -1.303447944794015712e+00 -8.118413539620519259e-01 -1.226792915741157231e-01 -1.606107683774780526e+00 6.277305221153142156e-01 -1.938068206629850465e-02 -1.607584422101126620e+00 9.967937504677024663e-01 2.325806611538610014e-01 1.974398420641136909e-01 2.205841591454600348e-01 -5.143734083609388108e-01 -9.021101473922499281e-02 -1.274501753858373831e+00 -1.109465449492631706e+00
3.381668145343894594e+00 4.032019161965820331e+00 1.576770235713524926e+00 7.009284399360922180e-01 -3.710663905171145416e-01 -6.360764022126659256e-01 -6.719942770159832435e-01 -1.491269985083931715e+00 3.670315828366597088e-01 -5.884246453971968549e-01 -1.554658135274166852e+00 5.266938003842369653e-01 -3.747374275605466210e-01 -2.355117240990693972e-01 -7.766781021622932712e-01 -9.969881969292941903e-01 -2.387553591808000419e-02 -1.880783394800005226e-01 -9.646019565000756302e-01 1.007236476355387822e+00 6.226415769583582005e-02 -8.905277224963015215e-01 5.635976120872783213e-01 -1.046488033528021333e-01 4.206722947728849249e-01 -3.073011566461332222e-01 -3.163160103560471725e-01 -1.599323970435762021e-02 -1.619170681089372010e+00 -5.109621577311145302e-01
1.121952292892501646e+00 1.576770235713524926e+00 1.961173054655716896e+00 2.807071861095096210e-01 1.115966399543140142e-01 -6.102380528170101570e-01 -2.386927062721042603e-01 -6.335227466400397134e-01 -1.041542415421758960e-01 -2.764380240360537755e-01 -4.865090598188999138e-01 5.710470151882418577e-03 -2.580319499961092333e-01 7.878888240207970739e-02 -2.753967113219459861e-01 -5.572741424732612359e-01 3.107425058406647622e-01 -9.122240708541085041e-02 -4.588917188805510250e-01 5.095009463366864111e-01 6.444463763114072208e-02 -2.935602181641456809e-01 1.095698002858966902e-01 -1.767582580683892957e-01 4.280094161105125750e-01 -4.298725081110887913e-01 -1.805923987999449309e-01 2.522203496684483071e-01 -1.147064398624991099e+00 -5.929683820356217439e-01
1.222442275702860570e+00 7.009284399360922180e-01 2.807071861095096210e-01 4.276086123904860870e-01 -2.980018311382082175e-01 1.310297961538253730e-03 -1.455952164673135485e-01 -1.004456603540120341e-01 4.002751045418904141e-01 -1.694861398977423050e-01 -1.293889408844393074e-01 1.701041836020067421e-02 -2.997831578600198554e-01 -5.546516308089621816e-02 -2.464771651864339219e-01 -3.290753770586434257e-01 -2.709154875031458687e-01 -3.379158771133461414e-02 -4.087560233995759518e-01 8.975371838704404581e-02 -4.690266779391549790e-03 -4.025196055123956285e-01 2.504565934727338572e-01 9.072970050726780755e-02 6.944340196292841938e-02 7.465197995861672098e-02 -1.503854450904782425e-01 3.572028048643005604e-02 -2.615739083746575488e-01 -3.546879275426135791e-01
-1.159184000704499340e+00 -3.710663905171145416e-01 1.115966399543140142e-01 -2.980018311382082175e-01 8.531060281392797151e-01 -1.283982515675461400e-01 1.979590916948836821e-02 -1.081306801842174536e-01 -5.911246151595719311e-01 1.591055940750720765e-01 -2.920688588686175535e-01 1.335210313114316705e-01 3.817057112059387691e-01 -3.351653126583187259e-02 2.704452545327171720e-01 1.982601504678882520e-01 4.527345909019686587e-01 1.121884007284279505e-02 2.672230796374037709e-01 2.225882981493896295e-01 -7.473632308006017411e-03 2.962641097601022011e-01 -2.333932799095919108e-01 -2.376107298378542509e-01 7.068019513394574460e-02 -2.807829412828368731e-01 1.365099323247704888e-01 6.415121172415183537e-02 -2.094700361483887718e-01 3.013152179735243408e-01
-2.373007510460070080e-01 -6.360764022126659256e-01 -6.102380528170101570e-01 1.310297961538253730e-03 -1.283982515675461400e-01 5.650038785713604739e-01 8.882885894149694650e-02 4.941342205162300161e-01 1.984495041411378224e-01 8.962905821277900031e-02 2.274776791778094776e-01 -2.608661484407548414e-01 -7.889258165846513293e-03 -7.004135872034567001e-02 -5.927962567989197851e-02 1.267929120996313941e-02 -2.393874237058639665e-01 -6.223984679536442854e-03 9.149904652133500349e-03 -1.599928155717975642e-01 4.202926424738961941e-02 1.271313969374432418e-02 -1.450412506204656893e-02 1.354521069786756016e-01 -7.157156469412484512e-02 1.678973447038742961e-01 3.915266042957910031e-02 1.024515561387033813e-01 3.588907472798723575e-01 -4.348159184866062787e-02
-7.004798947799599773e-01 -6.719942770159832435e-01 -2.386927062721042603e-01 -1.455952164673135485e-01 1.979590916948836821e-02 8.882885894149694650e-02 3.136479195610490933e-01 2.731512804754743229e-01 -2.190821376468647941e-01 1.522110511006644629e-01 3.677841223856717079e-01 -9.545483797955967020e-02 5.654029098388946295e-02 6.570658778707638703e-02 2.986220739070972741e-01 2.081997045733601226e-01 3.602698528135306333e-02 7.836862912017750205e-02 1.401699225907009350e-01 -2.595639790938548686e-01 -5.170811525016461019e-02 1.173615640909702051e-01 -1.648829551928088222e-01 4.250640174063846644e-03 -1.299453787145239403e-01 1.043320233713984635e-02 3.386556363017234617e-02 -1.210913103312805106e-02 3.235436690480355537e-01 1.010015343101144936e-01
-8.077734259017006480e-01 -1.491269985083931715e+00 -6.335227466400397134e-01 -1.004456603540120341e-01 -1.081306801842174536e-01 4.941342205162300161e-01 2.731512804754743229e-01 9.331403798079236367e-01 1.525818462432084743e-01 2.575877872301362004e-01 7.695396171644688366e-01 -4.426877015570767071e-01 2.688304985667855362e-03 -4.175138296238856128e-02 1.843047070781835828e-01 2.724906737798846734e-01 -3.626126568142922224e-01 1.170319922237013088e-01 1.183836620017189034e-01 -3.789385769698583317e-01 -3.415559449058491737e-02 -1.034331125163134857e-02 -3.600100608844059025e-02 2.022135171071681725e-01 -1.214891946523835031e-01 2.004840760034198865e-01 8.062962896951830771e-02 1.157507048267802929e-01 5.155412734614515102e-01 -1.205300013379542179e-01
1.201634827874556777e+00 3.670315828366597088e-01 -1.041542415421758960e-01 4.002751045418904141e-01 -5.911246151595719311e-01 1.984495041411378224e-01 -2.190821376468647941e-01 1.525818462432084743e-01 8.312006006026422256e-01 -1.441742569671760066e-01 1.994646005485378737e-01 -1.591299855776924232e-01 -3.713035196078635636e-01 -9.352402168985918252e-02 -4.566096515984554571e-01 -2.514785414234097516e-01 -6.183759458706958867e-01 -1.583009734406459756e-02 -3.430434005859126501e-01 -6.248664322697550233e-02 3.622492575686919736e-02 -4.184893201717159172e-01 4.147619192480647143e-01 2.832859739304467439e-01 1.008771016227569817e-01 2.933749347570824284e-01 -1.578974437130682418e-01 4.478443052209968300e-02 -6.170426268261053337e-02 -4.555399715843577724e-01
-7.629103952318132542e-01 -5.884246453971968549e-01 -2.764380240360537755e-01 -1.694861398977423050e-01 1.591055940750720765e-01 8.962905821277900031e-02 1.522110511006644629e-01 2.575877872301362004e-01 -1.441742569671760066e-01 2.079894427481576713e-01 2.547160436748754364e-01 -1.184525536581304550e-01 1.572905469967622594e-01 -3.284977649866505089e-02 2.213570563976077210e-01 2.245690640095290291e-01 -9.730564211281489406e-03 7.699348908914771528e-02 1.618270149463398866e-01 -1.174960158047611003e-01 -2.960501602080967132e-02 9.428879983016713595e-02 -8.695983408506435808e-02 2.547091903761611320e-02 -5.888691239533727639e-02 -1.091238318139176044e-02 6.635968926536861545e-02 -6.892771885759430006e-03 1.749646897002890000e-01 8.885925951648232513e-02
-9.650895014919456116e-01 -1.554658135274166852e+00 -4.865090598188999138e-01 -1.293889408844393074e-01 -2.920688588686175535e-01 2.274776791778094776e-01 3.677841223856717079e-01 7.695396171644688366e-01 1.994646005485378737e-01 2.547160436748754364e-01 1.146364369922309834e+00 -4.135357756696294018e-01 -9.733952315696114965e-02 8.159673561834779321e-02 2.565890715271166300e-01 4.157654263601102684e-01 -4.100435084312721301e-01 1.898663011075996110e-01 2.223253565192635506e-01 -5.886019421062087531e-01 -6.845347093928921822e-02 4.796411573374825821e-02 1.266253696161356856e-02 2.462576906721096748e-01 -1.203187170312389753e-01 2.408804300757765304e-01 2.382993613588269000e-02 3.581527597702915955e-03 5.943294347384835419e-01 -1.749869139787278982e-01
3.904611830759563418e-01 5.266938003842369653e-01 5.710470151882418577e-03 1.701041836020067421e-02 1.335210313114316705e-01 -2.608661484407548414e-01 -9.545483797955967020e-02 -4.426877015570767071e-01 -1.591299855776924232e-01 -1.184525536581304550e-01 -4.135357756696294018e-01 4.334138178851389966e-01 1.941131252652894545e-02 3.724738612834244122e-02 1.729441304041756666e-02 -5.059740880471963465e-02 1.866880713045020457e-01 -4.233360238842465151e-02 -3.080912406156244288e-02 1.199187077344276986e-01 -3.788371635818066352e-02 8.709062444893334032e-03 4.138765662730747863e-03 -1.223258478656816806e-01 -1.926491958914766656e-02 -3.847994838343993251e-02 -4.931007298142731088e-02 -1.210138356508423385e-01 -1.135046423265748672e-01 2.154314187469026365e-01
-1.049439470363154214e+00 -3.747374275605466210e-01 -2.580319499961092333e-01 -2.997831578600198554e-01 3.817057112059387691e-01 -7.889258165846513293e-03 5.654029098388946295e-02 2.688304985667855362e-03 -3.713035196078635636e-01 1.572905469967622594e-01 -9.733952315696114965e-02 1.941131252652894545e-02 3.733445614738002405e-01 -3.962872122559701893e-02 1.733809484578614502e-01 2.421521592819146917e-01 2.905301648000886416e-01 6.341359640742894044e-03 3.304736952987354925e-01 5.620728230252325375e-02 1.713421927973968195e-02 3.150129275718711597e-01 -2.354401379545834061e-01 -1.099039885264687655e-01 -7.497853323917524904e-02 -1.269947439003544787e-01 1.719333428641220962e-01 -5.061327819419148000e-02 1.430086395904481833e-01 3.589280177151863427e-01
-2.083864655238585328e-01 -2.355117240990693972e-01 7.878888240207970739e-02 -5.546516308089621816e-02 -3.351653126583187259e-02 -7.004135872034567001e-02 6.570658778707638703e-02 -4.175138296238856128e-02 -9.352402168985918252e-02 -3.284977649866505089e-02 8.159673561834779321e-02 3.724738612834244122e-02 -3.962872122559701893e-02 2.027141766464524153e-01 4.790018200412760052e-02 3.938262310509799136e-02 1.447389209860716619e-01 -2.953969630380015587e-02 1.007291878454168454e-01 -1.535555155955421469e-01 5.508579855643347400e-03 1.725304517644872249e-01 -1.186811717480509287e-01 -2.281711543906794759e-02 -2.811363288918755643e-02 1.361711703151513575e-02 -1.816637247537755684e-02 -1.390452114071649703e-02 1.403491732550037341e-01 6.464335306907287304e-02
-9.434307912148938158e-01 -7.766781021622932712e-01 -2.753967113219459861e-01 -2.464771651864339219e-01 2.704452545327171720e-01 -5.927962567989197851e-02 2.986220739070972741e-01 1.843047070781835828e-01 -4.566096515984554571e-01 2.213570563976077210e-01 2.565890715271166300e-01 1.729441304041756666e-02 1.733809484578614502e-01 4.790018200412760052e-02 6.107841589931695125e-01 3.417703035605939021e-01 1.914704979043335697e-01 1.340768961114235935e-01 2.211436596334976912e-01 -2.260033060819068851e-01 -1.169780000087143890e-01 1.854382313250084735e-01 -2.052415141577625946e-01 -9.490205319082178903e-02 -1.609187018260627156e-01 -4.179041303581243483e-02 3.292237596980385206e-02 -9.088797876762555461e-02 2.990027709985270121e-01 2.080887973400535884e-01
-1.303447944794015712e+00 -9.969881969292941903e-01 -5.572741424732612359e-01 -3.290753770586434257e-01 1.982601504678882520e-01 1.267929120996313941e-02 2.081997045733601226e-01 2.724906737798846734e-01 -2.514785414234097516e-01 2.245690640095290291e-01 4.157654263601102684e-01 -5.059740880471963465e-02 2.421521592819146917e-01 3.938262310509799136e-02 3.417703035605939021e-01 5.160815324343843713e-01 3.022012895843317892e-02 1.380001513458921636e-01 4.237819046064146278e-01 -2.432256567368256128e-01 -6.475291497875446112e-02 2.660306554316775873e-01 -1.465254710767567303e-01 1.471594668555553653e-02 -1.369141621061658043e-01 4.243540115243149558e-02 1.480375878270479006e-01 -1.113781596687317688e-01 3.881849449273886421e-01 2.688996831849976843e-01
-8.118413539620519259e-01 -2.387553591808000419e-02 3.107425058406647622e-01 -2.709154875031458687e-01 4.527345909019686587e-01 -2.393874237058639665e-01 3.602698528135306333e-02 -3.626126568142922224e-01 -6.183759458706958867e-01 -9.730564211281489406e-03 -4.100435084312721301e-01 1.866880713045020457e-01 2.905301648000886416e-01 1.447389209860716619e-01 1.914704979043335697e-01 3.022012895843317892e-02 7.278658627176355367e-01 -9.524474072998145857e-02 2.928946674520318538e-01 9.274542947764530254e-02 5.319626820977418902e-02 5.070931254599315707e-01 -4.040110473474101127e-01 -3.038419541206849317e-01 -4.313382253252484588e-02 -2.629629120887102545e-01 9.933928948538550685e-02 -2.114366741682260908e-02 4.542078939374505353e-02 4.154123974655021811e-01
-1.226792915741157231e-01 -1.880783394800005226e-01 -9.122240708541085041e-02 -3.379158771133461414e-02 1.121884007284279505e-02 -6.223984679536442854e-03 7.836862912017750205e-02 1.170319922237013088e-01 -1.583009734406459756e-02 7.699348908914771528e-02 1.898663011075996110e-01 -4.233360238842465151e-02 6.341359640742894044e-03 -2.953969630380015587e-02 1.340768961114235935e-01 1.380001513458921636e-01 -9.524474072998145857e-02 1.661936748481025461e-01 1.812115308027273386e-02 -6.890634498341796643e-02 -4.520660493949435477e-02 -9.941999159505598982e-02 6.233957203795625901e-02 2.796966196905259494e-02 -1.068580720107092930e-02 3.871290267738913826e-03 -3.589988937306998196e-02 -5.124801921203925303e-02 -2.559183060270697752e-03 -9.152384819742565014e-02
-1.606107683774780526e+00 -9.646019565000756302e-01 -4.588917188805510250e-01 -4.087560233995759518e-01 2.672230796374037709e-01 9.149904652133500349e-03 1.401699225907009350e-01 1.183836620017189034e-01 -3.430434005859126501e-01 1.618270149463398866e-01 2.223253565192635506e-01 -3.080912406156244288e-02 3.304736952987354925e-01 1.007291878454168454e-01 2.211436596334976912e-01 4.237819046064146278e-01 2.928946674520318538e-01 1.812115308027273386e-02 5.946084965150930657e-01 -1.827675353839595118e-01 2.548594992720154551e-02 5.774687637857596201e-01 -3.100182933594908263e-01 -7.937226398749430700e-02 -1.249445768299892734e-01 -2.764576120628703393e-02 1.945212477887992009e-01 -8.852091088135694008e-02 4.834771633397281221e-01 4.436946059743149817e-01
6.277305221153142156e-01 1.007236476355387822e+00 5.095009463366864111e-01 8.975371838704404581e-02 2.225882981493896295e-01 -1.599928155717975642e-01 -2.595639790938548686e-01 -3.789385769698583317e-01 -6.248664322697550233e-02 -1.174960158047611003e-01 -5.886019421062087531e-01 1.199187077344276986e-01 5.620728230252325375e-02 -1.535555155955421469e-01 -2.260033060819068851e-01 -2.432256567368256128e-01 9.274542947764530254e-02 -6.890634498341796643e-02 -1.827675353839595118e-01 5.350429615238567749e-01 5.922302117573963187e-02 -1.687121504224649016e-01 5.738058411111524038e-02 -1.002789981937439734e-01 1.538133940661623456e-01 -2.208150263156767323e-01 -6.535906490341858444e-03 4.425936325196744292e-02 -5.730822881207018327e-01 -6.443905876585631631e-02
-1.938068206629850465e-02 6.226415769583582005e-02 6.444463763114072208e-02 -4.690266779391549790e-03 -7.473632308006017411e-03 4.202926424738961941e-02 -5.170811525016461019e-02 -3.415559449058491737e-02 3.622492575686919736e-02 -2.960501602080967132e-02 -6.845347093928921822e-02 -3.788371635818066352e-02 1.713421927973968195e-02 5.508579855643347400e-03 -1.169780000087143890e-01 -6.475291497875446112e-02 5.319626820977418902e-02 -4.520660493949435477e-02 2.548594992720154551e-02 5.922302117573963187e-02 7.439863008869451733e-02 8.542768842639247850e-02 -4.612921499352751198e-02 -1.105988536897939412e-02 2.685859525462319652e-02 -1.933099740728039251e-02 -9.912917259157438821e-03 1.522990382545685861e-02 -4.647985671851984080e-03 3.943432297830895550e-03
-1.607584422101126620e+00 -8.905277224963015215e-01 -2.935602181641456809e-01 -4.025196055123956285e-01 2.962641097601022011e-01 1.271313969374432418e-02 1.173615640909702051e-01 -1.034331125163134857e-02 -4.184893201717159172e-01 9.428879983016713595e-02 4.796411573374825821e-02 8.709062444893334032e-03 3.150129275718711597e-01 1.725304517644872249e-01 1.854382313250084735e-01 2.660306554316775873e-01 5.070931254599315707e-01 -9.941999159505598982e-02 5.774687637857596201e-01 -1.687121504224649016e-01 8.542768842639247850e-02 8.008300107474326524e-01 -4.395156574899772295e-01 -1.837095149567176122e-01 -1.146466400999770485e-01 -6.048645134882235652e-02 1.645076088338441878e-01 -4.624178305229520447e-02 5.457325565661221844e-01 5.383831876230829039e-01
9.967937504677024663e-01 5.635976120872783213e-01 1.095698002858966902e-01 2.504565934727338572e-01 -2.333932799095919108e-01 -1.450412506204656893e-02 -1.648829551928088222e-01 -3.600100608844059025e-02 4.147619192480647143e-01 -8.695983408506435808e-02 1.266253696161356856e-02 4.138765662730747863e-03 -2.354401379545834061e-01 -1.186811717480509287e-01 -2.052415141577625946e-01 -1.465254710767567303e-01 -4.040110473474101127e-01 6.233957203795625901e-02 -3.100182933594908263e-01 5.738058411111524038e-02 -4.612921499352751198e-02 -4.395156574899772295e-01 4.225964893112177378e-01 1.401082716131440975e-01 1.354419965609281462e-01 1.030969063061206725e-01 -9.625779748017748716e-02 6.497431731986580417e-04 -3.672467251551552181e-01 -3.687863454345574610e-01
2.325806611538610014e-01 -1.046488033528021333e-01 -1.767582580683892957e-01 9.072970050726780755e-02 -2.376107298378542509e-01 1.354521069786756016e-01 4.250640174063846644e-03 2.022135171071681725e-01 2.832859739304467439e-01 2.547091903761611320e-02 2.462576906721096748e-01 -1.223258478656816806e-01 -1.099039885264687655e-01 -2.281711543906794759e-02 -9.490205319082178903e-02 1.471594668555553653e-02 -3.038419541206849317e-01 2.796966196905259494e-02 -7.937226398749430700e-02 -1.002789981937439734e-01 -1.105988536897939412e-02 -1.837095149567176122e-01 1.401082716131440975e-01 1.810257029586068711e-01 2.169672775039543922e-03 1.321125088812777904e-01 -4.110688977715426518e-02 3.068217751433621743e-03 4.850385158925973883e-02 -1.815811489129259826e-01
1.974398420641136909e-01 4.206722947728849249e-01 4.280094161105125750e-01 6.944340196292841938e-02 7.068019513394574460e-02 -7.157156469412484512e-02 -1.299453787145239403e-01 -1.214891946523835031e-01 1.008771016227569817e-01 -5.888691239533727639e-02 -1.203187170312389753e-01 -1.926491958914766656e-02 -7.497853323917524904e-02 -2.811363288918755643e-02 -1.609187018260627156e-01 -1.369141621061658043e-01 -4.313382253252484588e-02 -1.068580720107092930e-02 -1.249445768299892734e-01 1.538133940661623456e-01 2.685859525462319652e-02 -1.146466400999770485e-01 1.354419965609281462e-01 2.169672775039543922e-03 2.415730568286562630e-01 -7.794424716712455847e-02 -9.634695080529809275e-02 1.318608645996164341e-01 -3.896076155573382493e-01 -1.991273606857362211e-01
2.205841591454600348e-01 -3.073011566461332222e-01 -4.298725081110887913e-01 7.465197995861672098e-02 -2.807829412828368731e-01 1.678973447038742961e-01 1.043320233713984635e-02 2.004840760034198865e-01 2.933749347570824284e-01 -1.091238318139176044e-02 2.408804300757765304e-01 -3.847994838343993251e-02 -1.269947439003544787e-01 1.361711703151513575e-02 -4.179041303581243483e-02 4.243540115243149558e-02 -2.629629120887102545e-01 3.871290267738913826e-03 -2.764576120628703393e-02 -2.208150263156767323e-01 -1.933099740728039251e-02 -6.048645134882235652e-02 1.030969063061206725e-01 1.321125088812777904e-01 -7.794424716712455847e-02 2.549977639224039194e-01 -3.097966830824816498e-02 -4.412219135014083804e-02 2.587856307575862047e-01 -3.680174991256990324e-02
-5.143734083609388108e-01 -3.163160103560471725e-01 -1.805923987999449309e-01 -1.503854450904782425e-01 1.365099323247704888e-01 3.915266042957910031e-02 3.386556363017234617e-02 8.062962896951830771e-02 -1.578974437130682418e-01 6.635968926536861545e-02 2.382993613588269000e-02 -4.931007298142731088e-02 1.719333428641220962e-01 -1.816637247537755684e-02 3.292237596980385206e-02 1.480375878270479006e-01 9.933928948538550685e-02 -3.589988937306998196e-02 1.945212477887992009e-01 -6.535906490341858444e-03 -9.912917259157438821e-03 1.645076088338441878e-01 -9.625779748017748716e-02 -4.110688977715426518e-02 -9.634695080529809275e-02 -3.097966830824816498e-02 2.409485882707258497e-01 -1.811922166535850920e-02 1.279470532402342542e-01 1.616961822020357431e-01
-9.021101473922499281e-02 -1.599323970435762021e-02 2.522203496684483071e-01 3.572028048643005604e-02 6.415121172415183537e-02 1.024515561387033813e-01 -1.210913103312805106e-02 1.157507048267802929e-01 4.478443052209968300e-02 -6.892771885759430006e-03 3.581527597702915955e-03 -1.210138356508423385e-01 -5.061327819419148000e-02 -1.390452114071649703e-02 -9.088797876762555461e-02 -1.113781596687317688e-01 -2.114366741682260908e-02 -5.124801921203925303e-02 -8.852091088135694008e-02 4.425936325196744292e-02 1.522990382545685861e-02 -4.624178305229520447e-02 6.497431731986580417e-04 3.068217751433621743e-03 1.318608645996164341e-01 -4.412219135014083804e-02 -1.811922166535850920e-02 2.383868066543186615e-01 -1.332280379277221982e-01 -1.364856922921262594e-01
-1.274501753858373831e+00 -1.619170681089372010e+00 -1.147064398624991099e+00 -2.615739083746575488e-01 -2.094700361483887718e-01 3.588907472798723575e-01 3.235436690480355537e-01 5.155412734614515102e-01 -6.170426268261053337e-02 1.749646897002890000e-01 5.943294347384835419e-01 -1.135046423265748672e-01 1.430086395904481833e-01 1.403491732550037341e-01 2.990027709985270121e-01 3.881849449273886421e-01 4.542078939374505353e-02 -2.559183060270697752e-03 4.834771633397281221e-01 -5.730822881207018327e-01 -4.647985671851984080e-03 5.457325565661221844e-01 -3.672467251551552181e-01 4.850385158925973883e-02 -3.896076155573382493e-01 2.587856307575862047e-01 1.279470532402342542e-01 -1.332280379277221982e-01 1.214543458005437060e+00 4.951364324545579620e-01
-1.109465449492631706e+00 -5.109621577311145302e-01 -5.929683820356217439e-01 -3.546879275426135791e-01 3.013152179735243408e-01 -4.348159184866062787e-02 1.010015343101144936e-01 -1.205300013379542179e-01 -4.555399715843577724e-01 8.885925951648232513e-02 -1.749869139787278982e-01 2.154314187469026365e-01 3.589280177151863427e-01 6.464335306907287304e-02 2.080887973400535884e-01 2.688996831849976843e-01 4.154123974655021811e-01 -9.152384819742565014e-02 4.436946059743149817e-01 -6.443905876585631631e-02 3.943432297830895550e-03 5.383831876230829039e-01 -3.687863454345574610e-01 -1.815811489129259826e-01 -1.991273606857362211e-01 -3.680174991256990324e-02 1.616961822020357431e-01 -1.364856922921262594e-01 4.951364324545579620e-01 7.759344628539111000e-01
