5.609215465598481387e+00 3.546813599571976283e+00 1.214377912004238169e+00 1.255391292169747430e+00 -1.163180911848201049e+00 -3.848896632302967191e-01 -6.378088765658276316e-01 -1.043208150609643781e+00 9.912814282070030458e-01 -7.525815688806005710e-01 -1.221654278813389283e+00 3.736181798914799401e-01 -1.015290379869384196e+00 -2.561941809115069191e-01 -1.041416531229856446e+00 -1.350835269832998620e+00 -9.203564916851973976e-01 -8.374779927459030660e-02 -1.662049412690350891e+00 6.506274733395684962e-01 1.066341787798705809e-01 -1.634287986132221704e+00 1.107733877345594919e+00 3.680434553247096119e-01 2.385079723298417775e-01 4.135274331926552804e-01 -5.080916515296394209e-01 -5.026341141376633459e-02 -1.114106652624855087e+00 -1.035810426122225181e+00
3.546813599571976283e+00 4.109449984646971643e+00 1.622285481683377384e+00 7.881186167709302026e-01 -5.318870655646605883e-01 -7.161793614645830530e-01 -6.098383715945487893e-01 -1.669186133294601859e+00 2.507191539934296998e-01 -6.058182780895435826e-01 -1.788162542004783973e+00 4.927867122100337838e-01 -3.864085237363497072e-01 -3.129559909479553426e-01 -9.091264200600903678e-01 -1.093239376017038467e+00 -1.822102583666946884e-01 -1.228585616665895941e-01 -1.079200593534125119e+00 1.084143338908802434e+00 1.765192171336593674e-01 -9.860320066064787170e-01 7.935853853517755851e-01 4.186112042714285053e-02 4.461442402936199869e-01 -3.978095228904976466e-02 -3.485022636974122179e-01 -2.053870463959128756e-02 -1.462994578062705386e+00 -4.875053729140290670e-01
1.214377912004238169e+00 1.622285481683377384e+00 1.894541176660936799e+00 3.142063664796523881e-01 4.392495426384357415e-02 -6.636667380628296087e-01 -2.071013631296523272e-01 -7.320267714696910843e-01 -2.057637228813860020e-01 -2.920524015972318921e-01 -6.511595739433460039e-01 2.049356245777289587e-02 -2.551337219384208765e-01 2.180478344041603123e-02 -3.154758198929243918e-01 -6.132485213266818391e-01 2.425999597526242724e-01 -3.600085738588632012e-02 -5.216304267513862669e-01 5.567182211834165173e-01 1.390785540224896977e-01 -3.318993426597671714e-01 2.295664894336368889e-01 -1.030182896891460587e-01 4.405653135398779341e-01 -2.843876945075294316e-01 -1.941583265312942785e-01 2.519156308567289670e-01 -1.049326456610970126e+00 -5.360296227116805312e-01
1.255391292169747430e+00 7.881186167709302026e-01 3.142063664796523881e-01 4.419093303282579654e-01 -3.078214211961380897e-01 -4.222972334753194446e-02 -1.409424135589461002e-01 -1.758286891983971145e-01 3.628766483604408677e-01 -1.767582427115712562e-01 -2.057387182616707832e-01 2.822997428074813797e-02 -3.006290017846140472e-01 -7.278018620974080477e-02 -2.866831206113147346e-01 -3.466171662961983202e-01 -3.124967467446140290e-01 -2.974605189183421317e-02 -4.299486568686461396e-01 9.203336102132197993e-02 1.924692892242774178e-02 -4.215748108986758780e-01 2.864286682172973997e-01 1.252651542307035015e-01 8.007869265463796182e-02 1.299331420507314760e-01 -1.559854245932683625e-01 3.909137645985083509e-02 -2.218481779996182013e-01 -3.351816939376703886e-01
-1.163180911848201049e+00 -5.318870655646605883e-01 4.392495426384357415e-02 -3.078214211961380897e-01 8.331791199915414836e-01 -6.559560465177582955e-02 2.059026725436297056e-02 -1.279634351459435493e-02 -5.513964635382535562e-01 1.761886081361012657e-01 -2.077291796389886258e-01 1.121047297889958827e-01 3.735416072982502556e-01 -1.471627380840345722e-02 3.117216317649535995e-01 2.139754904237065603e-01 4.749474126916766181e-01 3.161764603225947212e-02 2.673593744379161308e-01 2.126918074666832581e-01 -1.827268801218906447e-02 2.906589203930138865e-01 -2.341352018309521554e-01 -2.560743215077536661e-01 6.010380419451166745e-02 -2.993463080650258235e-01 1.326396106263132424e-01 6.858311037251496600e-02 -2.202080301142927965e-01 2.593301118775457326e-01
-3.848896632302967191e-01 -7.161793614645830530e-01 -6.636667380628296087e-01 -4.222972334753194446e-02 -6.559560465177582955e-02 5.872411126322845121e-01 8.916322759552031130e-02 5.253031919806971928e-01 2.107040373707036451e-01 1.205726741131911695e-01 2.873486945786680735e-01 -2.339848460658799922e-01 2.561678667080968808e-02 -6.449312749174396231e-02 -2.621007584673407109e-02 8.042136323530257869e-02 -2.336922261990821426e-01 -3.385886163044915520e-02 6.757370339633439471e-02 -2.114229858962630715e-01 -1.274887894965104351e-03 5.295402896763334866e-02 -7.038238931642126772e-02 1.138467049341329584e-01 -9.387935212225784198e-02 1.431260467153947502e-01 5.193225948573854112e-02 8.469659086972569639e-02 4.059884192536742376e-01 -4.729202191811054945e-03
-6.378088765658276316e-01 -6.098383715945487893e-01 -2.071013631296523272e-01 -1.409424135589461002e-01 2.059026725436297056e-02 8.916322759552031130e-02 2.840766588582255281e-01 2.755329116961320324e-01 -1.789133966991585112e-01 1.330331441641305901e-01 3.852127149759212443e-01 -9.044720921241378164e-02 4.192849519233732281e-02 8.338602013219542641e-02 2.946285712734493245e-01 1.920279380145188952e-01 6.416683348726337499e-02 6.717624228525664876e-02 1.397839240391931526e-01 -2.504753434996587202e-01 -5.700895627882118788e-02 1.232630784095931631e-01 -1.887797834199318459e-01 -2.160451780054017945e-02 -1.219944967264723346e-01 -4.236225490222977896e-02 3.080581629433254420e-02 -1.336833178532970123e-02 2.625675747318041431e-01 7.330145240899810233e-02
-1.043208150609643781e+00 -1.669186133294601859e+00 -7.320267714696910843e-01 -1.758286891983971145e-01 -1.279634351459435493e-02 5.253031919806971928e-01 2.755329116961320324e-01 1.020608749967209405e+00 1.688224170377452538e-01 2.925938211204766048e-01 9.164061180981093457e-01 -4.175945840353278982e-01 3.890015482022590732e-02 -3.844204382346561033e-03 2.651245886115134454e-01 3.756068816312563285e-01 -3.117455269426727682e-01 9.003109708208967277e-02 2.234435215588916890e-01 -4.780942738390763225e-01 -8.686272200765188245e-02 7.797595658479394842e-02 -1.618887479250474826e-01 1.548030065830516833e-01 -1.624397814243820903e-01 1.244167028696097077e-01 1.086790781175750453e-01 9.742444443327258341e-02 5.761228160785663022e-01 -7.627773699095996562e-02
9.912814282070030458e-01 2.507191539934296998e-01 -2.057637228813860020e-01 3.628766483604408677e-01 -5.513964635382535562e-01 2.107040373707036451e-01 -1.789133966991585112e-01 1.688224170377452538e-01 7.895016314517420142e-01 -1.116408065435052777e-01 2.214829659155839181e-01 -1.518945384979133451e-01 -3.325157975477281980e-01 -1.102461539259707024e-01 -4.481809437422725750e-01 -1.770694333574169832e-01 -6.686976779355404688e-01 -3.462427917725108273e-02 -2.765120337175517307e-01 -1.471582582990436094e-01 2.076570606044469969e-02 -3.715019815956566163e-01 3.788182840112312988e-01 3.151964480894093867e-01 6.339868149802896369e-02 3.572043254137042823e-01 -1.333451419531570536e-01 3.059684532109940847e-02 1.004531703296152045e-01 -3.623594692145388763e-01
-7.525815688806005710e-01 -6.058182780895435826e-01 -2.920524015972318921e-01 -1.767582427115712562e-01 1.761886081361012657e-01 1.205726741131911695e-01 1.330331441641305901e-01 2.925938211204766048e-01 -1.116408065435052777e-01 2.102963601377609848e-01 2.848750502355983372e-01 -1.151211318377818316e-01 1.595727040250380924e-01 -2.301616261433991895e-02 2.291098200686860764e-01 2.298499858209197555e-01 9.256834016582615732e-03 6.425191521833539809e-02 1.681731096451812846e-01 -1.191360664666376579e-01 -4.595552542389214068e-02 9.806155911701353034e-02 -1.130899956414737062e-01 3.921109288114621449e-03 -6.373194681901850345e-02 -4.736267947140504475e-02 7.073086544602347203e-02 -5.914060453335423517e-03 1.455089247696719212e-01 7.618203380133081737e-02
-1.221654278813389283e+00 -1.788162542004783973e+00 -6.511595739433460039e-01 -2.057387182616707832e-01 -2.077291796389886258e-01 2.873486945786680735e-01 3.852127149759212443e-01 9.164061180981093457e-01 2.214829659155839181e-01 2.848750502355983372e-01 1.321645741539555274e+00 -4.113178179559326963e-01 -6.751261339263692207e-02 1.195059711992598750e-01 3.499478181697668333e-01 5.259825890539104876e-01 -3.662565195544402741e-01 1.662546649425280521e-01 3.427192231362710118e-01 -7.129059101183088387e-01 -1.197457479163404059e-01 1.513013915607643867e-01 -1.329538637275504698e-01 2.020333022284148683e-01 -1.802244570409357038e-01 1.702182381694683500e-01 6.380993633592879632e-02 -1.496054956243142442e-02 6.802311825111360122e-01 -1.086537928443931378e-01
3.736181798914799401e-01 4.927867122100337838e-01 2.049356245777289587e-02 2.822997428074813797e-02 1.121047297889958827e-01 -2.339848460658799922e-01 -9.044720921241378164e-02 -4.175945840353278982e-01 -1.518945384979133451e-01 -1.151211318377818316e-01 -4.113178179559326963e-01 3.877642916929175954e-01 1.178559542717039221e-02 4.123012276539839149e-02 5.643270791665599972e-03 -6.825402077146236479e-02 1.891266280658214782e-01 -2.915812358946823224e-02 -4.127778378270363646e-02 1.388352648708632842e-01 -1.836295910163698863e-02 1.076469842359983886e-03 2.469608899980357819e-02 -1.133401474953643628e-01 -2.342216583201661706e-03 -3.346875739561028240e-02 -4.922606843410903821e-02 -9.726722429388701130e-02 -1.363982977711657441e-01 1.820652565261866584e-01
-1.015290379869384196e+00 -3.864085237363497072e-01 -2.551337219384208765e-01 -3.006290017846140472e-01 3.735416072982502556e-01 2.561678667080968808e-02 4.192849519233732281e-02 3.890015482022590732e-02 -3.325157975477281980e-01 1.595727040250380924e-01 -6.751261339263692207e-02 1.178559542717039221e-02 3.753819309648065428e-01 -4.080080673816155468e-02 1.800184578104335742e-01 2.379096032414906858e-01 3.108807718170396583e-01 2.585646858165091544e-03 3.214339363841531849e-01 8.638777740344494305e-02 1.704551841896773112e-03 2.996953261437340643e-01 -2.346093946820246856e-01 -1.325402571304152843e-01 -7.150435740794591766e-02 -1.624755984273065224e-01 1.699315463070547594e-01 -4.849816943010409886e-02 8.209627770577299088e-02 3.285489792909856988e-01
-2.561941809115069191e-01 -3.129559909479553426e-01 2.180478344041603123e-02 -7.278018620974080477e-02 -1.471627380840345722e-02 -6.449312749174396231e-02 8.338602013219542641e-02 -3.844204382346561033e-03 -1.102461539259707024e-01 -2.301616261433991895e-02 1.195059711992598750e-01 4.123012276539839149e-02 -4.080080673816155468e-02 2.222863702855875090e-01 1.034940630133291961e-01 6.005685788545633841e-02 1.712666190464915417e-01 -2.045824029897858054e-02 1.229110491915150760e-01 -1.823730667181848730e-01 -7.018331803749333631e-03 1.997267625050085371e-01 -1.510069188977922749e-01 -4.012667410836456838e-02 -4.734292416384278113e-02 -5.224957480777447927e-03 -1.245195197941484366e-02 -2.594613460257733095e-02 1.570612400165600775e-01 8.826493252882983143e-02
-1.041416531229856446e+00 -9.091264200600903678e-01 -3.154758198929243918e-01 -2.866831206113147346e-01 3.117216317649535995e-01 -2.621007584673407109e-02 2.946285712734493245e-01 2.651245886115134454e-01 -4.481809437422725750e-01 2.291098200686860764e-01 3.499478181697668333e-01 5.643270791665599972e-03 1.800184578104335742e-01 1.034940630133291961e-01 6.734666301294396362e-01 3.665700544058267951e-01 2.860621946537094118e-01 1.403324057962436200e-01 2.669714532061391310e-01 -2.460744615904104649e-01 -1.271684286587628776e-01 2.438500619703631855e-01 -2.809379060311698595e-01 -1.539331296254431436e-01 -1.716072506464456637e-01 -1.338702603642332178e-01 4.874770402085459864e-02 -8.144184490913630725e-02 2.536587297896630844e-01 2.027784809083073014e-01
-1.350835269832998620e+00 -1.093239376017038467e+00 -6.132485213266818391e-01 -3.466171662961983202e-01 2.139754904237065603e-01 8.042136323530257869e-02 1.920279380145188952e-01 3.756068816312563285e-01 -1.770694333574169832e-01 2.298499858209197555e-01 5.259825890539104876e-01 -6.825402077146236479e-02 2.379096032414906858e-01 6.005685788545633841e-02 3.665700544058267951e-01 5.512473891574529716e-01 5.487200952183002300e-02 1.214674322686448704e-01 4.584265598808201503e-01 -2.656620149849118206e-01 -9.594226899920954565e-02 2.833495048980978481e-01 -1.987841361353730463e-01 -1.920693924591887480e-02 -1.496748080390375435e-01 -2.137172369850759424e-02 1.607909405011014314e-01 -1.056831652970799951e-01 3.485648918617130221e-01 2.444708296724229513e-01
-9.203564916851973976e-01 -1.822102583666946884e-01 2.425999597526242724e-01 -3.124967467446140290e-01 4.749474126916766181e-01 -2.336922261990821426e-01 6.416683348726337499e-02 -3.117455269426727682e-01 -6.686976779355404688e-01 9.256834016582615732e-03 -3.662565195544402741e-01 1.891266280658214782e-01 3.108807718170396583e-01 1.712666190464915417e-01 2.860621946537094118e-01 5.487200952183002300e-02 8.174203953703909065e-01 -6.564089935420724942e-02 3.260913559573168641e-01 1.010424813375152553e-01 4.566503251419362641e-02 5.560444510092565906e-01 -4.299260879130883950e-01 -3.486627241758242235e-01 -5.725281365243972687e-02 -3.030857895196277241e-01 1.070612833091786342e-01 -3.120711090065242388e-02 2.854656298131885706e-02 4.461795600113305227e-01
-8.374779927459030660e-02 -1.228585616665895941e-01 -3.600085738588632012e-02 -2.974605189183421317e-02 3.161764603225947212e-02 -3.385886163044915520e-02 6.717624228525664876e-02 9.003109708208967277e-02 -3.462427917725108273e-02 6.425191521833539809e-02 1.662546649425280521e-01 -2.915812358946823224e-02 2.585646858165091544e-03 -2.045824029897858054e-02 1.403324057962436200e-01 1.214674322686448704e-01 -6.564089935420724942e-02 1.722436454292051167e-01 5.891364369290386094e-03 -4.620735267479858521e-02 -4.004496815952052202e-02 -1.059341940120361869e-01 5.632294801543480389e-02 8.111978892088700377e-03 1.641386174668468811e-03 -2.920648528674973932e-02 -4.318424464031522803e-02 -4.358636633617152256e-02 -5.985593887146478664e-02 -1.038162799425776939e-01
-1.662049412690350891e+00 -1.079200593534125119e+00 -5.216304267513862669e-01 -4.299486568686461396e-01 2.673593744379161308e-01 6.757370339633439471e-02 1.397839240391931526e-01 2.234435215588916890e-01 -2.765120337175517307e-01 1.681731096451812846e-01 3.427192231362710118e-01 -4.127778378270363646e-02 3.214339363841531849e-01 1.229110491915150760e-01 2.669714532061391310e-01 4.584265598808201503e-01 3.260913559573168641e-01 5.891364369290386094e-03 6.371440685399534232e-01 -2.155989689394459674e-01 -1.835271932881710200e-02 6.093868117802969664e-01 -3.587025958559024730e-01 -1.174509725940140470e-01 -1.442752162874114674e-01 -8.641087883842146766e-02 2.001595168022163307e-01 -9.807467160919713933e-02 4.573884729978487940e-01 4.346291072577628256e-01
6.506274733395684962e-01 1.084143338908802434e+00 5.567182211834165173e-01 9.203336102132197993e-02 2.126918074666832581e-01 -2.114229858962630715e-01 -2.504753434996587202e-01 -4.780942738390763225e-01 -1.471582582990436094e-01 -1.191360664666376579e-01 -7.129059101183088387e-01 1.388352648708632842e-01 8.638777740344494305e-02 -1.823730667181848730e-01 -2.460744615904104649e-01 -2.656620149849118206e-01 1.010424813375152553e-01 -4.620735267479858521e-02 -2.155989689394459674e-01 6.052484705365372974e-01 8.918803461790503206e-02 -1.929402070777825884e-01 1.187508311656415572e-01 -8.652008676671130161e-02 1.702966755222519168e-01 -1.738707445552449826e-01 -1.262253117158707028e-02 4.446803839334734221e-02 -5.746326416750662247e-01 -3.473568473305022053e-02
1.066341787798705809e-01 1.765192171336593674e-01 1.390785540224896977e-01 1.924692892242774178e-02 -1.827268801218906447e-02 -1.274887894965104351e-03 -5.700895627882118788e-02 -8.686272200765188245e-02 2.076570606044469969e-02 -4.595552542389214068e-02 -1.197457479163404059e-01 -1.836295910163698863e-02 1.704551841896773112e-03 -7.018331803749333631e-03 -1.271684286587628776e-01 -9.594226899920954565e-02 4.566503251419362641e-02 -4.004496815952052202e-02 -1.835271932881710200e-02 8.918803461790503206e-02 7.595421474735530865e-02 4.567264147647165373e-02 -1.624572539054724984e-02 -9.870077329253490461e-03 3.644125939592868235e-02 -1.542189359031453932e-02 -2.583128658295663627e-02 7.559401131686627195e-03 -4.780437895306022256e-02 -1.324534766314400258e-02
-1.634287986132221704e+00 -9.860320066064787170e-01 -3.318993426597671714e-01 -4.215748108986758780e-01 2.906589203930138865e-01 5.295402896763334866e-02 1.232630784095931631e-01 7.797595658479394842e-02 -3.715019815956566163e-01 9.806155911701353034e-02 1.513013915607643867e-01 1.076469842359983886e-03 2.996953261437340643e-01 1.997267625050085371e-01 2.438500619703631855e-01 2.833495048980978481e-01 5.560444510092565906e-01 -1.059341940120361869e-01 6.093868117802969664e-01 -1.929402070777825884e-01 4.567264147647165373e-02 8.405513596870548554e-01 -4.861290525672643525e-01 -2.283944696682169706e-01 -1.338655289777932467e-01 -1.246034045682904434e-01 1.613621283569273146e-01 -6.457932039512570555e-02 5.139970485430467306e-01 5.328145404747601788e-01
1.107733877345594919e+00 7.935853853517755851e-01 2.295664894336368889e-01 2.864286682172973997e-01 -2.341352018309521554e-01 -7.038238931642126772e-02 -1.887797834199318459e-01 -1.618887479250474826e-01 3.788182840112312988e-01 -1.130899956414737062e-01 -1.329538637275504698e-01 2.469608899980357819e-02 -2.346093946820246856e-01 -1.510069188977922749e-01 -2.809379060311698595e-01 -1.987841361353730463e-01 -4.299260879130883950e-01 5.632294801543480389e-02 -3.587025958559024730e-01 1.187508311656415572e-01 -1.624572539054724984e-02 -4.861290525672643525e-01 4.720612346874304421e-01 1.623870140643361992e-01 1.692825473526227142e-01 1.330135010979915933e-01 -1.096695555352766860e-01 1.664876723873476294e-02 -4.074980071200684506e-01 -3.745573383500300224e-01
3.680434553247096119e-01 4.186112042714285053e-02 -1.030182896891460587e-01 1.252651542307035015e-01 -2.560743215077536661e-01 1.138467049341329584e-01 -2.160451780054017945e-02 1.548030065830516833e-01 3.151964480894093867e-01 3.921109288114621449e-03 2.020333022284148683e-01 -1.133401474953643628e-01 -1.325402571304152843e-01 -4.012667410836456838e-02 -1.539331296254431436e-01 -1.920693924591887480e-02 -3.486627241758242235e-01 8.111978892088700377e-03 -1.174509725940140470e-01 -8.652008676671130161e-02 -9.870077329253490461e-03 -2.283944696682169706e-01 1.623870140643361992e-01 2.016396707091985263e-01 1.473825593501487674e-02 1.473713242623375663e-01 -4.901479457134882978e-02 7.231740971235467441e-03 2.292722892474330365e-02 -2.096177387294346772e-01
2.385079723298417775e-01 4.461442402936199869e-01 4.405653135398779341e-01 8.007869265463796182e-02 6.010380419451166745e-02 -9.387935212225784198e-02 -1.219944967264723346e-01 -1.624397814243820903e-01 6.339868149802896369e-02 -6.373194681901850345e-02 -1.802244570409357038e-01 -2.342216583201661706e-03 -7.150435740794591766e-02 -4.734292416384278113e-02 -1.716072506464456637e-01 -1.496748080390375435e-01 -5.725281365243972687e-02 1.641386174668468811e-03 -1.442752162874114674e-01 1.702966755222519168e-01 3.644125939592868235e-02 -1.338655289777932467e-01 1.692825473526227142e-01 1.473825593501487674e-02 2.408243770436797604e-01 -3.624788568572512304e-02 -1.060339669201653123e-01 1.256349022246467939e-01 -3.623200440026153046e-01 -1.829209453001112706e-01
4.135274331926552804e-01 -3.978095228904976466e-02 -2.843876945075294316e-01 1.299331420507314760e-01 -2.993463080650258235e-01 1.431260467153947502e-01 -4.236225490222977896e-02 1.244167028696097077e-01 3.572043254137042823e-01 -4.736267947140504475e-02 1.702182381694683500e-01 -3.346875739561028240e-02 -1.624755984273065224e-01 -5.224957480777447927e-03 -1.338702603642332178e-01 -2.137172369850759424e-02 -3.030857895196277241e-01 -2.920648528674973932e-02 -8.641087883842146766e-02 -1.738707445552449826e-01 -1.542189359031453932e-02 -1.246034045682904434e-01 1.330135010979915933e-01 1.473713242623375663e-01 -3.624788568572512304e-02 2.383689928665830848e-01 -4.653648652140418562e-02 -2.262469810904121914e-02 1.552911812026422922e-01 -1.048096276934984417e-01
-5.080916515296394209e-01 -3.485022636974122179e-01 -1.941583265312942785e-01 -1.559854245932683625e-01 1.326396106263132424e-01 5.193225948573854112e-02 3.080581629433254420e-02 1.086790781175750453e-01 -1.333451419531570536e-01 7.073086544602347203e-02 6.380993633592879632e-02 -4.922606843410903821e-02 1.699315463070547594e-01 -1.245195197941484366e-02 4.874770402085459864e-02 1.607909405011014314e-01 1.070612833091786342e-01 -4.318424464031522803e-02 2.001595168022163307e-01 -1.262253117158707028e-02 -2.583128658295663627e-02 1.613621283569273146e-01 -1.096695555352766860e-01 -4.901479457134882978e-02 -1.060339669201653123e-01 -4.653648652140418562e-02 2.442446192783904735e-01 -2.367165039044039077e-02 1.175931541195609498e-01 1.498353487513099935e-01
-5.026341141376633459e-02 -2.053870463959128756e-02 2.519156308567289670e-01 3.909137645985083509e-02 6.858311037251496600e-02 8.469659086972569639e-02 -1.336833178532970123e-02 9.742444443327258341e-02 3.059684532109940847e-02 -5.914060453335423517e-03 -1.496054956243142442e-02 -9.726722429388701130e-02 -4.849816943010409886e-02 -2.594613460257733095e-02 -8.144184490913630725e-02 -1.056831652970799951e-01 -3.120711090065242388e-02 -4.358636633617152256e-02 -9.807467160919713933e-02 4.446803839334734221e-02 7.559401131686627195e-03 -6.457932039512570555e-02 1.664876723873476294e-02 7.231740971235467441e-03 1.256349022246467939e-01 -2.262469810904121914e-02 -2.367165039044039077e-02 2.216546733497466448e-01 -1.118488483881492357e-01 -1.360335014849738400e-01
-1.114106652624855087e+00 -1.462994578062705386e+00 -1.049326456610970126e+00 -2.218481779996182013e-01 -2.202080301142927965e-01 4.059884192536742376e-01 2.625675747318041431e-01 5.761228160785663022e-01 1.004531703296152045e-01 1.455089247696719212e-01 6.802311825111360122e-01 -1.363982977711657441e-01 8.209627770577299088e-02 1.570612400165600775e-01 2.536587297896630844e-01 3.485648918617130221e-01 2.854656298131885706e-02 -5.985593887146478664e-02 4.573884729978487940e-01 -5.746326416750662247e-01 -4.780437895306022256e-02 5.139970485430467306e-01 -4.074980071200684506e-01 2.292722892474330365e-02 -3.623200440026153046e-01 1.552911812026422922e-01 1.175931541195609498e-01 -1.118488483881492357e-01 1.068080892515013147e+00 3.927647332969854688e-01
-1.035810426122225181e+00 -4.875053729140290670e-01 -5.360296227116805312e-01 -3.351816939376703886e-01 2.593301118775457326e-01 -4.729202191811054945e-03 7.330145240899810233e-02 -7.627773699095996562e-02 -3.623594692145388763e-01 7.618203380133081737e-02 -1.086537928443931378e-01 1.820652565261866584e-01 3.285489792909856988e-01 8.826493252882983143e-02 2.027784809083073014e-01 2.444708296724229513e-01 4.461795600113305227e-01 -1.038162799425776939e-01 4.346291072577628256e-01 -3.473568473305022053e-02 -1.324534766314400258e-02 5.328145404747601788e-01 -3.745573383500300224e-01 -2.096177387294346772e-01 -1.829209453001112706e-01 -1.048096276934984417e-01 1.498353487513099935e-01 -1.360335014849738400e-01 3.927647332969854688e-01 6.951185065530580687e-01
