6.162101442274433794e+00 4.095541623567271472e+00 1.308402243875264048e+00 1.314079657317279271e+00 -1.021125991816973055e+00 -4.795909793895134499e-01 -8.499441439251995689e-01 -1.176938975686994127e+00 1.035425877103079983e+00 -8.890092024350906286e-01 -1.435311814598037472e+00 6.100617513090469402e-01 -1.067352179400643308e+00 -2.913253176566286129e-01 -1.068660689554747023e+00 -1.504709265882695490e+00 -7.763473230976387640e-01 -8.377638722743085964e-02 -1.759035637064528146e+00 8.184893086068996126e-01 5.853295150535586799e-02 -1.687283285021976553e+00 1.112666392298308438e+00 2.063207340410144752e-01 3.361305566139662915e-01 2.119112822164197496e-01 -5.692902202616778595e-01 -5.497822255011897141e-02 -1.537559165706909425e+00 -1.017425175273046989e+00
4.095541623567271472e+00 4.625352024565472675e+00 1.711897495964421978e+00 8.500610743342917885e-01 -5.014271477323859472e-01 -8.171663297907798551e-01 -7.687544236260350772e-01 -1.798415489443584647e+00 3.657439529541761658e-01 -7.514219619636151037e-01 -1.882489901307053515e+00 6.985506331294004667e-01 -4.872113746711193016e-01 -3.005154295946681486e-01 -9.363197042432602757e-01 -1.222548081057652780e+00 -7.856242631817167421e-02 -1.695729557536651555e-01 -1.157310402230308455e+00 1.130118258351387794e+00 1.128186821809435969e-01 -1.003655007273948740e+00 7.412053856887723668e-01 -8.479567821621003532e-02 4.928257856176401219e-01 -2.027013849275931534e-01 -4.090021026484009781e-01 -4.752760091798791109e-02 -1.732564335446056702e+00 -4.721537937128346130e-01
1.308402243875264048e+00 1.711897495964421978e+00 1.789015663357304220e+00 3.132209383032886763e-01 2.657413148443765749e-02 -6.383802399697628971e-01 -2.480198686273524800e-01 -7.302244516637301786e-01 -1.353049013137592738e-01 -3.246661467808849011e-01 -6.324870376168973962e-01 9.164768588271954286e-02 -2.775428059767364175e-01 5.768688018946477314e-02 -3.095088748793841660e-01 -6.160774038523300078e-01 2.960599823053371438e-01 -8.748924590935303058e-02 -4.948548094500893058e-01 5.229296066995630099e-01 9.234504151561395702e-02 -2.782569894844186820e-01 1.527160541310195185e-01 -1.510864440779187134e-01 4.076355678487288969e-01 -3.441807365059617041e-01 -1.924129760867003824e-01 2.101599798368170013e-01 -1.060970786193649928e+00 -4.588250836715701553e-01
1.314079657317279271e+00 8.500610743342917885e-01 3.132209383032886763e-01 4.354879955986916684e-01 -2.483374078025235576e-01 -6.735653086656157029e-02 -1.851860433528145222e-01 -1.900682058163738475e-01 3.453846162641980300e-01 -1.974581964945514301e-01 -2.457881392308536306e-01 8.861352896963126113e-02 -2.996166462867222435e-01 -7.190519110469040243e-02 -2.686012376722715089e-01 -3.624927677272467008e-01 -2.563046007475691113e-01 -2.115985242198803462e-02 -4.333616908080557550e-01 1.292480003980926995e-01 8.505264796099254454e-03 -4.139340989864308540e-01 2.757931243710345370e-01 7.810695321757066267e-02 1.019155307259325127e-01 7.520755044816951340e-02 -1.636298958405859594e-01 4.056770334733528216e-02 -3.179050094728950171e-01 -3.130846740860988575e-01
-1.021125991816973055e+00 -5.014271477323859472e-01 2.657413148443765749e-02 -2.483374078025235576e-01 7.642219680406014959e-01 -4.795645387815739014e-02 2.192247752088860580e-02 2.510265496596275625e-03 -4.795339964699678603e-01 1.653172669018090346e-01 -2.002950154619611567e-01 9.793063000751089930e-02 3.382342568357898926e-01 -2.455689190514931397e-02 2.775811484565906540e-01 1.842350928588984971e-01 4.010481265620455815e-01 4.205109754821023671e-03 2.134444053467916547e-01 2.125930925489001311e-01 -3.237473825771530755e-02 2.224176609295795970e-01 -2.076086799535232785e-01 -2.095421118770559588e-01 5.156192784448876409e-02 -2.514258465381544738e-01 1.404902882859460078e-01 7.233120576978535610e-02 -1.950610579183944537e-01 2.226263441877449623e-01
-4.795909793895134499e-01 -8.171663297907798551e-01 -6.383802399697628971e-01 -6.735653086656157029e-02 -4.795645387815739014e-02 5.493811609049998879e-01 1.167072364077057500e-01 5.363128363604801052e-01 1.442977090604813384e-01 1.423185591561377805e-01 3.044483227088221611e-01 -2.636229405162566763e-01 3.934717759267414294e-02 -5.011504946162403940e-02 1.291752509143861971e-02 9.535278569029514983e-02 -2.060110328542350544e-01 -2.397537635431490344e-03 8.331533006546010256e-02 -2.054523596222566084e-01 1.764178250579107043e-02 7.027423586146142043e-02 -6.709202189097140945e-02 1.211918635987103698e-01 -9.288848232512236791e-02 1.447625424245870818e-01 6.875209054226161243e-02 9.252078367444482865e-02 4.082708410860504955e-01 -9.781459014106985705e-03
-8.499441439251995689e-01 -7.687544236260350772e-01 -2.480198686273524800e-01 -1.851860433528145222e-01 2.192247752088860580e-02 1.167072364077057500e-01 3.272949260156678974e-01 3.051360874318334027e-01 -2.116985580125287925e-01 1.720955144158438088e-01 4.271413932498830945e-01 -1.411636653381833639e-01 8.154719982513825016e-02 9.185599661481091971e-02 3.060559838955327905e-01 2.477380190939584281e-01 6.157077077421035938e-02 7.043116619814782098e-02 1.978001734900090014e-01 -2.831626836572809225e-01 -4.569605002842536123e-02 1.695942949606319416e-01 -2.029841274315344890e-01 -5.143664325260033365e-04 -1.447484511062953061e-01 -9.621692443431584252e-03 5.322000464553866550e-02 -1.619006866553718282e-02 3.568963736713044455e-01 1.006783417987549001e-01
-1.176938975686994127e+00 -1.798415489443584647e+00 -7.302244516637301786e-01 -1.900682058163738475e-01 2.510265496596275625e-03 5.363128363604801052e-01 3.051360874318334027e-01 1.045899297225787450e+00 1.032499730934546278e-01 3.383771761828597846e-01 8.937254698407173237e-01 -4.909421325638163580e-01 7.715874395609034764e-02 -1.399580836454106247e-02 2.788892596244068045e-01 3.897203897884651269e-01 -3.167589792327021314e-01 1.208857657549629039e-01 2.246616924591080533e-01 -4.349115017947724482e-01 -5.602422469007706241e-02 6.459566597533239474e-02 -1.191113499419316213e-01 1.831397160697179061e-01 -1.564134037611211170e-01 1.635019516018587638e-01 1.410797988440890549e-01 1.237705424062482962e-01 5.775552377692747541e-01 -8.636714371061771089e-02
1.035425877103079983e+00 3.657439529541761658e-01 -1.353049013137592738e-01 3.453846162641980300e-01 -4.795339964699678603e-01 1.442977090604813384e-01 -2.116985580125287925e-01 1.032499730934546278e-01 7.011223253688854129e-01 -1.296924796346843323e-01 1.318988518838750679e-01 -9.680051042943205175e-02 -3.166955814917287171e-01 -1.065346333567163128e-01 -4.092140253655998094e-01 -2.087196400638617888e-01 -5.653376234604365891e-01 2.896719966486216435e-03 -2.871962706701651769e-01 -7.237017570537318534e-02 3.717221767573164470e-02 -3.572203207708639638e-01 3.784866770059238661e-01 2.492344347983816988e-01 9.684770259440256268e-02 2.799103424214308689e-01 -1.464084961532989837e-01 3.356450912650643659e-02 -3.551262092128126824e-02 -3.469952884254325909e-01
-8.890092024350906286e-01 -7.514219619636151037e-01 -3.246661467808849011e-01 -1.974581964945514301e-01 1.653172669018090346e-01 1.423185591561377805e-01 1.720955144158438088e-01 3.383771761828597846e-01 -1.296924796346843323e-01 2.397713023404435262e-01 3.321351412633930522e-01 -1.689863817891250619e-01 1.815401134097669456e-01 -1.779059473062716279e-02 2.481681378484381639e-01 2.647558695882707980e-01 -9.197686398465521052e-05 7.134969208391339635e-02 1.983285334413551482e-01 -1.420226474365335889e-01 -3.792648545203292088e-02 1.155903528228918731e-01 -1.195449351903334900e-01 2.451730773367444272e-02 -8.343901338201931139e-02 -1.878329777986209592e-02 9.652224064330994224e-02 -2.173769496494060149e-03 2.138254046995484714e-01 7.839559530475526117e-02
-1.435311814598037472e+00 -1.882489901307053515e+00 -6.324870376168973962e-01 -2.457881392308536306e-01 -2.002950154619611567e-01 3.044483227088221611e-01 4.271413932498830945e-01 8.937254698407173237e-01 1.318988518838750679e-01 3.321351412633930522e-01 1.266212202372116735e+00 -4.814585462198124333e-01 -2.700557883883902832e-03 1.132385943109284199e-01 3.485477986167779818e-01 5.549944210828243740e-01 -3.467718068343970117e-01 1.911411103043292314e-01 3.759102873484039264e-01 -6.722238429962885675e-01 -7.205241917381499661e-02 1.767680013166454955e-01 -1.028080133619369008e-01 2.173043514156347555e-01 -1.813807037044057324e-01 2.076785895123407499e-01 8.509498471090637395e-02 -1.766910785988784482e-03 7.237308677481451014e-01 -9.243661696729077448e-02
6.100617513090469402e-01 6.985506331294004667e-01 9.164768588271954286e-02 8.861352896963126113e-02 9.793063000751089930e-02 -2.636229405162566763e-01 -1.411636653381833639e-01 -4.909421325638163580e-01 -9.680051042943205175e-02 -1.689863817891250619e-01 -4.814585462198124333e-01 4.492149803544407405e-01 -2.993397262963526373e-02 2.396065663026547554e-02 -5.633946254903321460e-02 -1.293689196528191587e-01 1.644675037481988511e-01 -4.880045031481472506e-02 -1.004818071249644618e-01 1.689012313489115513e-01 -2.110216697747091530e-02 -5.054947755078842420e-02 5.314579255201579144e-02 -1.172537883210225118e-01 2.408267647808770562e-02 -3.882984478792650407e-02 -8.760465511426218654e-02 -1.022734817379955530e-01 -1.957256519870043121e-01 1.506613677535710849e-01
-1.067352179400643308e+00 -4.872113746711193016e-01 -2.775428059767364175e-01 -2.996166462867222435e-01 3.382342568357898926e-01 3.934717759267414294e-02 8.154719982513825016e-02 7.715874395609034764e-02 -3.166955814917287171e-01 1.815401134097669456e-01 -2.700557883883902832e-03 -2.993397262963526373e-02 3.728864079958498223e-01 -4.043101553020278516e-02 1.945714290570208505e-01 2.654811953297269156e-01 2.607931505603460209e-01 6.916633012110651180e-05 3.284356291021595098e-01 4.256044968821015573e-02 -5.132924663371341012e-03 2.885352001503349584e-01 -2.330779895617638431e-01 -9.481765814052778296e-02 -9.655474180607370727e-02 -1.172123086404894821e-01 1.820238771836102387e-01 -5.490289113976132285e-02 1.618875823048142593e-01 3.081118361550920781e-01
-2.913253176566286129e-01 -3.005154295946681486e-01 5.768688018946477314e-02 -7.190519110469040243e-02 -2.455689190514931397e-02 -5.011504946162403940e-02 9.185599661481091971e-02 -1.399580836454106247e-02 -1.065346333567163128e-01 -1.779059473062716279e-02 1.132385943109284199e-01 2.396065663026547554e-02 -4.043101553020278516e-02 2.163029172824622037e-01 7.375976025224417754e-02 6.063895453667100810e-02 1.527927471317980235e-01 -2.224331925168598900e-02 1.238137959344385308e-01 -1.866109446618224865e-01 6.049630534391781111e-03 2.006761363464875103e-01 -1.388354701120420032e-01 -2.596449830383562585e-02 -3.672598857434650199e-02 5.674421612695823569e-03 -3.045299371973442248e-02 -1.880676869421904485e-02 1.765043859517732017e-01 7.385407088867168568e-02
-1.068660689554747023e+00 -9.363197042432602757e-01 -3.095088748793841660e-01 -2.686012376722715089e-01 2.775811484565906540e-01 1.291752509143861971e-02 3.060559838955327905e-01 2.788892596244068045e-01 -4.092140253655998094e-01 2.481681378484381639e-01 3.485477986167779818e-01 -5.633946254903321460e-02 1.945714290570208505e-01 7.375976025224417754e-02 6.107079501374528263e-01 3.731393582716577839e-01 2.030538327807107635e-01 1.263221115273154282e-01 2.542498324962423339e-01 -2.326587127701031932e-01 -1.115629369141402094e-01 2.002607934626610131e-01 -2.372317744277552265e-01 -9.700186712376535070e-02 -1.698505838274400048e-01 -7.230758664491077070e-02 6.510332509583349747e-02 -6.933290105808964654e-02 2.966846974060786124e-01 1.685763995713500663e-01
-1.504709265882695490e+00 -1.222548081057652780e+00 -6.160774038523300078e-01 -3.624927677272467008e-01 1.842350928588984971e-01 9.535278569029514983e-02 2.477380190939584281e-01 3.897203897884651269e-01 -2.087196400638617888e-01 2.647558695882707980e-01 5.549944210828243740e-01 -1.293689196528191587e-01 2.654811953297269156e-01 6.063895453667100810e-02 3.731393582716577839e-01 5.831375713746353995e-01 3.047444311067692979e-02 1.269533965615039506e-01 4.845843934025708677e-01 -2.899243190055358355e-01 -7.754711186854024163e-02 2.968870622216002175e-01 -1.917762475650590659e-01 1.343111723957690629e-02 -1.715370404224358936e-01 3.254856269137462732e-02 1.771534329911332861e-01 -1.038446289429657554e-01 4.516361817454708216e-01 2.456832814569338552e-01
-7.763473230976387640e-01 -7.856242631817167421e-02 2.960599823053371438e-01 -2.563046007475691113e-01 4.010481265620455815e-01 -2.060110328542350544e-01 6.157077077421035938e-02 -3.167589792327021314e-01 -5.653376234604365891e-01 -9.197686398465521052e-05 -3.467718068343970117e-01 1.644675037481988511e-01 2.607931505603460209e-01 1.527927471317980235e-01 2.030538327807107635e-01 3.047444311067692979e-02 6.916276781833516907e-01 -9.888156631899391869e-02 2.712948875756922007e-01 7.647412746456438981e-02 4.095043018605792895e-02 4.835740818362808113e-01 -3.855162545848429545e-01 -2.804636934740756260e-01 -4.518300638824257476e-02 -2.479622433515942248e-01 7.362714297585171153e-02 -2.977938354399611853e-02 5.362896749937817731e-02 3.725345073303287791e-01
-8.377638722743085964e-02 -1.695729557536651555e-01 -8.748924590935303058e-02 -2.115985242198803462e-02 4.205109754821023671e-03 -2.397537635431490344e-03 7.043116619814782098e-02 1.208857657549629039e-01 2.896719966486216435e-03 7.134969208391339635e-02 1.911411103043292314e-01 -4.880045031481472506e-02 6.916633012110651180e-05 -2.224331925168598900e-02 1.263221115273154282e-01 1.269533965615039506e-01 -9.888156631899391869e-02 1.678410471501479151e-01 5.262673843105858396e-03 -5.856725267483398056e-02 -4.294785320394112205e-02 -1.210602381168257580e-01 6.960926343811024708e-02 2.689535844888268912e-02 -6.903317948143694593e-03 -2.264779665836158529e-03 -3.238576037961138354e-02 -4.116608436220303702e-02 -3.431030237999266319e-02 -1.099343061450213099e-01
-1.759035637064528146e+00 -1.157310402230308455e+00 -4.948548094500893058e-01 -4.333616908080557550e-01 2.134444053467916547e-01 8.331533006546010256e-02 1.978001734900090014e-01 2.246616924591080533e-01 -2.871962706701651769e-01 1.983285334413551482e-01 3.759102873484039264e-01 -1.004818071249644618e-01 3.284356291021595098e-01 1.238137959344385308e-01 2.542498324962423339e-01 4.845843934025708677e-01 2.712948875756922007e-01 5.262673843105858396e-03 6.433196933352292035e-01 -2.562761229380043915e-01 2.071657125242154507e-03 6.038305627934619224e-01 -3.425292469460998745e-01 -6.731900372534482813e-02 -1.641732343813941952e-01 -2.279258698419539542e-02 1.977366524203887366e-01 -9.972815422307235167e-02 5.697834699672625902e-01 4.072155417638896324e-01
8.184893086068996126e-01 1.130118258351387794e+00 5.229296066995630099e-01 1.292480003980926995e-01 2.125930925489001311e-01 -2.054523596222566084e-01 -2.831626836572809225e-01 -4.349115017947724482e-01 -7.237017570537318534e-02 -1.420226474365335889e-01 -6.722238429962885675e-01 1.689012313489115513e-01 4.256044968821015573e-02 -1.866109446618224865e-01 -2.326587127701031932e-01 -2.899243190055358355e-01 7.647412746456438981e-02 -5.856725267483398056e-02 -2.562761229380043915e-01 5.972167000408603599e-01 4.829849498958083132e-02 -2.370904721495037393e-01 1.132472458027109496e-01 -9.510944972419110854e-02 1.730852553848194475e-01 -1.974490518636571323e-01 -1.457600542147474698e-02 4.509235233012987010e-02 -6.384543840942455972e-01 -6.139576417217540438e-02
5.853295150535586799e-02 1.128186821809435969e-01 9.234504151561395702e-02 8.505264796099254454e-03 -3.237473825771530755e-02 1.764178250579107043e-02 -4.569605002842536123e-02 -5.602422469007706241e-02 3.717221767573164470e-02 -3.792648545203292088e-02 -7.205241917381499661e-02 -2.110216697747091530e-02 -5.132924663371341012e-03 6.049630534391781111e-03 -1.115629369141402094e-01 -7.754711186854024163e-02 4.095043018605792895e-02 -4.294785320394112205e-02 2.071657125242154507e-03 4.829849498958083132e-02 6.685926957732135634e-02 6.887569339372134891e-02 -3.129273108697816497e-02 -4.254456889213997783e-03 2.464666530397607858e-02 -1.063365653493519858e-02 -2.717875199630270799e-02 3.669585245404505258e-03 -5.739078385886386968e-03 -6.972895435637838091e-03
-1.687283285021976553e+00 -1.003655007273948740e+00 -2.782569894844186820e-01 -4.139340989864308540e-01 2.224176609295795970e-01 7.027423586146142043e-02 1.695942949606319416e-01 6.459566597533239474e-02 -3.572203207708639638e-01 1.155903528228918731e-01 1.767680013166454955e-01 -5.054947755078842420e-02 2.885352001503349584e-01 2.006761363464875103e-01 2.002607934626610131e-01 2.968870622216002175e-01 4.835740818362808113e-01 -1.210602381168257580e-01 6.038305627934619224e-01 -2.370904721495037393e-01 6.887569339372134891e-02 8.358806165813916778e-01 -4.731234933487655780e-01 -1.683778715606081278e-01 -1.444175032701480177e-01 -6.325919686281622489e-02 1.409699977482432587e-01 -6.468252548455666329e-02 6.290956554134652379e-01 4.950841106110033252e-01
1.112666392298308438e+00 7.412053856887723668e-01 1.527160541310195185e-01 2.757931243710345370e-01 -2.076086799535232785e-01 -6.709202189097140945e-02 -2.029841274315344890e-01 -1.191113499419316213e-01 3.784866770059238661e-01 -1.195449351903334900e-01 -1.028080133619369008e-01 5.314579255201579144e-02 -2.330779895617638431e-01 -1.388354701120420032e-01 -2.372317744277552265e-01 -1.917762475650590659e-01 -3.855162545848429545e-01 6.960926343811024708e-02 -3.425292469460998745e-01 1.132472458027109496e-01 -3.129273108697816497e-02 -4.731234933487655780e-01 4.442972271399412421e-01 1.236667495684287132e-01 1.607081673177503944e-01 9.576643332104595174e-02 -9.525368089992980458e-02 1.386822734804127322e-02 -4.406372228757504672e-01 -3.467530168358621268e-01
2.063207340410144752e-01 -8.479567821621003532e-02 -1.510864440779187134e-01 7.810695321757066267e-02 -2.095421118770559588e-01 1.211918635987103698e-01 -5.143664325260033365e-04 1.831397160697179061e-01 2.492344347983816988e-01 2.451730773367444272e-02 2.173043514156347555e-01 -1.172537883210225118e-01 -9.481765814052778296e-02 -2.596449830383562585e-02 -9.700186712376535070e-02 1.343111723957690629e-02 -2.804636934740756260e-01 2.689535844888268912e-02 -6.731900372534482813e-02 -9.510944972419110854e-02 -4.254456889213997783e-03 -1.683778715606081278e-01 1.236667495684287132e-01 1.684725303173877364e-01 -2.540266652317768603e-04 1.216443487936089696e-01 -3.065046815305549899e-02 8.905621372321093077e-03 5.011905535423011315e-02 -1.655461720167181738e-01
3.361305566139662915e-01 4.928257856176401219e-01 4.076355678487288969e-01 1.019155307259325127e-01 5.156192784448876409e-02 -9.288848232512236791e-02 -1.447484511062953061e-01 -1.564134037611211170e-01 9.684770259440256268e-02 -8.343901338201931139e-02 -1.813807037044057324e-01 2.408267647808770562e-02 -9.655474180607370727e-02 -3.672598857434650199e-02 -1.698505838274400048e-01 -1.715370404224358936e-01 -4.518300638824257476e-02 -6.903317948143694593e-03 -1.641732343813941952e-01 1.730852553848194475e-01 2.464666530397607858e-02 -1.444175032701480177e-01 1.607081673177503944e-01 -2.540266652317768603e-04 2.405021684991197617e-01 -5.924954585674413465e-02 -1.042587379774317924e-01 1.263225202307012296e-01 -3.992280476625182928e-01 -1.790590663827629214e-01
2.119112822164197496e-01 -2.027013849275931534e-01 -3.441807365059617041e-01 7.520755044816951340e-02 -2.514258465381544738e-01 1.447625424245870818e-01 -9.621692443431584252e-03 1.635019516018587638e-01 2.799103424214308689e-01 -1.878329777986209592e-02 2.076785895123407499e-01 -3.882984478792650407e-02 -1.172123086404894821e-01 5.674421612695823569e-03 -7.230758664491077070e-02 3.254856269137462732e-02 -2.479622433515942248e-01 -2.264779665836158529e-03 -2.279258698419539542e-02 -1.974490518636571323e-01 -1.063365653493519858e-02 -6.325919686281622489e-02 9.576643332104595174e-02 1.216443487936089696e-01 -5.924954585674413465e-02 2.195056321822335121e-01 -2.366720910600861316e-02 -2.874840629499431088e-02 2.074099246095784110e-01 -5.443306232899658426e-02
-5.692902202616778595e-01 -4.090021026484009781e-01 -1.924129760867003824e-01 -1.636298958405859594e-01 1.404902882859460078e-01 6.875209054226161243e-02 5.322000464553866550e-02 1.410797988440890549e-01 -1.464084961532989837e-01 9.652224064330994224e-02 8.509498471090637395e-02 -8.760465511426218654e-02 1.820238771836102387e-01 -3.045299371973442248e-02 6.510332509583349747e-02 1.771534329911332861e-01 7.362714297585171153e-02 -3.238576037961138354e-02 1.977366524203887366e-01 -1.457600542147474698e-02 -2.717875199630270799e-02 1.409699977482432587e-01 -9.525368089992980458e-02 -3.065046815305549899e-02 -1.042587379774317924e-01 -2.366720910600861316e-02 2.505210473239003477e-01 -1.044864237906040216e-02 1.326591916975985441e-01 1.322649700192641831e-01
-5.497822255011897141e-02 -4.752760091798791109e-02 2.101599798368170013e-01 4.056770334733528216e-02 7.233120576978535610e-02 9.252078367444482865e-02 -1.619006866553718282e-02 1.237705424062482962e-01 3.356450912650643659e-02 -2.173769496494060149e-03 -1.766910785988784482e-03 -1.022734817379955530e-01 -5.490289113976132285e-02 -1.880676869421904485e-02 -6.933290105808964654e-02 -1.038446289429657554e-01 -2.977938354399611853e-02 -4.116608436220303702e-02 -9.972815422307235167e-02 4.509235233012987010e-02 3.669585245404505258e-03 -6.468252548455666329e-02 1.386822734804127322e-02 8.905621372321093077e-03 1.263225202307012296e-01 -2.874840629499431088e-02 -1.044864237906040216e-02 2.296081469784780893e-01 -1.284322424722859068e-01 -1.255995265478873080e-01
-1.537559165706909425e+00 -1.732564335446056702e+00 -1.060970786193649928e+00 -3.179050094728950171e-01 -1.950610579183944537e-01 4.082708410860504955e-01 3.568963736713044455e-01 5.775552377692747541e-01 -3.551262092128126824e-02 2.138254046995484714e-01 7.237308677481451014e-01 -1.957256519870043121e-01 1.618875823048142593e-01 1.765043859517732017e-01 2.966846974060786124e-01 4.516361817454708216e-01 5.362896749937817731e-02 -3.431030237999266319e-02 5.697834699672625902e-01 -6.384543840942455972e-01 -5.739078385886386968e-03 6.290956554134652379e-01 -4.406372228757504672e-01 5.011905535423011315e-02 -3.992280476625182928e-01 2.074099246095784110e-01 1.326591916975985441e-01 -1.284322424722859068e-01 1.267886949893579640e+00 4.445249278680307725e-01
-1.017425175273046989e+00 -4.721537937128346130e-01 -4.588250836715701553e-01 -3.130846740860988575e-01 2.226263441877449623e-01 -9.781459014106985705e-03 1.006783417987549001e-01 -8.636714371061771089e-02 -3.469952884254325909e-01 7.839559530475526117e-02 -9.243661696729077448e-02 1.506613677535710849e-01 3.081118361550920781e-01 7.385407088867168568e-02 1.685763995713500663e-01 2.456832814569338552e-01 3.725345073303287791e-01 -1.099343061450213099e-01 4.072155417638896324e-01 -6.139576417217540438e-02 -6.972895435637838091e-03 4.950841106110033252e-01 -3.467530168358621268e-01 -1.655461720167181738e-01 -1.790590663827629214e-01 -5.443306232899658426e-02 1.322649700192641831e-01 -1.255995265478873080e-01 4.445249278680307725e-01 6.465532104112980960e-01
