6.278144629858843473e+00 4.129135343594384722e+00 1.385339019285481754e+00 1.333717081825284367e+00 -1.009707857699368105e+00 -4.822950414863953483e-01 -8.319866335407368751e-01 -1.240259695846816612e+00 1.078323630962756852e+00 -8.633013641864408783e-01 -1.506923334125644942e+00 6.245652520840394573e-01 -1.112967952038729891e+00 -2.273145856990481661e-01 -1.058915820041363531e+00 -1.516986116748796576e+00 -6.827132306778480597e-01 -7.236872677003702847e-02 -1.781565200506520341e+00 8.885969459694251782e-01 9.559100398229247730e-02 -1.729786895058055052e+00 1.125474808935507554e+00 1.992186654034640014e-01 3.233496156077535488e-01 1.826000938822289754e-01 -6.418795028952217763e-01 -9.861837184956812052e-02 -1.658889444587089201e+00 -1.127578150705289772e+00
4.129135343594384722e+00 4.728449637185292431e+00 1.810490194313899792e+00 8.110816448437958570e-01 -4.098044367818260980e-01 -8.442583023496581518e-01 -7.475223279562328571e-01 -1.890965948714210754e+00 3.621932769503928284e-01 -6.977685702884173224e-01 -1.967301788030397347e+00 7.643878346908650201e-01 -5.148761385682973923e-01 -2.454527007195679289e-01 -9.460803251759557497e-01 -1.204008126062717565e+00 -4.988166259846593675e-02 -1.880623802562695346e-01 -1.148371030271363225e+00 1.108438836157972673e+00 1.116731014052447790e-01 -1.008981890391453362e+00 7.060829378978041859e-01 -9.879089481751179846e-02 4.648484848524958579e-01 -2.195048863522970350e-01 -4.790519193840623302e-01 -8.353679058592433648e-02 -1.760060218587852887e+00 -4.925002375233020757e-01
1.385339019285481754e+00 1.810490194313899792e+00 1.895995381657883172e+00 2.983377258458972392e-01 6.847596980770731534e-02 -6.202005723097840928e-01 -2.589002328786023099e-01 -7.901048893298820985e-01 -9.458834787483283435e-02 -3.111019255716769294e-01 -6.838584743240971875e-01 1.394315969764079455e-01 -2.849625268592603788e-01 6.305031424602702828e-02 -3.541890934277489578e-01 -6.127153915534222506e-01 2.745374646931395546e-01 -1.227222853052012397e-01 -4.920663425714337791e-01 5.128747690744148713e-01 6.716277414039950600e-02 -2.918613238907710183e-01 1.444145305125630330e-01 -1.721028517603713226e-01 3.935220028215553612e-01 -3.442265224821881020e-01 -2.499049566249595955e-01 1.744084518841759746e-01 -1.055653799761216760e+00 -4.888804918808773436e-01
1.333717081825284367e+00 8.110816448437958570e-01 2.983377258458972392e-01 4.457636074486117650e-01 -2.582146324302811990e-01 -3.883026869357308897e-02 -1.761205587544054652e-01 -1.730087285556010102e-01 3.689961605846292514e-01 -1.948379310832706324e-01 -2.413098587651916205e-01 7.882228093751564302e-02 -3.130292373485872304e-01 -5.692997390372056543e-02 -2.596521772265987238e-01 -3.640147043005867999e-01 -2.332054271080892249e-01 -1.529458583138421091e-02 -4.369075039417111839e-01 1.416569470343915782e-01 2.062639586341674658e-02 -4.212869265298877508e-01 2.755208540100966275e-01 7.641765649088938517e-02 9.332530310251740957e-02 7.016556938674511912e-02 -1.802954422715856708e-01 3.338947270862036021e-02 -3.357556021626351139e-01 -3.491258165450972228e-01
-1.009707857699368105e+00 -4.098044367818260980e-01 6.847596980770731534e-02 -2.582146324302811990e-01 7.751474612873607839e-01 -5.354640358359574748e-02 1.280786349173013150e-02 -2.742429053489559010e-02 -4.751871027262950520e-01 1.821043786733866909e-01 -2.259523351917778200e-01 1.042288868973173521e-01 3.519753702072989654e-01 -6.336643521609630625e-02 2.192272138104272017e-01 2.013347365833055846e-01 3.034890812825778994e-01 -1.380342018842384277e-02 2.155122550153407701e-01 1.707912383321286143e-01 -4.774199607885520891e-02 1.980565863448191521e-01 -1.886869648914739628e-01 -1.744470782004441389e-01 4.700984894861903740e-02 -2.047224656643606977e-01 1.293549772142910115e-01 5.912293075004981802e-02 -1.294698434532506326e-01 2.434390444430505340e-01
-4.822950414863953483e-01 -8.442583023496581518e-01 -6.202005723097840928e-01 -3.883026869357308897e-02 -5.354640358359574748e-02 5.603134098037685362e-01 1.034141936880814683e-01 5.720163477798223539e-01 1.409197298399931242e-01 1.231291063878074965e-01 3.176548639169709531e-01 -2.997950839490499675e-01 4.606307359267702850e-02 -5.817316858536969448e-02 2.440407776043684862e-02 8.022509101283503696e-02 -1.760341896898580671e-01 1.749490316313995208e-02 6.944170103460578503e-02 -1.632706233763769887e-01 3.284982051724227858e-02 5.804425870888962891e-02 -5.687360761714899127e-02 1.072541628576573203e-01 -7.296284373455819150e-02 1.148352956777785039e-01 8.240343571435460035e-02 1.137707295756626991e-01 3.476509021171523273e-01 -4.564468233115803741e-02
-8.319866335407368751e-01 -7.475223279562328571e-01 -2.589002328786023099e-01 -1.761205587544054652e-01 1.280786349173013150e-02 1.034141936880814683e-01 3.112997763385010330e-01 3.035558053314275639e-01 -2.095380304196510224e-01 1.527101995740736129e-01 4.250150463064414907e-01 -1.294261338438786879e-01 8.409216804159314052e-02 7.653202081212384655e-02 2.988989910363102354e-01 2.384341721220835097e-01 5.114072434616900864e-02 6.621498018267857333e-02 1.926836483293072888e-01 -2.788008318607921865e-01 -4.953042435630550244e-02 1.739671563969409362e-01 -1.958283061354109122e-01 8.500367866872693412e-04 -1.342012683693951658e-01 -4.477040715812563576e-03 6.282671283150875752e-02 -1.087704203928296920e-02 3.575784879804473348e-01 1.151885487074650882e-01
-1.240259695846816612e+00 -1.890965948714210754e+00 -7.901048893298820985e-01 -1.730087285556010102e-01 -2.742429053489559010e-02 5.720163477798223539e-01 3.035558053314275639e-01 1.108445368527270602e+00 9.581352609262694386e-02 3.146462585775680054e-01 9.416238497086055759e-01 -5.381572317658083193e-01 1.082324984104729992e-01 -3.946600552785639593e-02 2.985949878943756630e-01 4.043853948414835031e-01 -3.067121002607109403e-01 1.364894532263747351e-01 2.373195741784854818e-01 -4.144495252249953410e-01 -4.270445079401952171e-02 7.197491696865654376e-02 -1.165380669563660376e-01 1.903189110458924915e-01 -1.553669620118967032e-01 1.569542545402100586e-01 1.728280786524010182e-01 1.285207370145826644e-01 5.885321175495619173e-01 -9.509468167834711494e-02
1.078323630962756852e+00 3.621932769503928284e-01 -9.458834787483283435e-02 3.689961605846292514e-01 -4.751871027262950520e-01 1.409197298399931242e-01 -2.095380304196510224e-01 9.581352609262694386e-02 6.868657754433229456e-01 -1.514175533723118861e-01 1.067201823361187962e-01 -1.036437271910699565e-01 -3.312499763301843814e-01 -7.767615956333884242e-02 -3.778623166152215163e-01 -2.407775716920923514e-01 -4.727946219345540158e-01 1.661215362673829077e-02 -3.124420493506363528e-01 -3.742671862255519954e-03 6.102772216337370992e-02 -3.648115217434337865e-01 3.722082549943479535e-01 2.199577190139621052e-01 1.107087218011315599e-01 2.299901415299814289e-01 -1.515155872808122695e-01 5.220750447625732704e-02 -1.375254397904086545e-01 -3.977732849036783591e-01
-8.633013641864408783e-01 -6.977685702884173224e-01 -3.111019255716769294e-01 -1.948379310832706324e-01 1.821043786733866909e-01 1.231291063878074965e-01 1.527101995740736129e-01 3.146462585775680054e-01 -1.514175533723118861e-01 2.231730121312693882e-01 2.984952244651140063e-01 -1.524619005292038310e-01 1.951415157811311474e-01 -3.899888605678825115e-02 2.334280472210252810e-01 2.559033314462908493e-01 -7.115102489478886127e-03 6.566983320169583749e-02 1.909216292462190268e-01 -1.291930814513193582e-01 -3.748346914255762385e-02 1.135480365632020039e-01 -1.135794823798619291e-01 2.600405489795321046e-02 -7.350761737939137674e-02 -1.700547096271520786e-02 1.043594792192266141e-01 2.491163498916648678e-04 2.084141813940618704e-01 9.987449783159263461e-02
-1.506923334125644942e+00 -1.967301788030397347e+00 -6.838584743240971875e-01 -2.413098587651916205e-01 -2.259523351917778200e-01 3.176548639169709531e-01 4.250150463064414907e-01 9.416238497086055759e-01 1.067201823361187962e-01 2.984952244651140063e-01 1.306587694656343501e+00 -5.093982271944241802e-01 2.483455662957112509e-02 9.898944325408365330e-02 3.800568253636811278e-01 5.509016851725618835e-01 -3.037692810231646945e-01 1.917952159121227851e-01 3.859890828684626740e-01 -6.386223831249253635e-01 -6.440403373039771395e-02 2.084929991618196254e-01 -1.194125228030316066e-01 2.120858907613865085e-01 -1.698454397528621485e-01 1.862471652244153120e-01 1.304060798658497333e-01 2.434860515626269262e-02 7.216111854180553564e-01 -8.106059436863688461e-02
6.245652520840394573e-01 7.643878346908650201e-01 1.394315969764079455e-01 7.882228093751564302e-02 1.042288868973173521e-01 -2.997950839490499675e-01 -1.294261338438786879e-01 -5.381572317658083193e-01 -1.036437271910699565e-01 -1.524619005292038310e-01 -5.093982271944241802e-01 4.734450739972544397e-01 -5.245190036322355809e-02 3.840127370796153627e-02 -6.734846931743732057e-02 -1.383825212213309896e-01 1.535238039862747428e-01 -5.749864417720118581e-02 -1.073454832790048386e-01 1.523635571757608886e-01 -2.731400979786258176e-02 -5.326387728399595289e-02 5.526470250509873949e-02 -1.111872074903317298e-01 2.765505586592098553e-02 -2.645424689529818352e-02 -1.045071650661384410e-01 -9.771030055668461500e-02 -1.941603885920244466e-01 1.584185712814019098e-01
-1.112967952038729891e+00 -5.148761385682973923e-01 -2.849625268592603788e-01 -3.130292373485872304e-01 3.519753702072989654e-01 4.606307359267702850e-02 8.409216804159314052e-02 1.082324984104729992e-01 -3.312499763301843814e-01 1.951415157811311474e-01 2.483455662957112509e-02 -5.245190036322355809e-02 3.817620703320585562e-01 -5.745220494958402924e-02 1.919572277570296137e-01 2.778981639729067865e-01 2.168375758570846301e-01 4.953367949838138884e-04 3.331754902734758161e-01 3.308710010173854243e-03 -1.290647627985208601e-02 2.909009847373056346e-01 -2.374452601387702089e-01 -8.000711844317720534e-02 -9.603883765834098085e-02 -1.021954670615059513e-01 1.956158590107861528e-01 -4.093414474652945501e-02 2.067824231019130821e-01 3.274458782246938426e-01
-2.273145856990481661e-01 -2.454527007195679289e-01 6.305031424602702828e-02 -5.692997390372056543e-02 -6.336643521609630625e-02 -5.817316858536969448e-02 7.653202081212384655e-02 -3.946600552785639593e-02 -7.767615956333884242e-02 -3.899888605678825115e-02 9.898944325408365330e-02 3.840127370796153627e-02 -5.745220494958402924e-02 2.229511196088651559e-01 4.805421613400540082e-02 3.045815902464710234e-02 1.601115707940152788e-01 -3.282017878109400044e-02 1.143164607643711861e-01 -1.734278713011576656e-01 6.044158663712551061e-03 2.059391515891775271e-01 -1.345177996540769527e-01 -3.365736145894970832e-02 -3.201341594649420585e-02 6.136134711539398268e-03 -2.790740084003573429e-02 -1.453657956847109745e-02 1.680421182773557121e-01 7.468478792065980088e-02
-1.058915820041363531e+00 -9.460803251759557497e-01 -3.541890934277489578e-01 -2.596521772265987238e-01 2.192272138104272017e-01 2.440407776043684862e-02 2.988989910363102354e-01 2.985949878943756630e-01 -3.778623166152215163e-01 2.334280472210252810e-01 3.800568253636811278e-01 -6.734846931743732057e-02 1.919572277570296137e-01 4.805421613400540082e-02 5.660136880855475283e-01 3.732556022093547199e-01 1.316768349900598878e-01 1.096166970874037361e-01 2.611392559196019647e-01 -2.764290675786469365e-01 -1.135114454548329377e-01 2.088815733360718241e-01 -2.251259965451026801e-01 -5.495352968756606060e-02 -1.765809640390898494e-01 -1.948401369753582912e-02 7.771158391943799870e-02 -7.241206466937910591e-02 3.895075692914815590e-01 1.901185166126424519e-01
-1.516986116748796576e+00 -1.204008126062717565e+00 -6.127153915534222506e-01 -3.640147043005867999e-01 2.013347365833055846e-01 8.022509101283503696e-02 2.384341721220835097e-01 4.043853948414835031e-01 -2.407775716920923514e-01 2.559033314462908493e-01 5.509016851725618835e-01 -1.383825212213309896e-01 2.778981639729067865e-01 3.045815902464710234e-02 3.732556022093547199e-01 5.779080612641394055e-01 1.718926658440977917e-03 1.258172306447136179e-01 4.703251153650285232e-01 -2.870150957147643567e-01 -8.402456546028247431e-02 2.864917954315160387e-01 -1.837376711215767955e-01 2.948331829475137056e-02 -1.507334175621508621e-01 3.695151089772252817e-02 2.040230086187762026e-01 -7.522615723172521029e-02 4.490112131672958640e-01 2.630966668387486607e-01
-6.827132306778480597e-01 -4.988166259846593675e-02 2.745374646931395546e-01 -2.332054271080892249e-01 3.034890812825778994e-01 -1.760341896898580671e-01 5.114072434616900864e-02 -3.067121002607109403e-01 -4.727946219345540158e-01 -7.115102489478886127e-03 -3.037692810231646945e-01 1.535238039862747428e-01 2.168375758570846301e-01 1.601115707940152788e-01 1.316768349900598878e-01 1.718926658440977917e-03 6.053905333078546391e-01 -1.239816883403932479e-01 2.633317118308298177e-01 7.792450373756310000e-03 3.168040534802685215e-02 4.844008403381394601e-01 -3.758609349014250256e-01 -2.531000732680581677e-01 -6.103377295670497915e-02 -1.951746582951727760e-01 6.447013553810165831e-02 -3.336222898349205934e-02 1.546151882268986810e-01 3.700213627384982829e-01
-7.236872677003702847e-02 -1.880623802562695346e-01 -1.227222853052012397e-01 -1.529458583138421091e-02 -1.380342018842384277e-02 1.749490316313995208e-02 6.621498018267857333e-02 1.364894532263747351e-01 1.661215362673829077e-02 6.566983320169583749e-02 1.917952159121227851e-01 -5.749864417720118581e-02 4.953367949838138884e-04 -3.282017878109400044e-02 1.096166970874037361e-01 1.258172306447136179e-01 -1.239816883403932479e-01 1.562113158021247727e-01 4.627542719106259028e-03 -7.173555710431855914e-02 -3.837719203409051261e-02 -1.176183181950136714e-01 7.386645032218552842e-02 5.119763264531229652e-02 -1.346018875798904446e-02 2.358043296953837853e-02 -2.827822961523906997e-02 -4.408262219419611938e-02 4.670451199046965485e-03 -1.042559386180528236e-01
-1.781565200506520341e+00 -1.148371030271363225e+00 -4.920663425714337791e-01 -4.369075039417111839e-01 2.155122550153407701e-01 6.944170103460578503e-02 1.926836483293072888e-01 2.373195741784854818e-01 -3.124420493506363528e-01 1.909216292462190268e-01 3.859890828684626740e-01 -1.073454832790048386e-01 3.331754902734758161e-01 1.143164607643711861e-01 2.611392559196019647e-01 4.703251153650285232e-01 2.633317118308298177e-01 4.627542719106259028e-03 6.317872259538432900e-01 -2.603894290618029572e-01 -1.092762380216072415e-02 6.071056879474667767e-01 -3.465166673040585010e-01 -7.320191234882145181e-02 -1.442777518477100784e-01 -2.808720174402878911e-02 2.247818371461960396e-01 -6.324760557495778812e-02 5.668958810932167580e-01 4.359930474723228144e-01
8.885969459694251782e-01 1.108438836157972673e+00 5.128747690744148713e-01 1.416569470343915782e-01 1.707912383321286143e-01 -1.632706233763769887e-01 -2.788008318607921865e-01 -4.144495252249953410e-01 -3.742671862255519954e-03 -1.291930814513193582e-01 -6.386223831249253635e-01 1.523635571757608886e-01 3.308710010173854243e-03 -1.734278713011576656e-01 -2.764290675786469365e-01 -2.870150957147643567e-01 7.792450373756310000e-03 -7.173555710431855914e-02 -2.603894290618029572e-01 5.304482124533933529e-01 5.500282503027165149e-02 -2.486348666823801068e-01 1.226039259685762772e-01 -6.235040329971752726e-02 1.478949663980984042e-01 -1.523406618899798559e-01 -4.708620649722661256e-02 2.257710505750765151e-02 -5.612331917922119828e-01 -9.562692383565263299e-02
9.559100398229247730e-02 1.116731014052447790e-01 6.716277414039950600e-02 2.062639586341674658e-02 -4.774199607885520891e-02 3.284982051724227858e-02 -4.953042435630550244e-02 -4.270445079401952171e-02 6.102772216337370992e-02 -3.748346914255762385e-02 -6.440403373039771395e-02 -2.731400979786258176e-02 -1.290647627985208601e-02 6.044158663712551061e-03 -1.135114454548329377e-01 -8.402456546028247431e-02 3.168040534802685215e-02 -3.837719203409051261e-02 -1.092762380216072415e-02 5.500282503027165149e-02 6.687202524034319140e-02 5.246834142411671564e-02 -2.376339111697234330e-02 -4.778128260909397795e-03 2.171421949253726780e-02 -8.104755078306880023e-03 -2.788581517745569727e-02 4.472270499547903455e-03 -1.768146293113659340e-02 -1.604650888265268804e-02
-1.729786895058055052e+00 -1.008981890391453362e+00 -2.918613238907710183e-01 -4.212869265298877508e-01 1.980565863448191521e-01 5.804425870888962891e-02 1.739671563969409362e-01 7.197491696865654376e-02 -3.648115217434337865e-01 1.135480365632020039e-01 2.084929991618196254e-01 -5.326387728399595289e-02 2.909009847373056346e-01 2.059391515891775271e-01 2.088815733360718241e-01 2.864917954315160387e-01 4.844008403381394601e-01 -1.176183181950136714e-01 6.071056879474667767e-01 -2.486348666823801068e-01 5.246834142411671564e-02 8.489952959459685644e-01 -4.797997923976424772e-01 -1.878694997812999645e-01 -1.333230868298187488e-01 -6.938001832770623878e-02 1.647584770145158473e-01 -3.661162952784025038e-02 6.379311033132069042e-01 5.312713948225109561e-01
1.125474808935507554e+00 7.060829378978041859e-01 1.444145305125630330e-01 2.755208540100966275e-01 -1.886869648914739628e-01 -5.687360761714899127e-02 -1.958283061354109122e-01 -1.165380669563660376e-01 3.722082549943479535e-01 -1.135794823798619291e-01 -1.194125228030316066e-01 5.526470250509873949e-02 -2.374452601387702089e-01 -1.345177996540769527e-01 -2.251259965451026801e-01 -1.837376711215767955e-01 -3.758609349014250256e-01 7.386645032218552842e-02 -3.465166673040585010e-01 1.226039259685762772e-01 -2.376339111697234330e-02 -4.797997923976424772e-01 4.519132038194015877e-01 1.313792776731474987e-01 1.541680190051124555e-01 1.023449894937016325e-01 -1.090554269383119390e-01 1.743739309404190863e-03 -4.479288366799778487e-01 -3.623141641608071950e-01
1.992186654034640014e-01 -9.879089481751179846e-02 -1.721028517603713226e-01 7.641765649088938517e-02 -1.744470782004441389e-01 1.072541628576573203e-01 8.500367866872693412e-04 1.903189110458924915e-01 2.199577190139621052e-01 2.600405489795321046e-02 2.120858907613865085e-01 -1.111872074903317298e-01 -8.000711844317720534e-02 -3.365736145894970832e-02 -5.495352968756606060e-02 2.948331829475137056e-02 -2.531000732680581677e-01 5.119763264531229652e-02 -7.320191234882145181e-02 -6.235040329971752726e-02 -4.778128260909397795e-03 -1.878694997812999645e-01 1.313792776731474987e-01 1.574399243813786597e-01 4.769042044699745020e-03 9.921580004140650999e-02 -2.237073535405897928e-02 4.333667322384826548e-03 -1.065476899105988196e-02 -1.704561577878962453e-01
3.233496156077535488e-01 4.648484848524958579e-01 3.935220028215553612e-01 9.332530310251740957e-02 4.700984894861903740e-02 -7.296284373455819150e-02 -1.342012683693951658e-01 -1.553669620118967032e-01 1.107087218011315599e-01 -7.350761737939137674e-02 -1.698454397528621485e-01 2.765505586592098553e-02 -9.603883765834098085e-02 -3.201341594649420585e-02 -1.765809640390898494e-01 -1.507334175621508621e-01 -6.103377295670497915e-02 -1.346018875798904446e-02 -1.442777518477100784e-01 1.478949663980984042e-01 2.171421949253726780e-02 -1.333230868298187488e-01 1.541680190051124555e-01 4.769042044699745020e-03 2.145952095816596739e-01 -4.359654028621662292e-02 -1.146292448626127225e-01 1.008119380744574300e-01 -3.520659280090399079e-01 -1.807359362155125382e-01
1.826000938822289754e-01 -2.195048863522970350e-01 -3.442265224821881020e-01 7.016556938674511912e-02 -2.047224656643606977e-01 1.148352956777785039e-01 -4.477040715812563576e-03 1.569542545402100586e-01 2.299901415299814289e-01 -1.700547096271520786e-02 1.862471652244153120e-01 -2.645424689529818352e-02 -1.021954670615059513e-01 6.136134711539398268e-03 -1.948401369753582912e-02 3.695151089772252817e-02 -1.951746582951727760e-01 2.358043296953837853e-02 -2.808720174402878911e-02 -1.523406618899798559e-01 -8.104755078306880023e-03 -6.938001832770623878e-02 1.023449894937016325e-01 9.921580004140650999e-02 -4.359654028621662292e-02 1.880248270540505473e-01 -2.103223445254798207e-02 -2.497554731877471568e-02 1.320352765741290568e-01 -4.831986892162376535e-02
-6.418795028952217763e-01 -4.790519193840623302e-01 -2.499049566249595955e-01 -1.802954422715856708e-01 1.293549772142910115e-01 8.240343571435460035e-02 6.282671283150875752e-02 1.728280786524010182e-01 -1.515155872808122695e-01 1.043594792192266141e-01 1.304060798658497333e-01 -1.045071650661384410e-01 1.956158590107861528e-01 -2.790740084003573429e-02 7.771158391943799870e-02 2.040230086187762026e-01 6.447013553810165831e-02 -2.827822961523906997e-02 2.247818371461960396e-01 -4.708620649722661256e-02 -2.788581517745569727e-02 1.647584770145158473e-01 -1.090554269383119390e-01 -2.237073535405897928e-02 -1.146292448626127225e-01 -2.103223445254798207e-02 2.690291604450862906e-01 -1.956015160612878390e-02 1.870752076057442537e-01 1.553180714758468639e-01
-9.861837184956812052e-02 -8.353679058592433648e-02 1.744084518841759746e-01 3.338947270862036021e-02 5.912293075004981802e-02 1.137707295756626991e-01 -1.087704203928296920e-02 1.285207370145826644e-01 5.220750447625732704e-02 2.491163498916648678e-04 2.434860515626269262e-02 -9.771030055668461500e-02 -4.093414474652945501e-02 -1.453657956847109745e-02 -7.241206466937910591e-02 -7.522615723172521029e-02 -3.336222898349205934e-02 -4.408262219419611938e-02 -6.324760557495778812e-02 2.257710505750765151e-02 4.472270499547903455e-03 -3.661162952784025038e-02 1.743739309404190863e-03 4.333667322384826548e-03 1.008119380744574300e-01 -2.497554731877471568e-02 -1.956015160612878390e-02 1.910651288772555745e-01 -7.990183217646062985e-02 -1.154287415329235955e-01
-1.658889444587089201e+00 -1.760060218587852887e+00 -1.055653799761216760e+00 -3.357556021626351139e-01 -1.294698434532506326e-01 3.476509021171523273e-01 3.575784879804473348e-01 5.885321175495619173e-01 -1.375254397904086545e-01 2.084141813940618704e-01 7.216111854180553564e-01 -1.941603885920244466e-01 2.067824231019130821e-01 1.680421182773557121e-01 3.895075692914815590e-01 4.490112131672958640e-01 1.546151882268986810e-01 4.670451199046965485e-03 5.668958810932167580e-01 -5.612331917922119828e-01 -1.768146293113659340e-02 6.379311033132069042e-01 -4.479288366799778487e-01 -1.065476899105988196e-02 -3.520659280090399079e-01 1.320352765741290568e-01 1.870752076057442537e-01 -7.990183217646062985e-02 1.133856345989215697e+00 4.867710016956721120e-01
-1.127578150705289772e+00 -4.925002375233020757e-01 -4.888804918808773436e-01 -3.491258165450972228e-01 2.434390444430505340e-01 -4.564468233115803741e-02 1.151885487074650882e-01 -9.509468167834711494e-02 -3.977732849036783591e-01 9.987449783159263461e-02 -8.106059436863688461e-02 1.584185712814019098e-01 3.274458782246938426e-01 7.468478792065980088e-02 1.901185166126424519e-01 2.630966668387486607e-01 3.700213627384982829e-01 -1.042559386180528236e-01 4.359930474723228144e-01 -9.562692383565263299e-02 -1.604650888265268804e-02 5.312713948225109561e-01 -3.623141641608071950e-01 -1.704561577878962453e-01 -1.807359362155125382e-01 -4.831986892162376535e-02 1.553180714758468639e-01 -1.154287415329235955e-01 4.867710016956721120e-01 7.192015267632427822e-01
