6.164063697013943965e+00 4.160214211561708453e+00 1.260693395482860524e+00 1.341899795660197015e+00 -9.911578740781692431e-01 -4.322266769872271652e-01 -8.474404539442730311e-01 -1.267886355541008925e+00 5.958329980568350948e-01 -9.621082508318181681e-01 -1.893870453127419751e+00 5.747958088880977812e-01 -1.002917342951604951e+00 -5.845276635698724021e-01 -1.254149778788644198e+00 -1.685835031981696375e+00 -1.015295436888209224e+00 2.097548578615260340e-01 -1.844945379326929924e+00 8.769084276244711873e-01 2.716338826243145377e-01 -1.690120128485887108e+00 1.523621954044131144e+00 2.881104895177486469e-01 4.847905524560474078e-01 5.253834794965541732e-01 -6.584417721583122329e-01 4.261044823829251982e-02 -1.333389291234027496e+00 -8.560015342239921665e-01
4.160214211561708453e+00 4.615413174789239292e+00 1.550912884325271079e+00 9.633141525777091374e-01 -6.978433390620466525e-01 -9.716987890503219205e-01 -6.706283486258257653e-01 -2.161748407988795861e+00 -2.433217053237513028e-03 -8.767699212970683220e-01 -2.368007749268713269e+00 8.410843259094349378e-01 -4.164002574626124442e-01 -6.594930674195893516e-01 -1.135848072247824803e+00 -1.352630954826793186e+00 -4.603858606930089081e-01 5.238691011788887408e-02 -1.242639653559507451e+00 1.225911821948500346e+00 2.533208430875788508e-01 -1.071559355906231303e+00 1.295684411704769445e+00 1.396523603073660524e-01 5.942496342379399721e-01 3.874175664810195485e-01 -5.171915656267174199e-01 -8.714872776255333520e-02 -1.176947778688429480e+00 -2.101845523586689524e-01
1.260693395482860524e+00 1.550912884325271079e+00 1.380104651240401381e+00 3.683536427593026019e-01 -1.251899264287885671e-01 -6.611969915775262052e-01 -1.474918727209910685e-01 -7.768221487648929724e-01 -2.705957305570336757e-01 -3.263032880460059459e-01 -7.510311635710991141e-01 1.194724009872061288e-01 -2.589422471212969867e-01 -1.088815578946196183e-01 -3.709139575081508156e-01 -5.982196098592567068e-01 -6.506782023677715188e-03 1.836565108487775433e-02 -5.149300649593158141e-01 4.304298531214385548e-01 1.758671900512922548e-01 -3.091712282953835711e-01 3.775771046215936622e-01 5.652394497542445606e-02 3.652314209820701763e-01 1.383464826943736625e-02 -1.913555991451971749e-01 1.607793591453514637e-01 -6.043224095685673092e-01 -2.562712272700196081e-01
1.341899795660197015e+00 9.633141525777091374e-01 3.683536427593026019e-01 4.322442048137418169e-01 -2.073803780680805176e-01 -1.143376401224145411e-01 -1.987978278023092571e-01 -2.853137938515146743e-01 1.889367131131507449e-01 -2.320105438028008393e-01 -4.238314551117809970e-01 1.282388208327915891e-01 -2.749292003563255093e-01 -1.373129038083220621e-01 -3.049219256113815391e-01 -4.178615874921547402e-01 -2.559283088465349465e-01 5.049457184003358634e-02 -4.562883411653615440e-01 1.852842797496236926e-01 5.579531691586225861e-02 -4.070194223506291564e-01 3.736567701881199355e-01 6.239552266509917899e-02 1.542478062852978837e-01 1.190929922389045714e-01 -1.887845660086213684e-01 5.851411030420194948e-02 -3.315815066558229773e-01 -2.461699623002004955e-01
-9.911578740781692431e-01 -6.978433390620466525e-01 -1.251899264287885671e-01 -2.073803780680805176e-01 6.248493811637558792e-01 2.345846707157761557e-03 5.561948561751250963e-02 9.055113360312816440e-02 -2.924729379910786520e-01 1.824478158022770913e-01 -1.029508732813155802e-03 6.520442305742335520e-02 2.894869551656711337e-01 1.883887095613090423e-02 2.711339327296400370e-01 2.506001976660741093e-01 2.682078986635474394e-01 -6.985005296252211338e-02 2.261151147882003443e-01 9.460632001190560914e-02 -8.217792007735624793e-02 1.809532275314040817e-01 -2.350621707761320067e-01 -1.154605874675098676e-01 -2.275716404773220347e-02 -1.586136782304379267e-01 1.659260029589972874e-01 3.607136950739686654e-02 -4.506355676596740523e-03 1.805411365559166370e-01
-4.322266769872271652e-01 -9.716987890503219205e-01 -6.611969915775262052e-01 -1.143376401224145411e-01 2.345846707157761557e-03 7.064054531730903363e-01 8.660834009657492061e-02 8.022166455907608906e-01 2.672311419904076502e-01 1.979942248763109092e-01 5.020866185078602939e-01 -3.568492534703295860e-01 -1.087806337295660342e-02 1.517597016345462180e-02 8.523488002265366958e-02 1.154253000848939337e-01 -1.504393931722916022e-01 6.745987892600169289e-03 8.625849106346095141e-02 -2.695683706004956548e-01 -2.885056071062308547e-02 6.716621437902858816e-02 -1.638307861312000568e-01 3.918541924707596991e-02 -1.199236374527572480e-01 -9.425249150012859900e-03 7.052374369851577285e-02 1.239142438009821490e-01 2.431378514805828672e-01 -1.284294206462277543e-01
-8.474404539442730311e-01 -6.706283486258257653e-01 -1.474918727209910685e-01 -1.987978278023092571e-01 5.561948561751250963e-02 8.660834009657492061e-02 3.218277297251006530e-01 2.493428720937345133e-01 -1.764404887578052694e-01 1.848418129345077432e-01 4.382636084826003753e-01 -1.423390232706651659e-01 8.336340281027787569e-02 1.690955547825296890e-01 3.153936092688809367e-01 2.540522549239767613e-01 1.474782562070231506e-01 1.827464943880841020e-02 2.017910884899833945e-01 -2.596203198400530709e-01 -5.821333218437985124e-02 1.773606886338825461e-01 -2.823113508936785365e-01 -3.498164417874249921e-02 -1.538776719636985035e-01 -1.039243902110911222e-01 6.845198849805456121e-02 -2.312303697561901572e-02 2.566863528649605541e-01 7.073687896792080210e-02
-1.267886355541008925e+00 -2.161748407988795861e+00 -7.768221487648929724e-01 -2.853137938515146743e-01 9.055113360312816440e-02 8.022166455907608906e-01 2.493428720937345133e-01 1.551362923096007762e+00 3.347958491608551412e-01 4.493863448702200003e-01 1.314877512147347716e+00 -7.204514472454661700e-01 -8.775183284853937948e-03 1.523983799530697070e-01 3.768364653585649648e-01 4.553113849367491639e-01 -2.008185075420669818e-01 1.073485606866597664e-01 2.905593519280955661e-01 -5.999117191776122127e-01 -1.006478146043718880e-01 1.293873335998796392e-01 -3.648071476386576251e-01 6.056118259857612429e-02 -2.133415309782549230e-01 -1.161811812000337341e-01 1.915885832562480573e-01 2.013304626069043479e-01 3.342762446032452317e-01 -2.754253213788615540e-01
5.958329980568350948e-01 -2.433217053237513028e-03 -2.705957305570336757e-01 1.889367131131507449e-01 -2.924729379910786520e-01 2.672311419904076502e-01 -1.764404887578052694e-01 3.347958491608551412e-01 5.492695311714896889e-01 -5.096432739503597986e-02 2.371418721465374801e-01 -1.389352779435171215e-01 -2.307661615234337660e-01 -8.616044571391512363e-02 -2.440229645311546847e-01 -1.062685740231472664e-01 -3.876735422227284289e-01 8.041312476603934556e-02 -1.497635723882524417e-01 -1.295617754481668271e-01 1.713131238983578442e-02 -2.056339346693789594e-01 2.492982462228496843e-01 1.043601960572573262e-01 6.995194639114288293e-02 1.458940537280000171e-01 -1.108128308821960673e-01 6.511537038466030936e-02 -6.882933065310226084e-02 -2.540382401922443023e-01
-9.621082508318181681e-01 -8.767699212970683220e-01 -3.263032880460059459e-01 -2.320105438028008393e-01 1.824478158022770913e-01 1.979942248763109092e-01 1.848418129345077432e-01 4.493863448702200003e-01 -5.096432739503597986e-02 2.935065437661705801e-01 4.788020277853775042e-01 -2.254422906822242112e-01 1.734895724905527459e-01 6.055658217707104995e-02 3.061403319183568783e-01 3.171800473603525461e-01 4.762639170564852975e-02 4.106086320820168112e-02 2.289107848550315794e-01 -1.872238848854408388e-01 -8.103765437948595718e-02 1.242088272690011763e-01 -2.119337808395016509e-01 -1.492931542026099123e-02 -1.233820230890501080e-01 -1.031935533114278769e-01 1.222295946645886033e-01 -4.636858067499360914e-03 1.603015219071153297e-01 3.125107510703628577e-02
-1.893870453127419751e+00 -2.368007749268713269e+00 -7.510311635710991141e-01 -4.238314551117809970e-01 -1.029508732813155802e-03 5.020866185078602939e-01 4.382636084826003753e-01 1.314877512147347716e+00 2.371418721465374801e-01 4.788020277853775042e-01 1.688348796192030932e+00 -6.342268903194963059e-01 1.566092894523762880e-02 3.581391253166543720e-01 5.679104201607287905e-01 7.353128203677670172e-01 -5.288112351445306558e-02 1.408730376381868155e-01 5.533223707413128523e-01 -8.437081116476292664e-01 -1.385572672215289458e-01 3.534844782960249177e-01 -4.988790197380694735e-01 2.685880951270291916e-02 -2.935926501925223420e-01 -1.402510494748980818e-01 1.854607604623765837e-01 3.644824294076443039e-02 5.433912938134426440e-01 -1.365161245965396120e-01
5.747958088880977812e-01 8.410843259094349378e-01 1.194724009872061288e-01 1.282388208327915891e-01 6.520442305742335520e-02 -3.568492534703295860e-01 -1.423390232706651659e-01 -7.204514472454661700e-01 -1.389352779435171215e-01 -2.254422906822242112e-01 -6.342268903194963059e-01 5.460037627355518453e-01 2.708620956155982640e-02 -2.820409725404715573e-02 -1.187932595860843321e-01 -1.386921019499141039e-01 1.347532998904057422e-01 -8.653816610265607778e-02 -9.459820725217582549e-02 2.416651463551602319e-01 -1.324914651519293329e-02 -5.666331830221338350e-02 1.206812378782728956e-01 -6.993554956744674200e-02 5.439658761196142223e-02 6.306044572733071618e-02 -9.731628008250936546e-02 -1.267825896607632785e-01 -8.356505560846017033e-02 2.161396196015061832e-01
-1.002917342951604951e+00 -4.164002574626124442e-01 -2.589422471212969867e-01 -2.749292003563255093e-01 2.894869551656711337e-01 -1.087806337295660342e-02 8.336340281027787569e-02 -8.775183284853937948e-03 -2.307661615234337660e-01 1.734895724905527459e-01 1.566092894523762880e-02 2.708620956155982640e-02 3.732674818346595202e-01 -3.089780771915684454e-02 1.980307782129102634e-01 2.866490564966284182e-01 2.490286958001775020e-01 -6.938295427988805386e-02 3.237550105897071262e-01 7.340538976836796792e-02 -5.351734335158653266e-02 2.474949363406722114e-01 -2.426291642300384410e-01 -7.432129026540224004e-02 -1.157154800584407894e-01 -1.018627863907113351e-01 1.829212454495632301e-01 -9.445867462619617072e-02 1.729816216262065609e-01 2.897692064967145598e-01
-5.845276635698724021e-01 -6.594930674195893516e-01 -1.088815578946196183e-01 -1.373129038083220621e-01 1.883887095613090423e-02 1.517597016345462180e-02 1.690955547825296890e-01 1.523983799530697070e-01 -8.616044571391512363e-02 6.055658217707104995e-02 3.581391253166543720e-01 -2.820409725404715573e-02 -3.089780771915684454e-02 3.288802563993158401e-01 2.033411947750209947e-01 1.976369757098268565e-01 1.917348541118713001e-01 -3.482492707939854881e-02 2.082290461827653871e-01 -3.422551765739854090e-01 -1.637186945362145707e-02 2.735617621989945292e-01 -2.857163832354103761e-01 -2.625230570345138403e-02 -1.174641377514831220e-01 -4.826118902951748169e-02 3.404433099660764128e-03 -3.887767405797148967e-02 2.857344050120218526e-01 7.877368704345144579e-02
-1.254149778788644198e+00 -1.135848072247824803e+00 -3.709139575081508156e-01 -3.049219256113815391e-01 2.711339327296400370e-01 8.523488002265366958e-02 3.153936092688809367e-01 3.768364653585649648e-01 -2.440229645311546847e-01 3.061403319183568783e-01 5.679104201607287905e-01 -1.187932595860843321e-01 1.980307782129102634e-01 2.033411947750209947e-01 6.155044442930943660e-01 4.694826102639808596e-01 2.325269865858103913e-01 3.876855586361216410e-02 3.369007236834988817e-01 -3.219612277877104134e-01 -1.449580501320610892e-01 2.459198256625256818e-01 -3.806752704635414375e-01 -1.015524857020864147e-01 -2.325436277313883693e-01 -1.475346270286195249e-01 1.172100318970024091e-01 -8.025230501311853004e-02 3.342698227706932812e-01 1.235231242976624344e-01
-1.685835031981696375e+00 -1.352630954826793186e+00 -5.982196098592567068e-01 -4.178615874921547402e-01 2.506001976660741093e-01 1.154253000848939337e-01 2.540522549239767613e-01 4.553113849367491639e-01 -1.062685740231472664e-01 3.171800473603525461e-01 7.353128203677670172e-01 -1.386921019499141039e-01 2.866490564966284182e-01 1.976369757098268565e-01 4.694826102639808596e-01 6.828215590083743791e-01 1.824236631287590171e-01 3.253174158996330334e-02 5.659755332580402865e-01 -3.317960017608356793e-01 -1.500306517010869811e-01 3.497241897999288085e-01 -3.900676698138454412e-01 -6.732943397059898416e-02 -2.333261875493803927e-01 -1.172369254252316750e-01 2.266253815584491349e-01 -1.193800835887373069e-01 3.704468117997521404e-01 2.164750590043809098e-01
-1.015295436888209224e+00 -4.603858606930089081e-01 -6.506782023677715188e-03 -2.559283088465349465e-01 2.682078986635474394e-01 -1.504393931722916022e-01 1.474782562070231506e-01 -2.008185075420669818e-01 -3.876735422227284289e-01 4.762639170564852975e-02 -5.288112351445306558e-02 1.347532998904057422e-01 2.490286958001775020e-01 1.917348541118713001e-01 2.325269865858103913e-01 1.824236631287590171e-01 5.423858539816706070e-01 -1.727997680696375937e-01 3.558610046678722938e-01 -8.987321899377320733e-02 1.333881100276812504e-02 5.096006038852465281e-01 -4.410499641779210833e-01 -1.342713366861971735e-01 -1.342240142366790678e-01 -1.281236402084573456e-01 1.048851111781914369e-01 -8.657059557839374975e-02 3.708049633154359981e-01 3.661867726428909009e-01
2.097548578615260340e-01 5.238691011788887408e-02 1.836565108487775433e-02 5.049457184003358634e-02 -6.985005296252211338e-02 6.745987892600169289e-03 1.827464943880841020e-02 1.073485606866597664e-01 8.041312476603934556e-02 4.106086320820168112e-02 1.408730376381868155e-01 -8.653816610265607778e-02 -6.938295427988805386e-02 -3.482492707939854881e-02 3.876855586361216410e-02 3.253174158996330334e-02 -1.727997680696375937e-01 1.936587637384548088e-01 -8.613151169890898018e-02 -2.093926985020289067e-02 -2.727114063679891842e-02 -2.152816392882073160e-01 1.612825490532259209e-01 3.358779655809485121e-02 3.642002550193979005e-02 -2.084801410603631666e-03 -6.422508008887461983e-02 -1.774062767339046331e-02 -1.613915535503451792e-01 -1.935061242979827512e-01
-1.844945379326929924e+00 -1.242639653559507451e+00 -5.149300649593158141e-01 -4.562883411653615440e-01 2.261151147882003443e-01 8.625849106346095141e-02 2.017910884899833945e-01 2.905593519280955661e-01 -1.497635723882524417e-01 2.289107848550315794e-01 5.533223707413128523e-01 -9.459820725217582549e-02 3.237550105897071262e-01 2.082290461827653871e-01 3.369007236834988817e-01 5.659755332580402865e-01 3.558610046678722938e-01 -8.613151169890898018e-02 6.952796381748100885e-01 -2.810372276966575100e-01 -7.186975174485610296e-02 6.190628376013194156e-01 -4.916431585027112305e-01 -9.247876875980409750e-02 -2.112568956122515829e-01 -1.288183880492397293e-01 2.320817253000768687e-01 -1.222850968354407541e-01 5.100517692518735657e-01 3.545303545977276372e-01
8.769084276244711873e-01 1.225911821948500346e+00 4.304298531214385548e-01 1.852842797496236926e-01 9.460632001190560914e-02 -2.695683706004956548e-01 -2.596203198400530709e-01 -5.999117191776122127e-01 -1.295617754481668271e-01 -1.872238848854408388e-01 -8.437081116476292664e-01 2.416651463551602319e-01 7.340538976836796792e-02 -3.422551765739854090e-01 -3.219612277877104134e-01 -3.317960017608356793e-01 -8.987321899377320733e-02 -2.093926985020289067e-02 -2.810372276966575100e-01 6.456495604035126235e-01 6.600145823682623814e-02 -2.781566329772715562e-01 3.056152027129996895e-01 8.056309226219582342e-03 1.945379489495735470e-01 2.609063217937546142e-02 -4.196439245578176269e-02 7.698929289404077281e-03 -4.221260378932925050e-01 3.784204321220840939e-02
2.716338826243145377e-01 2.533208430875788508e-01 1.758671900512922548e-01 5.579531691586225861e-02 -8.217792007735624793e-02 -2.885056071062308547e-02 -5.821333218437985124e-02 -1.006478146043718880e-01 1.713131238983578442e-02 -8.103765437948595718e-02 -1.385572672215289458e-01 -1.324914651519293329e-02 -5.351734335158653266e-02 -1.637186945362145707e-02 -1.449580501320610892e-01 -1.500306517010869811e-01 1.333881100276812504e-02 -2.727114063679891842e-02 -7.186975174485610296e-02 6.600145823682623814e-02 9.162983445600048071e-02 3.003350659739112416e-02 2.583047323986420452e-02 2.213529733990071691e-02 4.936580209573548927e-02 1.674056269825996424e-02 -5.504894352873179741e-02 7.839394988991443824e-03 -3.747535989401740153e-02 -3.738737068528052987e-02
-1.690120128485887108e+00 -1.071559355906231303e+00 -3.091712282953835711e-01 -4.070194223506291564e-01 1.809532275314040817e-01 6.716621437902858816e-02 1.773606886338825461e-01 1.293873335998796392e-01 -2.056339346693789594e-01 1.242088272690011763e-01 3.534844782960249177e-01 -5.666331830221338350e-02 2.474949363406722114e-01 2.735617621989945292e-01 2.459198256625256818e-01 3.497241897999288085e-01 5.096006038852465281e-01 -2.152816392882073160e-01 6.190628376013194156e-01 -2.781566329772715562e-01 3.003350659739112416e-02 8.477292186389888684e-01 -5.939485736582525988e-01 -1.325543899436638640e-01 -1.800302734801562110e-01 -1.284183141859784882e-01 1.565466259945651473e-01 -8.841195591423911537e-02 6.250960017319187045e-01 4.196379428695422575e-01
1.523621954044131144e+00 1.295684411704769445e+00 3.775771046215936622e-01 3.736567701881199355e-01 -2.350621707761320067e-01 -1.638307861312000568e-01 -2.823113508936785365e-01 -3.648071476386576251e-01 2.492982462228496843e-01 -2.119337808395016509e-01 -4.988790197380694735e-01 1.206812378782728956e-01 -2.426291642300384410e-01 -2.857163832354103761e-01 -3.806752704635414375e-01 -3.900676698138454412e-01 -4.410499641779210833e-01 1.612825490532259209e-01 -4.916431585027112305e-01 3.056152027129996895e-01 2.583047323986420452e-02 -5.939485736582525988e-01 6.782856934831329454e-01 9.889485793871699570e-02 2.759363920385453639e-01 1.611384375916031786e-01 -1.665580040552185892e-01 3.931880350432948035e-02 -6.152086182248694968e-01 -3.224995428799388719e-01
2.881104895177486469e-01 1.396523603073660524e-01 5.652394497542445606e-02 6.239552266509917899e-02 -1.154605874675098676e-01 3.918541924707596991e-02 -3.498164417874249921e-02 6.056118259857612429e-02 1.043601960572573262e-01 -1.492931542026099123e-02 2.685880951270291916e-02 -6.993554956744674200e-02 -7.432129026540224004e-02 -2.625230570345138403e-02 -1.015524857020864147e-01 -6.732943397059898416e-02 -1.342713366861971735e-01 3.358779655809485121e-02 -9.247876875980409750e-02 8.056309226219582342e-03 2.213529733990071691e-02 -1.325543899436638640e-01 9.889485793871699570e-02 8.108823913909191106e-02 3.724088436507599909e-02 4.118359623282685789e-02 -4.104517970762344703e-02 2.884736016318356633e-02 -9.922237832074642938e-02 -1.243482638804493945e-01
4.847905524560474078e-01 5.942496342379399721e-01 3.652314209820701763e-01 1.542478062852978837e-01 -2.275716404773220347e-02 -1.199236374527572480e-01 -1.538776719636985035e-01 -2.133415309782549230e-01 6.995194639114288293e-02 -1.233820230890501080e-01 -2.935926501925223420e-01 5.439658761196142223e-02 -1.157154800584407894e-01 -1.174641377514831220e-01 -2.325436277313883693e-01 -2.333261875493803927e-01 -1.342240142366790678e-01 3.642002550193979005e-02 -2.112568956122515829e-01 1.945379489495735470e-01 4.936580209573548927e-02 -1.800302734801562110e-01 2.759363920385453639e-01 3.724088436507599909e-02 2.622297023684723172e-01 4.190476518846253384e-02 -1.311958620203199644e-01 1.163190624398566797e-01 -3.252490074926868147e-01 -1.289440574055902289e-01
5.253834794965541732e-01 3.874175664810195485e-01 1.383464826943736625e-02 1.190929922389045714e-01 -1.586136782304379267e-01 -9.425249150012859900e-03 -1.039243902110911222e-01 -1.161811812000337341e-01 1.458940537280000171e-01 -1.031935533114278769e-01 -1.402510494748980818e-01 6.306044572733071618e-02 -1.018627863907113351e-01 -4.826118902951748169e-02 -1.475346270286195249e-01 -1.172369254252316750e-01 -1.281236402084573456e-01 -2.084801410603631666e-03 -1.288183880492397293e-01 2.609063217937546142e-02 1.674056269825996424e-02 -1.284183141859784882e-01 1.611384375916031786e-01 4.118359623282685789e-02 4.190476518846253384e-02 1.244688946426890652e-01 -5.362587321752698699e-02 -2.925630313143301464e-03 -1.076844425723493259e-01 -6.804256026930488588e-02
-6.584417721583122329e-01 -5.171915656267174199e-01 -1.913555991451971749e-01 -1.887845660086213684e-01 1.659260029589972874e-01 7.052374369851577285e-02 6.845198849805456121e-02 1.915885832562480573e-01 -1.108128308821960673e-01 1.222295946645886033e-01 1.854607604623765837e-01 -9.731628008250936546e-02 1.829212454495632301e-01 3.404433099660764128e-03 1.172100318970024091e-01 2.266253815584491349e-01 1.048851111781914369e-01 -6.422508008887461983e-02 2.320817253000768687e-01 -4.196439245578176269e-02 -5.504894352873179741e-02 1.565466259945651473e-01 -1.665580040552185892e-01 -4.104517970762344703e-02 -1.311958620203199644e-01 -5.362587321752698699e-02 2.649833072213141349e-01 -1.043535223243452492e-02 1.280753052936347558e-01 1.070868880497641840e-01
4.261044823829251982e-02 -8.714872776255333520e-02 1.607793591453514637e-01 5.851411030420194948e-02 3.607136950739686654e-02 1.239142438009821490e-01 -2.312303697561901572e-02 2.013304626069043479e-01 6.511537038466030936e-02 -4.636858067499360914e-03 3.644824294076443039e-02 -1.267825896607632785e-01 -9.445867462619617072e-02 -3.887767405797148967e-02 -8.025230501311853004e-02 -1.193800835887373069e-01 -8.657059557839374975e-02 -1.774062767339046331e-02 -1.222850968354407541e-01 7.698929289404077281e-03 7.839394988991443824e-03 -8.841195591423911537e-02 3.931880350432948035e-02 2.884736016318356633e-02 1.163190624398566797e-01 -2.925630313143301464e-03 -1.043535223243452492e-02 2.348504253364467331e-01 -1.053439305186429920e-01 -1.512852177663717157e-01
-1.333389291234027496e+00 -1.176947778688429480e+00 -6.043224095685673092e-01 -3.315815066558229773e-01 -4.506355676596740523e-03 2.431378514805828672e-01 2.566863528649605541e-01 3.342762446032452317e-01 -6.882933065310226084e-02 1.603015219071153297e-01 5.433912938134426440e-01 -8.356505560846017033e-02 1.729816216262065609e-01 2.857344050120218526e-01 3.342698227706932812e-01 3.704468117997521404e-01 3.708049633154359981e-01 -1.613915535503451792e-01 5.100517692518735657e-01 -4.221260378932925050e-01 -3.747535989401740153e-02 6.250960017319187045e-01 -6.152086182248694968e-01 -9.922237832074642938e-02 -3.252490074926868147e-01 -1.076844425723493259e-01 1.280753052936347558e-01 -1.053439305186429920e-01 7.922664764634532730e-01 3.493234189338068063e-01
-8.560015342239921665e-01 -2.101845523586689524e-01 -2.562712272700196081e-01 -2.461699623002004955e-01 1.805411365559166370e-01 -1.284294206462277543e-01 7.073687896792080210e-02 -2.754253213788615540e-01 -2.540382401922443023e-01 3.125107510703628577e-02 -1.365161245965396120e-01 2.161396196015061832e-01 2.897692064967145598e-01 7.877368704345144579e-02 1.235231242976624344e-01 2.164750590043809098e-01 3.661867726428909009e-01 -1.935061242979827512e-01 3.545303545977276372e-01 3.784204321220840939e-02 -3.738737068528052987e-02 4.196379428695422575e-01 -3.224995428799388719e-01 -1.243482638804493945e-01 -1.289440574055902289e-01 -6.804256026930488588e-02 1.070868880497641840e-01 -1.512852177663717157e-01 3.493234189338068063e-01 5.472308362190005937e-01
