7.108077214127433763e+00 3.850194918070599215e+00 2.552280788467385264e+00 1.500117179741664586e+00 9.586721894133347632e-01 -6.458239722587677534e-01 -1.477144937848265727e+00 1.018652797280310551e-01 -1.412595297587813548e+00 -1.454797121396040893e+00 -2.586361860956230885e+00 -1.418368685378425198e+00 -1.778809297204247741e+00 -5.162599775900957866e-01 -1.765521206872506355e+00 -2.344725332177063137e+00 -2.227902856300545409e+00 4.061517655941315752e-03 -2.091736876700281300e+00 -6.791948308335236106e-01 1.608306421149165999e+00 -1.072813613152789003e+00 6.306252547808526288e-01 2.030273025114922802e+00 9.116386053532323785e-01 9.511361336311097148e-01 -5.425072516527507105e-02 7.001934504965561246e-01 -4.827714019983204707e-01 -8.983625088469580078e-01
3.850194918070599215e+00 5.702710517187654204e+00 2.232486525896149487e+00 6.566918558715997278e-01 1.486313521598560783e+00 -1.342843107475289344e+00 -1.097413055063270804e+00 -1.644403889434215671e+00 -1.680748794895919218e+00 -8.779361624366970318e-01 -3.521217482511133312e+00 7.574619218235056906e-02 -4.913525718943674292e-01 -1.687580455652721412e+00 -2.229502039642000000e+00 -7.887958081300894264e-01 -3.580201623290520274e+00 1.292230667526155230e-01 -6.504282760975570454e-01 -1.325854041844195308e+00 9.512697022303200356e-01 -5.888460545918405842e-01 1.010701792875011051e+00 1.941608922375962720e+00 2.953827327328895080e-01 1.998429147946694684e+00 -5.783506001209275382e-01 -3.074972220485960861e-01 1.561105705788861542e+00 5.011083068989705680e-01
2.552280788467385264e+00 2.232486525896149487e+00 2.549970321310354393e+00 5.807995503133724924e-01 8.869389080128371461e-01 -5.492729179018738250e-01 -5.639298095886147166e-01 -3.794594720608870375e-01 -1.218567205494764494e+00 -6.372699862065474008e-01 -1.765748760637620762e+00 -6.337513859578507436e-01 -5.857206840560138517e-01 -6.284614730658404369e-01 -1.163603618373826976e+00 -1.027872966661107057e+00 -1.422696580928857202e+00 -8.075760159692890738e-02 -8.549804485562901846e-01 -5.150486698879603864e-01 7.612724918735125357e-01 -2.124207678800189569e-01 3.908183360620682834e-01 1.010542151389586252e+00 5.364145296306332966e-01 7.676319647040372729e-01 -4.202258515609287315e-01 2.126995952865513573e-01 4.335392618808668885e-01 -2.556073995802989884e-01
1.500117179741664586e+00 6.566918558715997278e-01 5.807995503133724924e-01 5.116191996451107116e-01 2.593167994304508284e-01 2.727208218072973978e-02 -3.326416078958800426e-01 1.345827118604461248e-01 -2.522041183218561855e-01 -3.281436244267297297e-01 -5.798136853986193273e-01 -3.970677601950001190e-01 -4.366130272514396893e-01 -9.744213794255074390e-02 -3.559720827906289742e-01 -6.344487711705255606e-01 -3.732807517647529494e-01 -3.324205823184911424e-02 -5.852671319911451064e-01 -6.531422179767787384e-02 3.735851393161624401e-01 -2.483199935614379683e-01 1.249798426770212245e-01 4.069422248451814994e-01 2.852012533371066638e-01 1.381269556036954782e-01 -4.207824043214714038e-02 2.684984475110923086e-01 -1.978462433596632764e-01 -3.080351962869372073e-01
9.586721894133347632e-01 1.486313521598560783e+00 8.869389080128371461e-01 2.593167994304508284e-01 8.906172201693038915e-01 -2.519839507075971596e-01 -3.759674165348201313e-01 -4.791363527818361945e-01 -5.878106566868268601e-01 -2.485824749246035026e-01 -1.304909647297904485e+00 2.498007735078999758e-02 -2.322458422236195474e-02 -6.668187878718185857e-01 -7.088903748585266840e-01 -3.073702126476973717e-01 -1.069114127894692956e+00 -5.016479202220125444e-02 -2.657551519545222618e-01 -3.064245738840440936e-01 3.573339110687356879e-01 -1.422303701253895269e-01 3.072885339905724322e-01 5.858638602844621346e-01 2.047489276764622446e-01 5.633095019759934985e-01 -2.737193012946477211e-01 -5.960850399185346760e-02 5.788746999763816348e-01 1.745131819495782111e-02
-6.458239722587677534e-01 -1.342843107475289344e+00 -5.492729179018738250e-01 2.727208218072973978e-02 -2.519839507075971596e-01 1.066102503834486015e+00 7.022800766787895554e-02 8.532054059620008957e-01 3.759939244667407365e-01 2.232947063177448399e-01 4.989076273039927401e-01 -4.399241496867603018e-01 1.172203624026906255e-01 2.006562147242902938e-01 3.569302930275739527e-01 -1.975497306523266161e-01 9.587847735331251897e-01 -1.656592454003202874e-01 -1.723306435407323534e-01 6.565010466509875187e-01 -1.131249312227282644e-01 7.524887527858936664e-02 -2.253261464980482742e-01 -4.937976726745318956e-01 1.188650637783439379e-01 -6.299984680954935357e-01 1.847105241307644974e-01 3.835755907429074796e-01 -7.179039980095467399e-01 -2.219595127606339702e-01
-1.477144937848265727e+00 -1.097413055063270804e+00 -5.639298095886147166e-01 -3.326416078958800426e-01 -3.759674165348201313e-01 7.022800766787895554e-02 5.387003706022710503e-01 4.047178320951161368e-02 3.076972604176830828e-01 3.408057338591561347e-01 8.767657321174624485e-01 2.886918119913843839e-01 3.059738210469049591e-01 3.287961954742968373e-01 5.861660818493419356e-01 5.380027067002401964e-01 6.481842714130721106e-01 4.562780578390857045e-02 3.996175379602959765e-01 1.057980084113410157e-01 -3.816855672502583730e-01 1.488339498500863556e-01 -2.282787271055326528e-01 -4.839507757696992485e-01 -2.770939011612654213e-01 -3.250940260167567430e-01 3.800883273578392618e-02 -1.850533969738421547e-01 2.673645496309973169e-02 9.314642351222346406e-02
1.018652797280310551e-01 -1.644403889434215671e+00 -3.794594720608870375e-01 1.345827118604461248e-01 -4.791363527818361945e-01 8.532054059620008957e-01 4.047178320951161368e-02 1.195949379805995250e+00 4.806783606370572670e-01 1.222402428461464297e-01 9.199691716165148136e-01 -6.877013415544865893e-01 -1.977505076118291072e-01 4.362393221938418719e-01 4.895690786058821686e-01 -3.790305523742176774e-01 1.057387198506944515e+00 -6.858014632967979196e-02 -4.037199294985214237e-01 7.065258225694037719e-01 -2.756926808109483318e-02 -1.526290102133884830e-01 -2.113243030227636154e-01 -4.008047237182381650e-01 2.088436531253705652e-01 -7.863166878042875396e-01 3.012750784842523899e-01 5.251267518394229228e-01 -1.194889039131624031e+00 -5.606141133017672473e-01
-1.412595297587813548e+00 -1.680748794895919218e+00 -1.218567205494764494e+00 -2.522041183218561855e-01 -5.878106566868268601e-01 3.759939244667407365e-01 3.076972604176830828e-01 4.806783606370572670e-01 8.842472243586030345e-01 3.609655945758731832e-01 1.329388287465235408e+00 1.425754484964727453e-01 2.012115351288343845e-01 4.627455805992894966e-01 7.073091586042892231e-01 4.623220252980217992e-01 9.605586235946361739e-01 1.852826819987285489e-02 3.221223946965210416e-01 4.341834902180039535e-01 -4.029751332747082415e-01 5.481093728604946591e-02 -2.037843409206629985e-01 -5.769092093370318253e-01 -1.106668039934675107e-01 -5.907320531581490286e-01 2.444571187949122759e-01 6.633650012952330144e-02 -6.044792079232479409e-01 -1.746582149207256407e-01
-1.454797121396040893e+00 -8.779361624366970318e-01 -6.372699862065474008e-01 -3.281436244267297297e-01 -2.485824749246035026e-01 2.232947063177448399e-01 3.408057338591561347e-01 1.222402428461464297e-01 3.609655945758731832e-01 4.043297418935480891e-01 6.867738033064370029e-01 2.116715112570091151e-01 3.974600720242165153e-01 9.566119289172547724e-02 4.202292516453098870e-01 5.164380108453769935e-01 4.741381638206121352e-01 2.651294561349004653e-02 3.906633766217169068e-01 2.139635259735541695e-01 -3.526048216991171103e-01 9.376362762043299881e-02 -1.156877556853146416e-01 -4.230110196496070785e-01 -2.185967840742364388e-01 -2.921783939972897315e-01 6.150555265219281864e-02 -1.419231543828232134e-01 -5.839319096770623219e-02 1.087052508970032250e-01
-2.586361860956230885e+00 -3.521217482511133312e+00 -1.765748760637620762e+00 -5.798136853986193273e-01 -1.304909647297904485e+00 4.989076273039927401e-01 8.767657321174624485e-01 9.199691716165148136e-01 1.329388287465235408e+00 6.867738033064370029e-01 2.859447944385919982e+00 1.380943081575765063e-01 2.973641824261790134e-01 1.159875498071187394e+00 1.565299122905003060e+00 8.849706155735930224e-01 2.071663319891513311e+00 8.845091290845630283e-02 5.999838050348955676e-01 7.161441298940758315e-01 -7.635231991543491858e-01 1.507381982205515669e-01 -5.305693812672416243e-01 -1.165587115423534215e+00 -3.396412287631278559e-01 -1.256687774892270681e+00 4.538256327496696940e-01 9.218997244829552073e-03 -1.113717369422090542e+00 -3.791068654259106552e-01
-1.418368685378425198e+00 7.574619218235056906e-02 -6.337513859578507436e-01 -3.970677601950001190e-01 2.498007735078999758e-02 -4.399241496867603018e-01 2.886918119913843839e-01 -6.877013415544865893e-01 1.425754484964727453e-01 2.116715112570091151e-01 1.380943081575765063e-01 8.638722367185778239e-01 4.495851014946765645e-01 -1.055458385170595648e-01 1.735212206982055250e-01 7.639967843617512244e-01 -1.551166908181471626e-01 7.016872779951199846e-02 6.837585330424360563e-01 -2.796582769187239137e-01 -3.541857504184235950e-01 2.094809626546805248e-01 -1.841040509225422284e-02 -1.696794526817484439e-01 -3.425015688416124249e-01 2.389892548250145410e-01 -1.042112604313274460e-01 -4.492471990502053814e-01 7.686235185560121863e-01 4.516150517551977828e-01
-1.778809297204247741e+00 -4.913525718943674292e-01 -5.857206840560138517e-01 -4.366130272514396893e-01 -2.322458422236195474e-02 1.172203624026906255e-01 3.059738210469049591e-01 -1.977505076118291072e-01 2.012115351288343845e-01 3.974600720242165153e-01 2.973641824261790134e-01 4.495851014946765645e-01 6.450589968720237266e-01 -1.698716092702738933e-01 2.423460006749564855e-01 6.443697174522640125e-01 2.666993944195610311e-01 -2.091103628458768071e-02 5.859563005341783537e-01 1.190864617074680609e-01 -3.590110181640397968e-01 2.430755344377359961e-01 -1.061577704560932034e-01 -4.050114174808641110e-01 -3.071023080635200131e-01 -9.018944351566915429e-02 -1.414274437115636829e-02 -2.993697340609173807e-01 3.953967143687009411e-01 3.744340893993580721e-01
-5.162599775900957866e-01 -1.687580455652721412e+00 -6.284614730658404369e-01 -9.744213794255074390e-02 -6.668187878718185857e-01 2.006562147242902938e-01 3.287961954742968373e-01 4.362393221938418719e-01 4.627455805992894966e-01 9.566119289172547724e-02 1.159875498071187394e+00 -1.055458385170595648e-01 -1.698716092702738933e-01 9.656359499320501527e-01 7.148364843233707688e-01 1.112525590554014343e-01 1.176511327072887525e+00 1.831879158203264524e-03 9.609013744383787525e-02 2.030616294772471520e-01 -2.012259994689884479e-01 1.602493580035684317e-01 -3.816461136680118216e-01 -4.859575735413841358e-01 -9.645329770552280024e-02 -5.981855232631119179e-01 2.290186450950955077e-01 8.797871539616153314e-02 -6.070940490529892486e-01 -1.878968465944694799e-01
-1.765521206872506355e+00 -2.229502039642000000e+00 -1.163603618373826976e+00 -3.559720827906289742e-01 -7.088903748585266840e-01 3.569302930275739527e-01 5.861660818493419356e-01 4.895690786058821686e-01 7.073091586042892231e-01 4.202292516453098870e-01 1.565299122905003060e+00 1.735212206982055250e-01 2.423460006749564855e-01 7.148364843233707688e-01 1.133401534522533893e+00 5.385228680242448718e-01 1.406783783923060582e+00 7.530438356218382978e-02 3.973834607571404831e-01 3.690560880991142767e-01 -5.041945423775473500e-01 2.157163946213529471e-01 -4.116346659156420174e-01 -8.261824837211975137e-01 -2.593013012800042816e-01 -7.404012217203330692e-01 1.895658107056306108e-01 -1.956946249640623137e-02 -4.551173893547115767e-01 -1.420504907108011139e-01
-2.344725332177063137e+00 -7.887958081300894264e-01 -1.027872966661107057e+00 -6.344487711705255606e-01 -3.073702126476973717e-01 -1.975497306523266161e-01 5.380027067002401964e-01 -3.790305523742176774e-01 4.623220252980217992e-01 5.164380108453769935e-01 8.849706155735930224e-01 7.639967843617512244e-01 6.443697174522640125e-01 1.112525590554014343e-01 5.385228680242448718e-01 1.166102875186993515e+00 2.796163339502300005e-01 9.783996267799466295e-02 9.173611183334742236e-01 -4.619157288402675476e-03 -6.145956080753762762e-01 1.797093417003452487e-01 -7.318182312957333124e-02 -4.708993036900324114e-01 -4.749226793857985740e-01 -1.097466785855658600e-01 6.129461857875639907e-02 -5.078875271389620139e-01 3.869033288741832166e-01 3.869412275802233125e-01
-2.227902856300545409e+00 -3.580201623290520274e+00 -1.422696580928857202e+00 -3.732807517647529494e-01 -1.069114127894692956e+00 9.587847735331251897e-01 6.481842714130721106e-01 1.057387198506944515e+00 9.605586235946361739e-01 4.741381638206121352e-01 2.071663319891513311e+00 -1.551166908181471626e-01 2.666993944195610311e-01 1.176511327072887525e+00 1.406783783923060582e+00 2.796163339502300005e-01 2.552574939978455859e+00 -1.330661428464736673e-01 3.554335297893942425e-01 8.062717047816363447e-01 -5.302735652169872083e-01 5.659113605268544234e-01 -7.864349240208525771e-01 -1.329423500247742140e+00 -2.285402536157334907e-01 -1.277753223060187793e+00 3.788982624626555662e-01 2.397395362187921819e-01 -9.509047993469721405e-01 -1.344472267872447446e-01
4.061517655941315752e-03 1.292230667526155230e-01 -8.075760159692890738e-02 -3.324205823184911424e-02 -5.016479202220125444e-02 -1.656592454003202874e-01 4.562780578390857045e-02 -6.858014632967979196e-02 1.852826819987285489e-02 2.651294561349004653e-02 8.845091290845630283e-02 7.016872779951199846e-02 -2.091103628458768071e-02 1.831879158203264524e-03 7.530438356218382978e-02 9.783996267799466295e-02 -1.330661428464736673e-01 2.027416859115476200e-01 5.786133020103534363e-02 -9.438836398999228550e-02 -3.836419300120041953e-02 -8.628184458760301823e-02 8.398480646357597834e-02 1.480932948072677391e-02 -3.520576799004970781e-02 4.901106958510581535e-02 -5.753320460956956595e-02 -5.626385872477612793e-02 -6.302708933219491882e-03 -3.923782678322140782e-02
-2.091736876700281300e+00 -6.504282760975570454e-01 -8.549804485562901846e-01 -5.852671319911451064e-01 -2.657551519545222618e-01 -1.723306435407323534e-01 3.996175379602959765e-01 -4.037199294985214237e-01 3.221223946965210416e-01 3.906633766217169068e-01 5.999838050348955676e-01 6.837585330424360563e-01 5.859563005341783537e-01 9.609013744383787525e-02 3.973834607571404831e-01 9.173611183334742236e-01 3.554335297893942425e-01 5.786133020103534363e-02 8.933368670615209339e-01 -1.467068509523983266e-02 -5.049237121180851773e-01 3.697757603819411543e-01 -1.143694524918998923e-01 -4.897960146141997484e-01 -4.316275632949384544e-01 -4.888009680362870313e-02 3.717185320368798784e-02 -4.480795526046108535e-01 4.463151668565785712e-01 5.237331544425956054e-01
-6.791948308335236106e-01 -1.325854041844195308e+00 -5.150486698879603864e-01 -6.531422179767787384e-02 -3.064245738840440936e-01 6.565010466509875187e-01 1.057980084113410157e-01 7.065258225694037719e-01 4.341834902180039535e-01 2.139635259735541695e-01 7.161441298940758315e-01 -2.796582769187239137e-01 1.190864617074680609e-01 2.030616294772471520e-01 3.690560880991142767e-01 -4.619157288402675476e-03 8.062717047816363447e-01 -9.438836398999228550e-02 -1.467068509523983266e-02 6.239067756528129394e-01 -1.162801758665068519e-01 4.204891586721259955e-02 -2.138251086491891328e-01 -4.380389818473986452e-01 3.418210428253587452e-02 -5.756749788689603520e-01 1.913877904032119659e-01 2.487198583102099292e-01 -6.341319463730314965e-01 -2.077138908355777858e-01
1.608306421149165999e+00 9.512697022303200356e-01 7.612724918735125357e-01 3.735851393161624401e-01 3.573339110687356879e-01 -1.131249312227282644e-01 -3.816855672502583730e-01 -2.756926808109483318e-02 -4.029751332747082415e-01 -3.526048216991171103e-01 -7.635231991543491858e-01 -3.541857504184235950e-01 -3.590110181640397968e-01 -2.012259994689884479e-01 -5.041945423775473500e-01 -6.145956080753762762e-01 -5.302735652169872083e-01 -3.836419300120041953e-02 -5.049237121180851773e-01 -1.162801758665068519e-01 5.112548860278707252e-01 -1.624398178178410035e-01 1.276470459717415906e-01 4.759691897963875817e-01 2.467428804557130206e-01 2.361231003985722054e-01 -1.149614741771642912e-01 1.466264146538946989e-01 -3.349978555388588575e-02 -2.206913123833942336e-01
-1.072813613152789003e+00 -5.888460545918405842e-01 -2.124207678800189569e-01 -2.483199935614379683e-01 -1.422303701253895269e-01 7.524887527858936664e-02 1.488339498500863556e-01 -1.526290102133884830e-01 5.481093728604946591e-02 9.376362762043299881e-02 1.507381982205515669e-01 2.094809626546805248e-01 2.430755344377359961e-01 1.602493580035684317e-01 2.157163946213529471e-01 1.797093417003452487e-01 5.659113605268544234e-01 -8.628184458760301823e-02 3.697757603819411543e-01 4.204891586721259955e-02 -1.624398178178410035e-01 5.458511395957827972e-01 -2.205956703282652143e-01 -4.262250817469634967e-01 -1.389396727406335685e-01 -7.965134141679186541e-02 -4.678844070372178976e-02 -1.209365281970917749e-01 2.650034749673295664e-01 3.788988723212582954e-01
6.306252547808526288e-01 1.010701792875011051e+00 3.908183360620682834e-01 1.249798426770212245e-01 3.072885339905724322e-01 -2.253261464980482742e-01 -2.282787271055326528e-01 -2.113243030227636154e-01 -2.037843409206629985e-01 -1.156877556853146416e-01 -5.305693812672416243e-01 -1.841040509225422284e-02 -1.061577704560932034e-01 -3.816461136680118216e-01 -4.116346659156420174e-01 -7.318182312957333124e-02 -7.864349240208525771e-01 8.398480646357597834e-02 -1.143694524918998923e-01 -2.138251086491891328e-01 1.276470459717415906e-01 -2.205956703282652143e-01 3.677246717766706752e-01 3.999584800642423943e-01 1.334136483247903016e-01 3.369850891123178371e-01 -9.389508739383245484e-02 -3.074662301429498257e-02 1.011013845053980731e-01 -4.935814309067154682e-02
2.030273025114922802e+00 1.941608922375962720e+00 1.010542151389586252e+00 4.069422248451814994e-01 5.858638602844621346e-01 -4.937976726745318956e-01 -4.839507757696992485e-01 -4.008047237182381650e-01 -5.769092093370318253e-01 -4.230110196496070785e-01 -1.165587115423534215e+00 -1.696794526817484439e-01 -4.050114174808641110e-01 -4.859575735413841358e-01 -8.261824837211975137e-01 -4.708993036900324114e-01 -1.329423500247742140e+00 1.480932948072677391e-02 -4.897960146141997484e-01 -4.380389818473986452e-01 4.759691897963875817e-01 -4.262250817469634967e-01 3.999584800642423943e-01 9.179948446547427920e-01 2.611275305833373750e-01 6.280184731248255048e-01 -1.581041897982800037e-01 5.498123601910265279e-04 2.643627553615601755e-01 -1.946441963021925403e-01
9.116386053532323785e-01 2.953827327328895080e-01 5.364145296306332966e-01 2.852012533371066638e-01 2.047489276764622446e-01 1.188650637783439379e-01 -2.770939011612654213e-01 2.088436531253705652e-01 -1.106668039934675107e-01 -2.185967840742364388e-01 -3.396412287631278559e-01 -3.425015688416124249e-01 -3.071023080635200131e-01 -9.645329770552280024e-02 -2.593013012800042816e-01 -4.749226793857985740e-01 -2.285402536157334907e-01 -3.520576799004970781e-02 -4.316275632949384544e-01 3.418210428253587452e-02 2.467428804557130206e-01 -1.389396727406335685e-01 1.334136483247903016e-01 2.611275305833373750e-01 3.658155541083942808e-01 5.813180555287544848e-02 -9.332646530174315558e-02 2.856276297427484678e-01 -2.700675306317066315e-01 -3.221488826547442841e-01
9.511361336311097148e-01 1.998429147946694684e+00 7.676319647040372729e-01 1.381269556036954782e-01 5.633095019759934985e-01 -6.299984680954935357e-01 -3.250940260167567430e-01 -7.863166878042875396e-01 -5.907320531581490286e-01 -2.921783939972897315e-01 -1.256687774892270681e+00 2.389892548250145410e-01 -9.018944351566915429e-02 -5.981855232631119179e-01 -7.404012217203330692e-01 -1.097466785855658600e-01 -1.277753223060187793e+00 4.901106958510581535e-02 -4.888009680362870313e-02 -5.756749788689603520e-01 2.361231003985722054e-01 -7.965134141679186541e-02 3.369850891123178371e-01 6.280184731248255048e-01 5.813180555287544848e-02 8.364113666822845516e-01 -2.634811513365775681e-01 -2.016544551352126291e-01 7.594840676272838209e-01 3.048379208954656860e-01
-5.425072516527507105e-02 -5.783506001209275382e-01 -4.202258515609287315e-01 -4.207824043214714038e-02 -2.737193012946477211e-01 1.847105241307644974e-01 3.800883273578392618e-02 3.012750784842523899e-01 2.444571187949122759e-01 6.150555265219281864e-02 4.538256327496696940e-01 -1.042112604313274460e-01 -1.414274437115636829e-02 2.290186450950955077e-01 1.895658107056306108e-01 6.129461857875639907e-02 3.788982624626555662e-01 -5.753320460956956595e-02 3.717185320368798784e-02 1.913877904032119659e-01 -1.149614741771642912e-01 -4.678844070372178976e-02 -9.389508739383245484e-02 -1.581041897982800037e-01 -9.332646530174315558e-02 -2.634811513365775681e-01 3.160688205967403519e-01 5.260532431475439807e-02 -3.449598312828925373e-01 -7.976636308205797832e-02
7.001934504965561246e-01 -3.074972220485960861e-01 2.126995952865513573e-01 2.684984475110923086e-01 -5.960850399185346760e-02 3.835755907429074796e-01 -1.850533969738421547e-01 5.251267518394229228e-01 6.633650012952330144e-02 -1.419231543828232134e-01 9.218997244829552073e-03 -4.492471990502053814e-01 -2.993697340609173807e-01 8.797871539616153314e-02 -1.956946249640623137e-02 -5.078875271389620139e-01 2.397395362187921819e-01 -5.626385872477612793e-02 -4.480795526046108535e-01 2.487198583102099292e-01 1.466264146538946989e-01 -1.209365281970917749e-01 -3.074662301429498257e-02 5.498123601910265279e-04 2.856276297427484678e-01 -2.016544551352126291e-01 5.260532431475439807e-02 4.489308936911129422e-01 -5.112764714584159265e-01 -3.373132168642882789e-01
-4.827714019983204707e-01 1.561105705788861542e+00 4.335392618808668885e-01 -1.978462433596632764e-01 5.788746999763816348e-01 -7.179039980095467399e-01 2.673645496309973169e-02 -1.194889039131624031e+00 -6.044792079232479409e-01 -5.839319096770623219e-02 -1.113717369422090542e+00 7.686235185560121863e-01 3.953967143687009411e-01 -6.070940490529892486e-01 -4.551173893547115767e-01 3.869033288741832166e-01 -9.509047993469721405e-01 -6.302708933219491882e-03 4.463151668565785712e-01 -6.341319463730314965e-01 -3.349978555388588575e-02 2.650034749673295664e-01 1.011013845053980731e-01 2.643627553615601755e-01 -2.700675306317066315e-01 7.594840676272838209e-01 -3.449598312828925373e-01 -5.112764714584159265e-01 1.500172675057172000e+00 6.957375502170179971e-01
-8.983625088469580078e-01 5.011083068989705680e-01 -2.556073995802989884e-01 -3.080351962869372073e-01 1.745131819495782111e-02 -2.219595127606339702e-01 9.314642351222346406e-02 -5.606141133017672473e-01 -1.746582149207256407e-01 1.087052508970032250e-01 -3.791068654259106552e-01 4.516150517551977828e-01 3.744340893993580721e-01 -1.878968465944694799e-01 -1.420504907108011139e-01 3.869412275802233125e-01 -1.344472267872447446e-01 -3.923782678322140782e-02 5.237331544425956054e-01 -2.077138908355777858e-01 -2.206913123833942336e-01 3.788988723212582954e-01 -4.935814309067154682e-02 -1.946441963021925403e-01 -3.221488826547442841e-01 3.048379208954656860e-01 -7.976636308205797832e-02 -3.373132168642882789e-01 6.957375502170179971e-01 8.770027859731612807e-01
