7.662355472669219125e+00 3.220780502173624882e+00 2.952308737867440414e+00 1.640502260733569528e+00 9.460320165129019188e-01 -6.487043184678782382e-01 -1.567285984466366244e+00 1.804534326802240685e-01 -1.241858976125172376e+00 -1.708011231983789457e+00 -2.482694554505712858e+00 -1.740727300720379844e+00 -1.914608024622111770e+00 -1.751811923996342557e-01 -1.589616223238124348e+00 -2.745241852759477297e+00 -1.721297949423217233e+00 -1.026013871079385353e-01 -2.241069064106795850e+00 -4.655655046341848902e-01 1.941894929223110466e+00 -9.179076798793062153e-01 3.925780779339902438e-01 2.093609643842853529e+00 1.126154080556943882e+00 7.197175527245462945e-01 -1.801925696371426966e-01 6.651123874421500659e-01 -6.148247994352686874e-01 -1.484113489798460250e+00
3.220780502173624882e+00 4.338040584669954569e+00 1.823861453978054215e+00 3.725830375087184620e-01 1.056582009567989644e+00 -1.289791135458074223e+00 -9.181985492913895541e-01 -1.442909732184944005e+00 -1.379909660569524021e+00 -7.158029808811647854e-01 -2.701940896321104901e+00 -1.097430042921700988e-01 -4.870363002335693636e-01 -8.895268425398512591e-01 -1.740952785782269530e+00 -6.130285838813733790e-01 -2.511790841637321137e+00 -1.578732951498977854e-01 -4.160103025791386244e-01 -8.471556277888794284e-01 7.066892562084490237e-01 -4.351009082615178158e-01 6.263425698619471405e-01 1.650833887443354797e+00 2.152582434881082918e-01 1.508904686807909457e+00 -7.692225224138837802e-02 -2.234460122626273915e-01 8.634529817791758433e-01 5.738068943234679864e-01
2.952308737867440414e+00 1.823861453978054215e+00 3.119323975044721919e+00 6.810889276467264608e-01 1.044755964551768557e+00 -3.697523375968785331e-01 -7.419163935371670959e-01 -3.171263733481737290e-01 -1.364918082970120849e+00 -7.995258878158324478e-01 -1.987078342888366933e+00 -9.626289191372734422e-01 -6.509382676365476073e-01 -4.452423848201192413e-01 -1.273189358582612840e+00 -1.361960787656073535e+00 -1.080805325387586890e+00 -3.119107733903092594e-01 -9.780526237539106660e-01 -2.955195877644882785e-01 9.112950344089085775e-01 -7.093798064926204461e-02 2.480275911798344168e-01 1.020872507120145656e+00 6.893837241780147451e-01 7.213517122634698353e-01 -4.392189361798273239e-01 2.805490046328600329e-01 2.877759203955747580e-01 -3.298745394086495253e-01
1.640502260733569528e+00 3.725830375087184620e-01 6.810889276467264608e-01 6.134904771435003568e-01 2.279947042283652081e-01 1.855837373734630091e-01 -3.623439406935631268e-01 2.666423950767580209e-01 -1.595280732211676877e-01 -4.008854156178927042e-01 -5.344090943374339986e-01 -5.544173740351538981e-01 -4.725745227510742552e-01 -2.000046355880158444e-02 -3.076719743967828435e-01 -8.020684200209871051e-01 -1.577460074084342523e-01 -6.560562097683941829e-02 -6.724393995688728864e-01 4.822578439603830702e-02 4.843310835410647996e-01 -2.043430179510323796e-01 5.562858337071929782e-02 3.713617404668525523e-01 3.641533855440002299e-01 2.409686195846916235e-02 -1.070387238901275850e-01 2.965075180812277722e-01 -2.830162836987710762e-01 -5.281039414203405613e-01
9.460320165129019188e-01 1.056582009567989644e+00 1.044755964551768557e+00 2.279947042283652081e-01 8.287639944773559364e-01 -2.059958977633300492e-01 -3.681586385539503681e-01 -4.261433710964297461e-01 -6.217227484186764741e-01 -2.533684121628425601e-01 -1.160261483058775411e+00 -1.296276576610466691e-01 -7.314883911965353036e-02 -4.006727576614821373e-01 -6.467558572315965648e-01 -3.491930940562610886e-01 -7.238092907554118938e-01 -1.843797499463448730e-01 -2.528699141919332760e-01 -1.778365386940095050e-01 3.302181821165390829e-01 -7.268597857225245207e-02 1.761962537688646080e-01 5.197500251554174611e-01 2.171145650386279158e-01 4.513093334360291919e-01 -1.650437380373546148e-01 -2.171641832109116876e-02 3.758713442191492504e-01 5.880060364711425791e-02
-6.487043184678782382e-01 -1.289791135458074223e+00 -3.697523375968785331e-01 1.855837373734630091e-01 -2.059958977633300492e-01 1.242109696193438140e+00 4.803033532749623191e-02 9.065841037395330204e-01 4.433374754589181066e-01 1.445411575861044184e-01 3.905398197047134090e-01 -4.933404808190857693e-01 1.465147290908248578e-01 4.897244829322744408e-02 2.380628408567417864e-01 -3.046232790724161532e-01 9.023414282120825192e-01 -1.200681036963828774e-01 -2.349487989404508426e-01 6.022416210348069399e-01 2.211289822628259572e-02 1.163452637344164486e-01 -1.903720510862285664e-01 -5.274096925710409778e-01 1.787981837674692542e-01 -6.176878311483733341e-01 -4.707297809329702432e-02 3.684629452894796486e-01 -5.468327119818354731e-01 -3.879783937603065169e-01
-1.567285984466366244e+00 -9.181985492913895541e-01 -7.419163935371670959e-01 -3.623439406935631268e-01 -3.681586385539503681e-01 4.803033532749623191e-02 5.418523786474338522e-01 5.024838890255978185e-02 2.978295086612092746e-01 4.012258028015480704e-01 8.659612017910944815e-01 4.105768241018949993e-01 3.436303498475581364e-01 1.864436324070766204e-01 5.821424119883431558e-01 6.338656137648399636e-01 4.703752866258810172e-01 1.094335299188173849e-01 4.190877902312877268e-01 5.066607851267690421e-02 -4.616809213103465481e-01 8.744030866785124090e-02 -1.453317647218455022e-01 -4.845950368393232566e-01 -3.189233677744596207e-01 -2.595201992627949039e-01 4.927173624122360707e-02 -1.785470361958232388e-01 6.751517519381877719e-02 1.909071583267518690e-01
1.804534326802240685e-01 -1.442909732184944005e+00 -3.171263733481737290e-01 2.666423950767580209e-01 -4.261433710964297461e-01 9.065841037395330204e-01 5.024838890255978185e-02 1.161495119204744242e+00 5.723580629497746486e-01 2.682236130488035997e-02 8.080904904376779996e-01 -6.176551047828979790e-01 -1.576827480932365688e-01 2.394700099071087607e-01 4.079206203421108512e-01 -4.379034529117689090e-01 8.658227334116190832e-01 3.840637291443727008e-02 -4.359037640755900611e-01 5.638401052398194224e-01 1.362469815641702553e-01 -1.287326700272046764e-01 -1.675045692257981500e-01 -3.654623248337429686e-01 2.229894840793349431e-01 -7.302003610593601479e-01 2.308855424115563437e-02 4.130662695790761063e-01 -8.719596727330554131e-01 -7.843612069028722544e-01
-1.241858976125172376e+00 -1.379909660569524021e+00 -1.364918082970120849e+00 -1.595280732211676877e-01 -6.217227484186764741e-01 4.433374754589181066e-01 2.978295086612092746e-01 5.723580629497746486e-01 1.000417761621349655e+00 3.513951004806585843e-01 1.310924213037651498e+00 1.730293087132395158e-01 1.542216618942120476e-01 2.736560795699460868e-01 6.492658796279329181e-01 4.136897459633814833e-01 7.126810304403647933e-01 1.396643836444582121e-01 2.209209272064924789e-01 3.634457089228817495e-01 -3.337401988061401426e-01 -5.390156932668332956e-02 -9.751587493366287163e-02 -5.063686361526720248e-01 -8.157692532626015236e-02 -5.720624586501230624e-01 1.531852569195848446e-01 9.880889374676371517e-02 -5.618550247824600774e-01 -3.538723658197113764e-01
-1.708011231983789457e+00 -7.158029808811647854e-01 -7.995258878158324478e-01 -4.008854156178927042e-01 -2.533684121628425601e-01 1.445411575861044184e-01 4.012258028015480704e-01 2.682236130488035997e-02 3.513951004806585843e-01 4.760782933125824457e-01 7.119987385045760675e-01 3.871331365996297791e-01 4.627998785040290386e-01 1.321287937923898426e-02 4.109660681631339685e-01 6.873633072309530689e-01 3.308118711638030618e-01 6.066971352049677080e-02 4.874009017146647693e-01 1.159775520027324092e-01 -4.524864053312853684e-01 8.168211357826749008e-02 -7.316259969564953280e-02 -4.333385136083620637e-01 -3.005017713036863825e-01 -2.210616119841688487e-01 7.234707799938178141e-02 -1.871501688509624728e-01 6.457244133844142198e-02 2.582999387730637864e-01
-2.482694554505712858e+00 -2.701940896321104901e+00 -1.987078342888366933e+00 -5.344090943374339986e-01 -1.160261483058775411e+00 3.905398197047134090e-01 8.659612017910944815e-01 8.080904904376779996e-01 1.310924213037651498e+00 7.119987385045760675e-01 2.604480577721687951e+00 4.483488554603809462e-01 3.591616265920265505e-01 6.635624059122733343e-01 1.424964532207866341e+00 9.821637794522644072e-01 1.370480128270003206e+00 3.221353883402002793e-01 5.613701170143485797e-01 4.288496545905786661e-01 -7.305913760353064390e-01 8.286924575600096432e-04 -2.901648756047734423e-01 -9.992245924571534488e-01 -3.813111590980042820e-01 -1.016376253072394320e+00 2.402216126247935790e-01 -8.306941271251844228e-02 -7.067188129267378827e-01 -4.202394975245056230e-01
-1.740727300720379844e+00 -1.097430042921700988e-01 -9.626289191372734422e-01 -5.544173740351538981e-01 -1.296276576610466691e-01 -4.933404808190857693e-01 4.105768241018949993e-01 -6.176551047828979790e-01 1.730293087132395158e-01 3.871331365996297791e-01 4.483488554603809462e-01 9.486739537166499758e-01 4.517098169744713232e-01 1.692578818006040819e-02 3.509460817639364905e-01 9.761597851583587726e-01 -5.217757499752906369e-02 9.054658405676718758e-02 7.611425122204877880e-01 -2.350881162839186800e-01 -5.769519840932844090e-01 1.342010311403214473e-01 -1.802867629658067017e-02 -2.672512393649526530e-01 -4.336680368250540596e-01 1.541175285318558963e-01 1.105758894061636965e-01 -3.921098159570419739e-01 5.429295321005156438e-01 6.264012474797482355e-01
-1.914608024622111770e+00 -4.870363002335693636e-01 -6.509382676365476073e-01 -4.725745227510742552e-01 -7.314883911965353036e-02 1.465147290908248578e-01 3.436303498475581364e-01 -1.576827480932365688e-01 1.542216618942120476e-01 4.627998785040290386e-01 3.591616265920265505e-01 4.517098169744713232e-01 6.334132737136428659e-01 -1.402683774513775461e-01 2.301866193558339546e-01 7.230810022557250250e-01 2.705317062918766169e-01 -2.365800835480058595e-02 6.044714518338594189e-01 9.603007856702561185e-02 -4.579001123344141888e-01 2.137958171819889230e-01 -8.964988312646937629e-02 -4.561741381515957983e-01 -3.495275247247491279e-01 -9.382704589432933062e-02 7.028006186010316014e-02 -2.444811869334557741e-01 3.158909427812659487e-01 5.357580519072939751e-01
-1.751811923996342557e-01 -8.895268425398512591e-01 -4.452423848201192413e-01 -2.000046355880158444e-02 -4.006727576614821373e-01 4.897244829322744408e-02 1.864436324070766204e-01 2.394700099071087607e-01 2.736560795699460868e-01 1.321287937923898426e-02 6.635624059122733343e-01 1.692578818006040819e-02 -1.402683774513775461e-01 5.592272031671541299e-01 4.850909986552096598e-01 4.109198859362095391e-02 5.979718530248874231e-01 1.188816559226211211e-01 2.612918279831433210e-02 5.706610365677988739e-03 -9.163262299153984713e-02 8.883042531221008176e-02 -1.912544683127066492e-01 -2.809706333688382074e-01 -5.134823340227967492e-02 -3.143049223081106902e-01 4.909729810589169574e-02 3.109183020177397339e-02 -2.701783507220625324e-01 -1.747791784601986365e-01
-1.589616223238124348e+00 -1.740952785782269530e+00 -1.273189358582612840e+00 -3.076719743967828435e-01 -6.467558572315965648e-01 2.380628408567417864e-01 5.821424119883431558e-01 4.079206203421108512e-01 6.492658796279329181e-01 4.109660681631339685e-01 1.424964532207866341e+00 3.509460817639364905e-01 2.301866193558339546e-01 4.850909986552096598e-01 1.083826279501522549e+00 5.955472343625842768e-01 9.991049718561271220e-01 2.290458610909809067e-01 3.470653694513430310e-01 1.510217494936227922e-01 -5.020920980455798599e-01 1.053471031446804318e-01 -2.708435697991262714e-01 -7.219264003153398335e-01 -2.959318781454385316e-01 -5.766596183063938952e-01 8.094203539451427787e-02 -7.803385170853971431e-02 -2.328906223456783664e-01 -1.348797796036365071e-01
-2.745241852759477297e+00 -6.130285838813733790e-01 -1.361960787656073535e+00 -8.020684200209871051e-01 -3.491930940562610886e-01 -3.046232790724161532e-01 6.338656137648399636e-01 -4.379034529117689090e-01 4.136897459633814833e-01 6.873633072309530689e-01 9.821637794522644072e-01 9.761597851583587726e-01 7.230810022557250250e-01 4.109198859362095391e-02 5.955472343625842768e-01 1.427351937279325966e+00 1.378742427722841057e-01 1.357759590059686161e-01 1.045111542322104015e+00 -6.393457010108249960e-02 -8.279527732428277886e-01 1.253020197129330882e-01 -1.942316854280079497e-02 -5.091697738196216960e-01 -5.979336430758337428e-01 -6.592283667765741484e-02 2.071440661422343510e-01 -4.968307983781414805e-01 3.882770701219726561e-01 6.753898627922580999e-01
-1.721297949423217233e+00 -2.511790841637321137e+00 -1.080805325387586890e+00 -1.577460074084342523e-01 -7.238092907554118938e-01 9.023414282120825192e-01 4.703752866258810172e-01 8.658227334116190832e-01 7.126810304403647933e-01 3.308118711638030618e-01 1.370480128270003206e+00 -5.217757499752906369e-02 2.705317062918766169e-01 5.979718530248874231e-01 9.991049718561271220e-01 1.378742427722841057e-01 1.763939654604655516e+00 5.270025803565658862e-02 1.935192009029549354e-01 4.670830883889607321e-01 -3.488036971048700252e-01 4.508738610143154801e-01 -4.999418127312083016e-01 -1.100449695729139421e+00 -1.604214112875865794e-01 -8.862186821339719245e-01 5.136507647722510228e-02 1.854802137689830488e-01 -4.435367037223727493e-01 -1.359558643060836403e-01
-1.026013871079385353e-01 -1.578732951498977854e-01 -3.119107733903092594e-01 -6.560562097683941829e-02 -1.843797499463448730e-01 -1.200681036963828774e-01 1.094335299188173849e-01 3.840637291443727008e-02 1.396643836444582121e-01 6.066971352049677080e-02 3.221353883402002793e-01 9.054658405676718758e-02 -2.365800835480058595e-02 1.188816559226211211e-01 2.290458610909809067e-01 1.357759590059686161e-01 5.270025803565658862e-02 2.020565008891708203e-01 7.918791927636448236e-02 -5.105813214066756700e-02 -8.590714894700113291e-02 -6.567288353562616976e-02 1.282968860789424070e-02 -6.903753570725257305e-02 -8.170109827563010185e-02 -6.221436494536192185e-02 9.770948518053046428e-03 -4.582832742141818017e-02 -8.942745865846291053e-02 -8.415941781350966266e-02
-2.241069064106795850e+00 -4.160103025791386244e-01 -9.780526237539106660e-01 -6.724393995688728864e-01 -2.528699141919332760e-01 -2.349487989404508426e-01 4.190877902312877268e-01 -4.359037640755900611e-01 2.209209272064924789e-01 4.874009017146647693e-01 5.613701170143485797e-01 7.611425122204877880e-01 6.044714518338594189e-01 2.612918279831433210e-02 3.470653694513430310e-01 1.045111542322104015e+00 1.935192009029549354e-01 7.918791927636448236e-02 9.370692440238883592e-01 -5.729897786565629758e-02 -6.253498029385866630e-01 3.033940456271011499e-01 -4.132112579830504728e-02 -4.847395314553466505e-01 -4.884791220063675610e-01 1.698975359178689359e-02 1.570877728519519678e-01 -3.945474528652539448e-01 4.053963327579026554e-01 7.576867228032710955e-01
-4.655655046341848902e-01 -8.471556277888794284e-01 -2.955195877644882785e-01 4.822578439603830702e-02 -1.778365386940095050e-01 6.022416210348069399e-01 5.066607851267690421e-02 5.638401052398194224e-01 3.634457089228817495e-01 1.159775520027324092e-01 4.288496545905786661e-01 -2.350881162839186800e-01 9.603007856702561185e-02 5.706610365677988739e-03 1.510217494936227922e-01 -6.393457010108249960e-02 4.670830883889607321e-01 -5.105813214066756700e-02 -5.729897786565629758e-02 4.385601938780609999e-01 5.630779458897450240e-03 1.982398281802488782e-02 -1.081181461439655322e-01 -3.032596219101719726e-01 6.852096632417215005e-02 -4.046033866024458803e-01 1.963124465493137905e-02 1.875550674756141234e-01 -3.663253334491400892e-01 -2.570440510144180735e-01
1.941894929223110466e+00 7.066892562084490237e-01 9.112950344089085775e-01 4.843310835410647996e-01 3.302181821165390829e-01 2.211289822628259572e-02 -4.616809213103465481e-01 1.362469815641702553e-01 -3.337401988061401426e-01 -4.524864053312853684e-01 -7.305913760353064390e-01 -5.769519840932844090e-01 -4.579001123344141888e-01 -9.163262299153984713e-02 -5.020920980455798599e-01 -8.279527732428277886e-01 -3.488036971048700252e-01 -8.590714894700113291e-02 -6.253498029385866630e-01 5.630779458897450240e-03 6.438519366372474906e-01 -1.592939629009890723e-01 6.284806489901484383e-02 4.866685909822194844e-01 3.480952558640524330e-01 1.301917431974857209e-01 -1.273487261811396820e-01 2.103426173248408304e-01 -2.007980431935720844e-01 -4.378885102602225743e-01
-9.179076798793062153e-01 -4.351009082615178158e-01 -7.093798064926204461e-02 -2.043430179510323796e-01 -7.268597857225245207e-02 1.163452637344164486e-01 8.744030866785124090e-02 -1.287326700272046764e-01 -5.390156932668332956e-02 8.168211357826749008e-02 8.286924575600096432e-04 1.342010311403214473e-01 2.137958171819889230e-01 8.883042531221008176e-02 1.053471031446804318e-01 1.253020197129330882e-01 4.508738610143154801e-01 -6.567288353562616976e-02 3.033940456271011499e-01 1.982398281802488782e-02 -1.592939629009890723e-01 4.820667816598529498e-01 -1.421327365404749798e-01 -4.057955150414045420e-01 -1.088817634551730862e-01 -8.974059939362177829e-03 -4.542522809396132288e-02 -6.254826521984568899e-02 2.272702235501640189e-01 4.451339892801797760e-01
3.925780779339902438e-01 6.263425698619471405e-01 2.480275911798344168e-01 5.562858337071929782e-02 1.761962537688646080e-01 -1.903720510862285664e-01 -1.453317647218455022e-01 -1.675045692257981500e-01 -9.751587493366287163e-02 -7.316259969564953280e-02 -2.901648756047734423e-01 -1.802867629658067017e-02 -8.964988312646937629e-02 -1.912544683127066492e-01 -2.708435697991262714e-01 -1.942316854280079497e-02 -4.999418127312083016e-01 1.282968860789424070e-02 -4.132112579830504728e-02 -1.081181461439655322e-01 6.284806489901484383e-02 -1.421327365404749798e-01 2.537943872686128088e-01 3.086178598168771714e-01 9.410444071443180292e-02 2.029394354482292329e-01 -3.197797299890225986e-03 -3.128954349745072250e-02 -2.288348278852936346e-03 -5.236516671652680088e-02
2.093609643842853529e+00 1.650833887443354797e+00 1.020872507120145656e+00 3.713617404668525523e-01 5.197500251554174611e-01 -5.274096925710409778e-01 -4.845950368393232566e-01 -3.654623248337429686e-01 -5.063686361526720248e-01 -4.333385136083620637e-01 -9.992245924571534488e-01 -2.672512393649526530e-01 -4.561741381515957983e-01 -2.809706333688382074e-01 -7.219264003153398335e-01 -5.091697738196216960e-01 -1.100449695729139421e+00 -6.903753570725257305e-02 -4.847395314553466505e-01 -3.032596219101719726e-01 4.866685909822194844e-01 -4.057955150414045420e-01 3.086178598168771714e-01 9.394810540464391124e-01 2.999008013989055144e-01 5.070422444183009247e-01 -5.852383090149260170e-02 8.940329065126206842e-03 6.312165940090608274e-02 -2.965068856471475556e-01
1.126154080556943882e+00 2.152582434881082918e-01 6.893837241780147451e-01 3.641533855440002299e-01 2.171145650386279158e-01 1.787981837674692542e-01 -3.189233677744596207e-01 2.229894840793349431e-01 -8.157692532626015236e-02 -3.005017713036863825e-01 -3.813111590980042820e-01 -4.336680368250540596e-01 -3.495275247247491279e-01 -5.134823340227967492e-02 -2.959318781454385316e-01 -5.979336430758337428e-01 -1.604214112875865794e-01 -8.170109827563010185e-02 -4.884791220063675610e-01 6.852096632417215005e-02 3.480952558640524330e-01 -1.088817634551730862e-01 9.410444071443180292e-02 2.999008013989055144e-01 4.093169992662240020e-01 3.665185177084140378e-02 -1.494004971794993253e-01 2.646230394899475868e-01 -2.615594450543881067e-01 -4.738996801077632881e-01
7.197175527245462945e-01 1.508904686807909457e+00 7.213517122634698353e-01 2.409686195846916235e-02 4.513093334360291919e-01 -6.176878311483733341e-01 -2.595201992627949039e-01 -7.302003610593601479e-01 -5.720624586501230624e-01 -2.210616119841688487e-01 -1.016376253072394320e+00 1.541175285318558963e-01 -9.382704589432933062e-02 -3.143049223081106902e-01 -5.766596183063938952e-01 -6.592283667765741484e-02 -8.862186821339719245e-01 -6.221436494536192185e-02 1.698975359178689359e-02 -4.046033866024458803e-01 1.301917431974857209e-01 -8.974059939362177829e-03 2.029394354482292329e-01 5.070422444183009247e-01 3.665185177084140378e-02 6.903538065038787863e-01 -8.889975223905821622e-02 -1.481503787641713643e-01 4.981958147320142416e-01 4.048213990809585994e-01
-1.801925696371426966e-01 -7.692225224138837802e-02 -4.392189361798273239e-01 -1.070387238901275850e-01 -1.650437380373546148e-01 -4.707297809329702432e-02 4.927173624122360707e-02 2.308855424115563437e-02 1.531852569195848446e-01 7.234707799938178141e-02 2.402216126247935790e-01 1.105758894061636965e-01 7.028006186010316014e-02 4.909729810589169574e-02 8.094203539451427787e-02 2.071440661422343510e-01 5.136507647722510228e-02 9.770948518053046428e-03 1.570877728519519678e-01 1.963124465493137905e-02 -1.273487261811396820e-01 -4.542522809396132288e-02 -3.197797299890225986e-03 -5.852383090149260170e-02 -1.494004971794993253e-01 -8.889975223905821622e-02 2.504468217774729055e-01 -7.407357964723360055e-02 -4.933893375016396021e-02 6.724524457592906401e-02
6.651123874421500659e-01 -2.234460122626273915e-01 2.805490046328600329e-01 2.965075180812277722e-01 -2.171641832109116876e-02 3.684629452894796486e-01 -1.785470361958232388e-01 4.130662695790761063e-01 9.880889374676371517e-02 -1.871501688509624728e-01 -8.306941271251844228e-02 -3.921098159570419739e-01 -2.444811869334557741e-01 3.109183020177397339e-02 -7.803385170853971431e-02 -4.968307983781414805e-01 1.854802137689830488e-01 -4.582832742141818017e-02 -3.945474528652539448e-01 1.875550674756141234e-01 2.103426173248408304e-01 -6.254826521984568899e-02 -3.128954349745072250e-02 8.940329065126206842e-03 2.646230394899475868e-01 -1.481503787641713643e-01 -7.407357964723360055e-02 3.378628793494726779e-01 -3.095214052822257145e-01 -3.770580137081651628e-01
-6.148247994352686874e-01 8.634529817791758433e-01 2.877759203955747580e-01 -2.830162836987710762e-01 3.758713442191492504e-01 -5.468327119818354731e-01 6.751517519381877719e-02 -8.719596727330554131e-01 -5.618550247824600774e-01 6.457244133844142198e-02 -7.067188129267378827e-01 5.429295321005156438e-01 3.158909427812659487e-01 -2.701783507220625324e-01 -2.328906223456783664e-01 3.882770701219726561e-01 -4.435367037223727493e-01 -8.942745865846291053e-02 4.053963327579026554e-01 -3.663253334491400892e-01 -2.007980431935720844e-01 2.272702235501640189e-01 -2.288348278852936346e-03 6.312165940090608274e-02 -2.615594450543881067e-01 4.981958147320142416e-01 -4.933893375016396021e-02 -3.095214052822257145e-01 9.234873471783657806e-01 7.873161743706305060e-01
-1.484113489798460250e+00 5.738068943234679864e-01 -3.298745394086495253e-01 -5.281039414203405613e-01 5.880060364711425791e-02 -3.879783937603065169e-01 1.909071583267518690e-01 -7.843612069028722544e-01 -3.538723658197113764e-01 2.582999387730637864e-01 -4.202394975245056230e-01 6.264012474797482355e-01 5.357580519072939751e-01 -1.747791784601986365e-01 -1.348797796036365071e-01 6.753898627922580999e-01 -1.359558643060836403e-01 -8.415941781350966266e-02 7.576867228032710955e-01 -2.570440510144180735e-01 -4.378885102602225743e-01 4.451339892801797760e-01 -5.236516671652680088e-02 -2.965068856471475556e-01 -4.738996801077632881e-01 4.048213990809585994e-01 6.724524457592906401e-02 -3.770580137081651628e-01 7.873161743706305060e-01 1.331512849022260525e+00
