6.801548461657262123e+00 4.132231948842445490e+00 2.779662417613906200e+00 1.579773514580665505e+00 -2.785970263115018497e-01 1.588374561298451226e-01 -1.062047742708386977e+00 -9.607188276662554927e-01 9.785130967904365207e-01 -8.376161963424237911e-01 -1.956844555554482668e+00 4.310624958261541906e-01 -1.181447439888245299e+00 -5.780545753862043057e-02 -1.020456904706577461e+00 -2.120523060381799496e+00 -1.293410238292835857e-01 -8.101910096130495731e-01 -2.290163870587889505e+00 1.390461335708266688e+00 -2.104570961930107842e-01 -1.603595073496364876e+00 7.456758077693734776e-01 -2.005280289246798020e-01 5.986087642862685243e-01 -4.264167284459290386e-01 -7.397187503976283551e-01 1.154621648301485948e-01 -2.458646966470666939e+00 -1.366724076301579771e+00
4.132231948842445490e+00 4.772264780050306854e+00 2.287112039915541573e+00 7.470118545806485599e-01 -1.226622651944353493e-02 -6.106307450265830994e-01 -8.080922619305397347e-01 -1.715473505705574553e+00 4.637705580777833347e-01 -5.957917051599679326e-01 -1.879690424128739323e+00 7.695068204893686925e-01 -5.465742575966032746e-01 -9.766862406615928194e-02 -8.319162488393203603e-01 -1.237337644448359697e+00 1.544254723424387521e-01 -4.875631492686807178e-01 -1.172082142081222855e+00 1.007169290442220699e+00 -9.343929143483364896e-02 -8.703515623934663381e-01 3.156949491542491160e-01 -3.511715425997294915e-01 4.251632622809893292e-01 -5.784801314718492904e-01 -5.566899755878580436e-01 -7.417865457745165259e-02 -1.965976666194023892e+00 -5.889783790915998907e-01
2.779662417613906200e+00 2.287112039915541573e+00 4.064071243297803449e+00 7.931977815111963537e-01 9.087478674970839165e-01 3.398629495047771343e-01 -6.671338854802684182e-01 -5.391119948737923551e-01 -2.789771388153781118e-01 -4.180560071788477217e-01 -1.638453608627514768e+00 -1.593309316448312529e-01 -5.008386512925540046e-01 1.897549890297796082e-01 -5.981428879772465734e-01 -1.750629568893316446e+00 7.419310209616014617e-01 -1.164446032685304999e+00 -1.439188047245579583e+00 1.230658911433579306e+00 -2.774954859186209433e-01 -2.217617066075945331e-01 -1.479467373766283345e-01 -6.036778906479867146e-01 8.828279634565774359e-01 -9.795827671482584265e-01 -4.757865614756724426e-01 5.419201645924545119e-01 -2.053108361097997658e+00 -8.460768037386969809e-01
1.579773514580665505e+00 7.470118545806485599e-01 7.931977815111963537e-01 5.829384707590179460e-01 -1.360139342131105877e-02 2.229328580064020571e-01 -2.608612760765254279e-01 -4.493803456114164874e-02 2.979167510933393714e-01 -2.039633580406530200e-01 -4.417633571389956160e-01 -2.341631045544545486e-02 -3.491236009064664358e-01 -4.077761475173247163e-03 -2.595464484585363607e-01 -6.325564735231523628e-01 -4.258077751353539497e-02 -2.795807143767774505e-01 -6.660897221785262445e-01 3.612409873218780376e-01 -6.331190067572833868e-02 -3.930016697240716894e-01 1.765147421604638112e-01 -4.038969906878264737e-02 2.127231136711316140e-01 -1.162626215016189235e-01 -2.068975510688915165e-01 1.301613716962037870e-01 -6.215450208685524558e-01 -4.409061396972902003e-01
-2.785970263115018497e-01 -1.226622651944353493e-02 9.087478674970839165e-01 -1.360139342131105877e-02 1.005413997112839297e+00 2.440419086194083320e-01 -1.533161812090497733e-01 1.651683396232783707e-03 -5.391339828627224051e-01 1.035165193720786192e-01 -6.697349783244135324e-01 -1.365723526265583132e-02 2.230378495136164929e-01 -5.810183953241221388e-02 3.354993180488463622e-02 -3.110714005946988436e-01 3.695282803722079734e-01 -3.829002260542324620e-01 -2.236463891584037356e-01 4.518915635122198182e-01 -1.245917941197376422e-01 1.638009540000666675e-01 -2.024451117509329379e-01 -2.559804091770843115e-01 2.749942307647756934e-01 -3.722523646623017157e-01 3.046540182776880101e-02 2.148825464129231477e-01 -5.136849974334154467e-01 9.945796542496054826e-02
1.588374561298451226e-01 -6.106307450265830994e-01 3.398629495047771343e-01 2.229328580064020571e-01 2.440419086194083320e-01 8.095160997453376694e-01 -7.896195834837271832e-02 5.771105600848045469e-01 -6.563406384725567477e-02 1.178693750006232221e-02 -1.815652490326442603e-01 -4.458934460514569764e-01 -4.413172342157167805e-02 -7.269525974038515415e-03 -7.770053166638035691e-02 -4.735832628514913267e-01 9.232357979311700547e-02 -3.459693576305653551e-01 -3.884687380091804698e-01 2.781262582377053150e-01 -1.985257525927863753e-02 5.501315660558248055e-02 -7.935384622913943531e-02 -3.006929900107024878e-02 2.192186906000870295e-01 -1.288750035255361581e-01 3.208758360023011846e-02 3.173551871985864636e-01 -1.839090419302351620e-01 -1.963479762993642908e-01
-1.062047742708386977e+00 -8.080922619305397347e-01 -6.671338854802684182e-01 -2.608612760765254279e-01 -1.533161812090497733e-01 -7.896195834837271832e-02 3.649193868110387484e-01 2.315484264039469053e-01 -1.783105204238495389e-01 1.550701860977596880e-01 5.486800229078312441e-01 -5.126067248374965857e-02 1.328750073200808401e-01 2.239711927370535705e-02 3.017485423868038197e-01 4.366356775908002419e-01 -6.632996908081167931e-02 2.492804419318304099e-01 3.713737595548423087e-01 -3.981246031275418318e-01 1.593850417395969998e-02 1.686897601350665354e-01 -1.113413168745864823e-01 9.547699069520376725e-02 -2.184421268277674244e-01 1.551807423715558798e-01 1.021538960116572525e-01 -8.821239583636497628e-02 5.793984931591467102e-01 2.110689505850587011e-01
-9.607188276662554927e-01 -1.715473505705574553e+00 -5.391119948737923551e-01 -4.493803456114164874e-02 1.651683396232783707e-03 5.771105600848045469e-01 2.315484264039469053e-01 9.850300437708483514e-01 -5.858537610544090057e-02 2.201339157877555408e-01 6.312146001263272410e-01 -5.594682455622432826e-01 1.128702456592236558e-01 -6.255756507403020805e-02 2.311871127000699744e-01 1.776979460658481003e-01 -1.910017971026718442e-01 6.069747739638842177e-02 5.317618510565580436e-02 -1.404051674346646905e-01 1.104092169214254682e-03 3.730418391091916419e-02 -2.619086514926038944e-02 1.876932624589358056e-01 -2.058759524663855700e-02 1.376850608543804810e-01 1.883706790750920845e-01 1.935131543692705236e-01 3.800463583758642017e-01 -8.899825855519338802e-02
9.785130967904365207e-01 4.637705580777833347e-01 -2.789771388153781118e-01 2.979167510933393714e-01 -5.391339828627224051e-01 -6.563406384725567477e-02 -1.783105204238495389e-01 -5.858537610544090057e-02 7.115970199034791221e-01 -1.489678405621930324e-01 1.920862948560966288e-01 1.709603220160715864e-02 -2.934330238651909895e-01 -4.093795081013240633e-02 -2.859112092481268519e-01 -8.375729398824205418e-02 -3.883484975162900810e-01 1.524461427417804771e-01 -1.899650773985115393e-01 -2.209117654103920358e-02 9.164391033812080423e-02 -3.991193587186216973e-01 3.581893964854998558e-01 1.959341165990622358e-01 3.801996420520481479e-02 2.042651583808492433e-01 -1.380164194040389702e-01 -2.089669436537633374e-02 -1.692145638612032599e-01 -4.001768468629620656e-01
-8.376161963424237911e-01 -5.957917051599679326e-01 -4.180560071788477217e-01 -2.039633580406530200e-01 1.035165193720786192e-01 1.178693750006232221e-02 1.550701860977596880e-01 2.201339157877555408e-01 -1.489678405621930324e-01 1.873388185904332204e-01 2.797897568090093046e-01 -9.689734673963812384e-02 1.944170880700539783e-01 -5.956395395213576194e-02 1.977625655308656860e-01 2.797733198572132096e-01 -4.471117136853308693e-02 1.280391886333518414e-01 2.244457319711443688e-01 -1.497631499781846287e-01 1.186132918940074887e-02 1.035913850800511682e-01 -6.480595080870443780e-02 6.835034107888304789e-02 -8.381568414182538618e-02 4.685024690604677744e-02 1.120622103842379147e-01 -1.924108540259794609e-02 2.643447390025812638e-01 1.340575543828208538e-01
-1.956844555554482668e+00 -1.879690424128739323e+00 -1.638453608627514768e+00 -4.417633571389956160e-01 -6.697349783244135324e-01 -1.815652490326442603e-01 5.486800229078312441e-01 6.312146001263272410e-01 1.920862948560966288e-01 2.797897568090093046e-01 1.557688816796087394e+00 -2.921953192984005909e-01 1.523566267036926547e-01 -2.206411278280029364e-03 4.073760104607799803e-01 1.022388480264623922e+00 -4.906872348943807083e-01 6.758341278589341528e-01 7.983859490550457849e-01 -8.349308663498504757e-01 1.209305191513863065e-01 1.296936654819660362e-01 8.561431097251670508e-02 4.043274992164924697e-01 -3.680864008934463527e-01 4.969894137997812322e-01 2.211523234672654326e-01 -1.645993559071143864e-01 1.105742238086975249e+00 9.050708505895954659e-02
4.310624958261541906e-01 7.695068204893686925e-01 -1.593309316448312529e-01 -2.341631045544545486e-02 -1.365723526265583132e-02 -4.458934460514569764e-01 -5.126067248374965857e-02 -5.594682455622432826e-01 1.709603220160715864e-02 -9.689734673963812384e-02 -2.921953192984005909e-01 5.471670595947557558e-01 -5.170963637016257053e-02 2.020127937237248261e-02 -3.745712852861515785e-02 7.720619769614245342e-02 1.670967666831302267e-02 8.925834311247626829e-02 6.241941641454218370e-02 -5.319760774244741697e-02 -1.458881167150138936e-02 -7.485406909572134282e-02 6.542473567179740712e-02 -5.409878609026463891e-02 -8.814088140093190304e-02 6.010617543927310180e-02 -1.154784602467771037e-01 -1.844104329688889266e-01 -1.342999776898068376e-02 1.733262604039396138e-01
-1.181447439888245299e+00 -5.465742575966032746e-01 -5.008386512925540046e-01 -3.491236009064664358e-01 2.230378495136164929e-01 -4.413172342157167805e-02 1.328750073200808401e-01 1.128702456592236558e-01 -2.934330238651909895e-01 1.944170880700539783e-01 1.523566267036926547e-01 -5.170963637016257053e-02 3.646567389345705124e-01 -8.041186069533523550e-02 1.881239004337089682e-01 3.686202457577678615e-01 8.663315323093456755e-02 1.242784415423443534e-01 3.984664552714036745e-01 -1.249321071599638344e-01 3.648126673425622357e-02 2.656142572589885731e-01 -1.759760327677781788e-01 -3.293113285167237336e-03 -1.357469997746534318e-01 1.270165874359463487e-03 2.034946947828188968e-01 -5.833287698715139413e-02 3.517260878249999223e-01 3.410291795561875006e-01
-5.780545753862043057e-02 -9.766862406615928194e-02 1.897549890297796082e-01 -4.077761475173247163e-03 -5.810183953241221388e-02 -7.269525974038515415e-03 2.239711927370535705e-02 -6.255756507403020805e-02 -4.093795081013240633e-02 -5.956395395213576194e-02 -2.206411278280029364e-03 2.020127937237248261e-02 -8.041186069533523550e-02 1.906834422553060904e-01 -3.391267655848650975e-02 -5.765291437023734034e-02 1.371084454809192721e-01 -7.226808453106059460e-02 4.660146905499118475e-02 -1.000029395857495729e-01 2.443911802970433200e-03 1.654391707380113985e-01 -8.954906356268566014e-02 -3.691124210610041700e-02 1.235551239699361759e-02 -1.314771595843922114e-03 -4.692927790955536693e-02 1.271766478214431118e-02 8.360894726553169676e-02 2.582798549150311374e-02
-1.020456904706577461e+00 -8.319162488393203603e-01 -5.981428879772465734e-01 -2.595464484585363607e-01 3.354993180488463622e-02 -7.770053166638035691e-02 3.017485423868038197e-01 2.311871127000699744e-01 -2.859112092481268519e-01 1.977625655308656860e-01 4.073760104607799803e-01 -3.745712852861515785e-02 1.881239004337089682e-01 -3.391267655848650975e-02 4.662463808643337870e-01 4.318331835849562594e-01 -3.083200781759387610e-02 2.120252678485030629e-01 3.118416482166992409e-01 -3.121995111544606516e-01 -4.727256286071224167e-02 1.487410079152482467e-01 -1.015055705633471916e-01 6.391168615124342978e-02 -1.957697468036485589e-01 1.317375349913731952e-01 9.191777510210386026e-02 -1.042783678527143820e-01 5.065136129053371405e-01 2.123815929292049987e-01
-2.120523060381799496e+00 -1.237337644448359697e+00 -1.750629568893316446e+00 -6.325564735231523628e-01 -3.110714005946988436e-01 -4.735832628514913267e-01 4.366356775908002419e-01 1.776979460658481003e-01 -8.375729398824205418e-02 2.797733198572132096e-01 1.022388480264623922e+00 7.720619769614245342e-02 3.686202457577678615e-01 -5.765291437023734034e-02 4.318331835849562594e-01 1.195520315368241882e+00 -3.069835501661373200e-01 7.099356329090369400e-01 9.962827546885648644e-01 -7.073949340531839880e-01 1.006764595526874473e-01 2.136555645767828082e-01 -7.384732051605169545e-04 2.571193137033560561e-01 -4.364302377883859663e-01 4.069640589446521517e-01 2.889867831983110591e-01 -3.009788868362761605e-01 1.014128972051594246e+00 4.422123634567469708e-01
-1.293410238292835857e-01 1.544254723424387521e-01 7.419310209616014617e-01 -4.258077751353539497e-02 3.695282803722079734e-01 9.232357979311700547e-02 -6.632996908081167931e-02 -1.910017971026718442e-01 -3.883484975162900810e-01 -4.471117136853308693e-02 -4.906872348943807083e-01 1.670967666831302267e-02 8.663315323093456755e-02 1.371084454809192721e-01 -3.083200781759387610e-02 -3.069835501661373200e-01 5.128628824380143669e-01 -3.160183825896183407e-01 -2.746342556207537200e-02 1.395060825099108115e-01 -2.586073990016757307e-02 3.836181955432778068e-01 -3.134408681232230265e-01 -2.675288534454125511e-01 7.403561818892967494e-02 -2.495890134555907025e-01 -1.715483053112620837e-02 7.312329713590770552e-02 -6.871367675222472826e-02 1.947784869895485826e-01
-8.101910096130495731e-01 -4.875631492686807178e-01 -1.164446032685304999e+00 -2.795807143767774505e-01 -3.829002260542324620e-01 -3.459693576305653551e-01 2.492804419318304099e-01 6.069747739638842177e-02 1.524461427417804771e-01 1.280391886333518414e-01 6.758341278589341528e-01 8.925834311247626829e-02 1.242784415423443534e-01 -7.226808453106059460e-02 2.120252678485030629e-01 7.099356329090369400e-01 -3.160183825896183407e-01 6.031545138202432099e-01 5.159662316433184515e-01 -4.570318987645691777e-01 8.356996119408677259e-02 -1.060857243303416908e-01 1.408221957034925254e-01 2.050466200032019515e-01 -2.925466354739398867e-01 3.048463365140037240e-01 7.754212195044374312e-02 -2.390962004272978447e-01 5.335810490818175822e-01 8.737207246662137550e-02
-2.290163870587889505e+00 -1.172082142081222855e+00 -1.439188047245579583e+00 -6.660897221785262445e-01 -2.236463891584037356e-01 -3.884687380091804698e-01 3.713737595548423087e-01 5.317618510565580436e-02 -1.899650773985115393e-01 2.244457319711443688e-01 7.983859490550457849e-01 6.241941641454218370e-02 3.984664552714036745e-01 4.660146905499118475e-02 3.118416482166992409e-01 9.962827546885648644e-01 -2.746342556207537200e-02 5.159662316433184515e-01 1.072320636712646547e+00 -6.566131525349874209e-01 1.443914287401071306e-01 5.332266856198089044e-01 -1.795522762136840811e-01 1.186770471796023685e-01 -3.905029871046110657e-01 2.972663461673050733e-01 2.817963019891180920e-01 -2.493595143326672314e-01 1.063927873785274869e+00 5.825295009008186753e-01
1.390461335708266688e+00 1.007169290442220699e+00 1.230658911433579306e+00 3.612409873218780376e-01 4.518915635122198182e-01 2.781262582377053150e-01 -3.981246031275418318e-01 -1.404051674346646905e-01 -2.209117654103920358e-02 -1.497631499781846287e-01 -8.349308663498504757e-01 -5.319760774244741697e-02 -1.249321071599638344e-01 -1.000029395857495729e-01 -3.121995111544606516e-01 -7.073949340531839880e-01 1.395060825099108115e-01 -4.570318987645691777e-01 -6.566131525349874209e-01 7.445995412543311431e-01 -7.302962490416575747e-02 -2.368751803731754535e-01 1.421624309227809135e-02 -1.854923826161325451e-01 3.310096974477687581e-01 -3.787319545540981380e-01 -1.136510764063132228e-01 1.909907106327182191e-01 -9.033118718560331217e-01 -2.920922997048478464e-01
-2.104570961930107842e-01 -9.343929143483364896e-02 -2.774954859186209433e-01 -6.331190067572833868e-02 -1.245917941197376422e-01 -1.985257525927863753e-02 1.593850417395969998e-02 1.104092169214254682e-03 9.164391033812080423e-02 1.186132918940074887e-02 1.209305191513863065e-01 -1.458881167150138936e-02 3.648126673425622357e-02 2.443911802970433200e-03 -4.727256286071224167e-02 1.006764595526874473e-01 -2.586073990016757307e-02 8.356996119408677259e-02 1.443914287401071306e-01 -7.302962490416575747e-02 9.258990551285251058e-02 7.193305910374192536e-02 -2.220033752553263184e-02 3.431094553889124654e-02 -6.386891679431982993e-02 6.082123842929831881e-02 1.002685583125639823e-02 -4.364500078696664787e-02 1.538213403424606440e-01 4.706804835041111801e-02
-1.603595073496364876e+00 -8.703515623934663381e-01 -2.217617066075945331e-01 -3.930016697240716894e-01 1.638009540000666675e-01 5.501315660558248055e-02 1.686897601350665354e-01 3.730418391091916419e-02 -3.991193587186216973e-01 1.035913850800511682e-01 1.296936654819660362e-01 -7.485406909572134282e-02 2.656142572589885731e-01 1.654391707380113985e-01 1.487410079152482467e-01 2.136555645767828082e-01 3.836181955432778068e-01 -1.060857243303416908e-01 5.332266856198089044e-01 -2.368751803731754535e-01 7.193305910374192536e-02 8.036564758178599277e-01 -4.041478299657228490e-01 -1.410300427805282197e-01 -9.239338526921869743e-02 -1.865031185371890388e-02 1.415411696903561278e-01 5.560319700634863693e-04 6.501694363988974601e-01 5.256226857131309771e-01
7.456758077693734776e-01 3.156949491542491160e-01 -1.479467373766283345e-01 1.765147421604638112e-01 -2.024451117509329379e-01 -7.935384622913943531e-02 -1.113413168745864823e-01 -2.619086514926038944e-02 3.581893964854998558e-01 -6.480595080870443780e-02 8.561431097251670508e-02 6.542473567179740712e-02 -1.759760327677781788e-01 -8.954906356268566014e-02 -1.015055705633471916e-01 -7.384732051605169545e-04 -3.134408681232230265e-01 1.408221957034925254e-01 -1.795522762136840811e-01 1.421624309227809135e-02 -2.220033752553263184e-02 -4.041478299657228490e-01 3.723030119405166261e-01 1.273210176016164041e-01 5.746967385294965425e-02 1.224161897092130857e-01 -4.967938109945180258e-02 -4.309874280210124198e-02 -2.786187227434879787e-01 -2.910710452384250857e-01
-2.005280289246798020e-01 -3.511715425997294915e-01 -6.036778906479867146e-01 -4.038969906878264737e-02 -2.559804091770843115e-01 -3.006929900107024878e-02 9.547699069520376725e-02 1.876932624589358056e-01 1.959341165990622358e-01 6.835034107888304789e-02 4.043274992164924697e-01 -5.409878609026463891e-02 -3.293113285167237336e-03 -3.691124210610041700e-02 6.391168615124342978e-02 2.571193137033560561e-01 -2.675288534454125511e-01 2.050466200032019515e-01 1.186770471796023685e-01 -1.854923826161325451e-01 3.431094553889124654e-02 -1.410300427805282197e-01 1.273210176016164041e-01 2.129273277824950128e-01 -9.149985804714333426e-02 1.813915188828332248e-01 4.123174202413792955e-02 -6.288293074663897642e-02 1.963503593329392061e-01 -6.551613512294807151e-02
5.986087642862685243e-01 4.251632622809893292e-01 8.828279634565774359e-01 2.127231136711316140e-01 2.749942307647756934e-01 2.192186906000870295e-01 -2.184421268277674244e-01 -2.058759524663855700e-02 3.801996420520481479e-02 -8.381568414182538618e-02 -3.680864008934463527e-01 -8.814088140093190304e-02 -1.357469997746534318e-01 1.235551239699361759e-02 -1.957697468036485589e-01 -4.364302377883859663e-01 7.403561818892967494e-02 -2.925466354739398867e-01 -3.905029871046110657e-01 3.310096974477687581e-01 -6.386891679431982993e-02 -9.239338526921869743e-02 5.746967385294965425e-02 -9.149985804714333426e-02 3.354369304106796790e-01 -2.081738017901102467e-01 -1.404973999354410807e-01 2.105623589787910532e-01 -5.781802552457406819e-01 -2.677444558392494400e-01
-4.264167284459290386e-01 -5.784801314718492904e-01 -9.795827671482584265e-01 -1.162626215016189235e-01 -3.722523646623017157e-01 -1.288750035255361581e-01 1.551807423715558798e-01 1.376850608543804810e-01 2.042651583808492433e-01 4.685024690604677744e-02 4.969894137997812322e-01 6.010617543927310180e-02 1.270165874359463487e-03 -1.314771595843922114e-03 1.317375349913731952e-01 4.069640589446521517e-01 -2.495890134555907025e-01 3.048463365140037240e-01 2.972663461673050733e-01 -3.787319545540981380e-01 6.082123842929831881e-02 -1.865031185371890388e-02 1.224161897092130857e-01 1.813915188828332248e-01 -2.081738017901102467e-01 3.465588891859852083e-01 5.359009166039641059e-02 -1.380277177657944776e-01 4.767182605243647231e-01 1.116996990787129107e-01
-7.397187503976283551e-01 -5.566899755878580436e-01 -4.757865614756724426e-01 -2.068975510688915165e-01 3.046540182776880101e-02 3.208758360023011846e-02 1.021538960116572525e-01 1.883706790750920845e-01 -1.380164194040389702e-01 1.120622103842379147e-01 2.211523234672654326e-01 -1.154784602467771037e-01 2.034946947828188968e-01 -4.692927790955536693e-02 9.191777510210386026e-02 2.889867831983110591e-01 -1.715483053112620837e-02 7.754212195044374312e-02 2.817963019891180920e-01 -1.136510764063132228e-01 1.002685583125639823e-02 1.415411696903561278e-01 -4.967938109945180258e-02 4.123174202413792955e-02 -1.404973999354410807e-01 5.359009166039641059e-02 2.921672470359339968e-01 -4.292027269099207842e-02 2.905254604611968716e-01 1.843090477099735836e-01
1.154621648301485948e-01 -7.417865457745165259e-02 5.419201645924545119e-01 1.301613716962037870e-01 2.148825464129231477e-01 3.173551871985864636e-01 -8.821239583636497628e-02 1.935131543692705236e-01 -2.089669436537633374e-02 -1.924108540259794609e-02 -1.645993559071143864e-01 -1.844104329688889266e-01 -5.833287698715139413e-02 1.271766478214431118e-02 -1.042783678527143820e-01 -3.009788868362761605e-01 7.312329713590770552e-02 -2.390962004272978447e-01 -2.493595143326672314e-01 1.909907106327182191e-01 -4.364500078696664787e-02 5.560319700634863693e-04 -4.309874280210124198e-02 -6.288293074663897642e-02 2.105623589787910532e-01 -1.380277177657944776e-01 -4.292027269099207842e-02 2.593814919863461910e-01 -2.653241768341558782e-01 -1.611466582277216730e-01
-2.458646966470666939e+00 -1.965976666194023892e+00 -2.053108361097997658e+00 -6.215450208685524558e-01 -5.136849974334154467e-01 -1.839090419302351620e-01 5.793984931591467102e-01 3.800463583758642017e-01 -1.692145638612032599e-01 2.643447390025812638e-01 1.105742238086975249e+00 -1.342999776898068376e-02 3.517260878249999223e-01 8.360894726553169676e-02 5.065136129053371405e-01 1.014128972051594246e+00 -6.871367675222472826e-02 5.335810490818175822e-01 1.063927873785274869e+00 -9.033118718560331217e-01 1.538213403424606440e-01 6.501694363988974601e-01 -2.786187227434879787e-01 1.963503593329392061e-01 -5.781802552457406819e-01 4.767182605243647231e-01 2.905254604611968716e-01 -2.653241768341558782e-01 1.684189321983353693e+00 7.388692725839973718e-01
-1.366724076301579771e+00 -5.889783790915998907e-01 -8.460768037386969809e-01 -4.409061396972902003e-01 9.945796542496054826e-02 -1.963479762993642908e-01 2.110689505850587011e-01 -8.899825855519338802e-02 -4.001768468629620656e-01 1.340575543828208538e-01 9.050708505895954659e-02 1.733262604039396138e-01 3.410291795561875006e-01 2.582798549150311374e-02 2.123815929292049987e-01 4.422123634567469708e-01 1.947784869895485826e-01 8.737207246662137550e-02 5.825295009008186753e-01 -2.920922997048478464e-01 4.706804835041111801e-02 5.256226857131309771e-01 -2.910710452384250857e-01 -6.551613512294807151e-02 -2.677444558392494400e-01 1.116996990787129107e-01 1.843090477099735836e-01 -1.611466582277216730e-01 7.388692725839973718e-01 8.036602126766183574e-01
