5.990567521289904107e+00 4.136240151585866442e+00 2.092524474034178184e+00 1.392783663062004962e+00 -5.715310551236143510e-01 -1.653597461773301802e-01 -8.931913677561169607e-01 -1.218881134616708550e+00 7.111547510711488940e-01 -8.383573827906616316e-01 -1.945974566439531372e+00 5.857801913619482548e-01 -9.354558704047803985e-01 -2.721708536251981059e-01 -1.085491088331252740e+00 -1.854326607958057593e+00 -3.743717013695118112e-01 -5.592811845708638430e-01 -2.095194620652023332e+00 1.330063691062662201e+00 -1.670259603686758965e-01 -1.594441369478090564e+00 1.043793775988262951e+00 -4.243247181477727281e-02 6.262004333335084993e-01 -5.228378049162074603e-02 -4.787865789772922653e-01 2.014153650132470830e-01 -2.074881786196726807e+00 -8.910813092704756855e-01
4.136240151585866442e+00 4.454362918110973624e+00 1.942753357883532317e+00 9.366688166954872941e-01 -4.999016849797044415e-01 -6.801644813600091766e-01 -7.015438895871852765e-01 -1.819221499464617864e+00 3.582748635906796153e-01 -7.320366720533684202e-01 -1.959330890630951671e+00 7.506090760575716558e-01 -4.871857066392522029e-01 -2.023244115460443027e-01 -8.928845500341822117e-01 -1.411285845521547344e+00 1.450635247069840261e-01 -4.037547529790117551e-01 -1.374432786490530134e+00 1.372896491826736565e+00 -4.522861307469838721e-02 -1.018487830477340594e+00 7.451398941690285938e-01 -2.233532708222014662e-01 5.999161914495516612e-01 -2.828801388358783697e-01 -3.765482563851492159e-01 5.214872308039275595e-02 -1.953802794834246015e+00 -4.297019612772032815e-01
2.092524474034178184e+00 1.942753357883532317e+00 2.947695690152841053e+00 6.994092490543266649e-01 5.856932575852624723e-01 -7.200020782909177797e-02 -4.328698355521396479e-01 -5.022129255580125573e-01 -6.136874840569248590e-01 -4.474990311196620496e-01 -1.483934739350445398e+00 -2.256839023576162617e-01 -4.884620711479783495e-01 6.524474786652945113e-02 -4.765327609411542653e-01 -1.552414012001463561e+00 5.250392734104138981e-01 -9.460697782191687111e-01 -1.377995769872569554e+00 1.147387581263387801e+00 -1.969132953325924973e-02 -1.635287250247188240e-01 7.093958734810712485e-02 -1.009904423511329696e-01 9.406722599868544421e-01 -6.551775502761643111e-01 -1.946843544317289343e-02 7.301638259729088531e-01 -1.695730380610996235e+00 -4.735720071045648183e-01
1.392783663062004962e+00 9.366688166954872941e-01 6.994092490543266649e-01 4.995081127549383382e-01 -5.786847890192348132e-02 3.033939287274733942e-02 -2.315545684408562011e-01 -2.008630846769392519e-01 1.784160228447717600e-01 -2.219331951378649137e-01 -4.900295119260249521e-01 6.090476992653748312e-02 -3.043527569655566367e-01 -5.588209267199317765e-02 -2.959271447853666359e-01 -5.569252956610171168e-01 -1.035848656501343612e-01 -2.261718402226051694e-01 -6.021262749128482028e-01 3.249743957784403392e-01 -4.258005358889249692e-02 -3.640602456418378097e-01 2.381930971018277887e-01 1.203235060518181854e-02 2.357481178796092536e-01 -4.382836516572297114e-02 -1.318665666414062798e-01 1.529119853705651622e-01 -5.477803854140006479e-01 -2.845561336862374446e-01
-5.715310551236143510e-01 -4.999016849797044415e-01 5.856932575852624723e-01 -5.786847890192348132e-02 9.685358221411775048e-01 2.024570065125885776e-01 -6.256174227803512622e-02 2.266971545370211061e-01 -6.677839270565186780e-01 1.188713842385595854e-01 -4.697425729983137899e-01 -1.593011842868463646e-01 1.877244741938284278e-01 -4.372974744268276481e-02 1.718749972240516399e-01 -2.267405121589263217e-01 3.336120641715183410e-01 -3.361153874108140371e-01 -2.056150319213827515e-01 3.834303027641681183e-01 -4.869945708082923375e-02 2.193969202066341495e-01 -2.025930236739554857e-01 -8.017961751664870462e-02 2.815081178389959859e-01 -3.060616773393576295e-01 2.106403548768867040e-01 3.168170604003535118e-01 -3.902467615229170406e-01 1.214124400980267637e-01
-1.653597461773301802e-01 -6.801644813600091766e-01 -7.200020782909177797e-02 3.033939287274733942e-02 2.024570065125885776e-01 6.334052517658506076e-01 1.961850409009002760e-02 5.949256892608332237e-01 -7.653099521826334239e-02 8.956369604896963210e-02 2.627536733763236043e-02 -3.897927032306824913e-01 -4.100410871967596904e-02 -6.256638842432948877e-02 -3.892852533914492597e-02 -1.805995385430492206e-01 -1.580829794166902502e-01 -2.196037324646908928e-01 -1.846560528217082719e-01 -3.848582686174495393e-02 6.378738781961601489e-03 9.293476836461422863e-02 -7.536094935818482554e-02 1.431684371950723289e-01 9.180585945370012269e-02 2.728959083646032013e-02 9.108832260642429901e-02 2.473580066834415447e-01 1.637119158204427549e-01 -7.718458016762497209e-02
-8.931913677561169607e-01 -7.015438895871852765e-01 -4.328698355521396479e-01 -2.315545684408562011e-01 -6.256174227803512622e-02 1.961850409009002760e-02 3.151518130578097043e-01 2.343882648634121324e-01 -1.229164005170559903e-01 1.570095558251978218e-01 4.930514760186497369e-01 -8.574140494727089390e-02 9.958008405197915636e-02 8.446718640885819696e-02 2.835750750166425860e-01 3.515364182297275875e-01 2.214781697625767265e-02 1.743529650306641088e-01 3.303606891105346222e-01 -3.634190682246867254e-01 3.490501077465069102e-03 1.835818936858117922e-01 -1.984493709642833892e-01 1.495853696138738087e-02 -2.140956886337903597e-01 3.160250872849701409e-02 3.330189046158693600e-02 -9.837933899257222947e-02 4.603170322110941015e-01 1.122301408811949841e-01
-1.218881134616708550e+00 -1.819221499464617864e+00 -5.022129255580125573e-01 -2.008630846769392519e-01 2.266971545370211061e-01 5.949256892608332237e-01 2.343882648634121324e-01 1.132919889079801123e+00 -8.401849349706935755e-02 3.246123842182555563e-01 7.692553303240856621e-01 -6.102212416770385062e-01 7.412655119901501166e-02 -4.218788187176869542e-02 2.566299512670298100e-01 3.270373181193804157e-01 -3.206070949619856947e-01 4.632092989555758322e-02 1.957779345837025176e-01 -4.417647219788705115e-01 -2.035950353678117608e-02 1.616293005421880480e-01 -1.776304947283620095e-01 2.172874554803456704e-01 -9.335039615939422220e-02 1.153565301162302603e-01 1.802069043703227180e-01 1.955233361007913118e-01 5.571828177512543334e-01 -7.855919422479473724e-02
7.111547510711488940e-01 3.582748635906796153e-01 -6.136874840569248590e-01 1.784160228447717600e-01 -6.677839270565186780e-01 -7.653099521826334239e-02 -1.229164005170559903e-01 -8.401849349706935755e-02 8.284748880435586216e-01 -8.089973742215761376e-02 3.700160836577879309e-01 1.530344789675837092e-01 -1.830927358965936946e-01 -9.437607804960634894e-02 -2.874290243870518680e-01 1.682779737521400421e-01 -5.225114688323060363e-01 3.230550975324035790e-01 6.174650392256353371e-02 -2.543149386132768086e-01 2.791878337922071296e-02 -3.967692987733357768e-01 3.802051852018166755e-01 1.177928903666156657e-01 -1.391423102904809639e-01 3.548358446847714731e-01 -2.236974394516551001e-01 -1.967748397152035977e-01 1.596740191263279485e-01 -2.489303036937258184e-01
-8.383573827906616316e-01 -7.320366720533684202e-01 -4.474990311196620496e-01 -2.219331951378649137e-01 1.188713842385595854e-01 8.956369604896963210e-02 1.570095558251978218e-01 3.246123842182555563e-01 -8.089973742215761376e-02 2.387386729321860912e-01 3.776017738102837029e-01 -1.505764399305462575e-01 1.901310642841167464e-01 -3.816412534342816798e-02 2.408932182690932677e-01 3.297467453373315038e-01 -6.852729227853160410e-02 1.528930708587949994e-01 2.568399026051508827e-01 -2.122204653858261736e-01 -8.849972739710665337e-03 8.483067359657070483e-02 -9.985615969185346330e-02 4.797722769302481538e-02 -1.428017384962458891e-01 3.687376950023235622e-02 8.505151816450506885e-02 -5.420359523122897372e-02 2.928459463960280118e-01 7.144650276711672632e-02
-1.945974566439531372e+00 -1.959330890630951671e+00 -1.483934739350445398e+00 -4.900295119260249521e-01 -4.697425729983137899e-01 2.627536733763236043e-02 4.930514760186497369e-01 7.692553303240856621e-01 3.700160836577879309e-01 3.776017738102837029e-01 1.664389445890606112e+00 -2.763702881707672532e-01 1.469667659343372179e-01 8.658991550089467637e-02 4.314567996481741829e-01 1.107406266470661649e+00 -4.570761082218837146e-01 6.693020098007309571e-01 9.491247288023032525e-01 -1.063752555212431616e+00 3.042911179983320835e-02 1.981250850956826071e-01 -1.279135511747426790e-01 1.879081311799382092e-01 -5.280491569233163318e-01 3.778843234977102838e-01 2.185318355407162016e-02 -3.082233749635747699e-01 1.179695990618085943e+00 2.306506072699221477e-02
5.857801913619482548e-01 7.506090760575716558e-01 -2.256839023576162617e-01 6.090476992653748312e-02 -1.593011842868463646e-01 -3.897927032306824913e-01 -8.574140494727089390e-02 -6.102212416770385062e-01 1.530344789675837092e-01 -1.505764399305462575e-01 -2.763702881707672532e-01 5.928722360901588218e-01 -9.239490740640121658e-03 2.793385303118611773e-02 -5.402195166954015804e-02 5.438351594273171941e-02 9.004101494741689748e-02 1.397681619573631906e-01 4.767857196770819428e-02 7.008846142235825027e-02 -2.951230509961533244e-02 -1.632298586892488856e-01 1.340079261096889240e-01 -1.427520152793704256e-01 -9.879317542649346251e-02 6.509432975673234978e-02 -1.667758416193123594e-01 -2.411662263255607286e-01 -9.188203461832245011e-02 1.228640073024394042e-01
-9.354558704047803985e-01 -4.871857066392522029e-01 -4.884620711479783495e-01 -3.043527569655566367e-01 1.877244741938284278e-01 -4.100410871967596904e-02 9.958008405197915636e-02 7.412655119901501166e-02 -1.830927358965936946e-01 1.901310642841167464e-01 1.469667659343372179e-01 -9.239490740640121658e-03 3.474503487197466711e-01 -6.031104124861030868e-02 2.082892407036069926e-01 3.528716895396541986e-01 1.197806726644330411e-01 1.367259122994255449e-01 3.698725639395092912e-01 -6.511135028017633886e-02 2.026265055485509947e-02 1.839978041741687775e-01 -1.623628063076694161e-01 -3.830497145690969774e-02 -1.762306411312692944e-01 -1.620998784466110010e-02 1.471984705662521264e-01 -1.278660302546086314e-01 2.625832542028661010e-01 2.476276991037593689e-01
-2.721708536251981059e-01 -2.023244115460443027e-01 6.524474786652945113e-02 -5.588209267199317765e-02 -4.372974744268276481e-02 -6.256638842432948877e-02 8.446718640885819696e-02 -4.218788187176869542e-02 -9.437607804960634894e-02 -3.816412534342816798e-02 8.658991550089467637e-02 2.793385303118611773e-02 -6.031104124861030868e-02 2.122698823162068038e-01 4.389689489528336708e-02 3.495558279888655306e-02 1.623027314417413436e-01 -3.435625041402090574e-02 1.256221869096236787e-01 -1.789205754107001667e-01 2.959128197466043275e-02 2.210926459301276736e-01 -1.452617044740804886e-01 -1.182757249068799865e-02 -2.216708333486394622e-02 -1.821554508114786586e-02 -3.356241358443412537e-02 -1.744225283033529195e-02 1.694766998451768814e-01 7.002217716808445402e-02
-1.085491088331252740e+00 -8.928845500341822117e-01 -4.765327609411542653e-01 -2.959271447853666359e-01 1.718749972240516399e-01 -3.892852533914492597e-02 2.835750750166425860e-01 2.566299512670298100e-01 -2.874290243870518680e-01 2.408932182690932677e-01 4.314567996481741829e-01 -5.402195166954015804e-02 2.082892407036069926e-01 4.389689489528336708e-02 5.338122049906246502e-01 4.570425303049887589e-01 8.779046700578874152e-02 2.024761676107686981e-01 3.603818568600729577e-01 -3.168888917002732342e-01 -6.563449422293388125e-02 1.919292327794437369e-01 -2.109640689436673711e-01 -3.947528223176277606e-02 -2.286336037335559013e-01 5.079005760478594311e-03 6.085818284242350273e-02 -1.320599803838717889e-01 4.240082789067969316e-01 1.648748167834241940e-01
-1.854326607958057593e+00 -1.411285845521547344e+00 -1.552414012001463561e+00 -5.569252956610171168e-01 -2.267405121589263217e-01 -1.805995385430492206e-01 3.515364182297275875e-01 3.270373181193804157e-01 1.682779737521400421e-01 3.297467453373315038e-01 1.107406266470661649e+00 5.438351594273171941e-02 3.528716895396541986e-01 3.495558279888655306e-02 4.570425303049887589e-01 1.154510413556465664e+00 -2.078548323743234505e-01 6.661013346028141768e-01 1.005754907701600587e+00 -7.303787801336056873e-01 3.170310581936064409e-03 1.842507213580404368e-01 -1.238979868735441414e-01 3.679379293822648833e-02 -5.434526386029290279e-01 2.929577581704734257e-01 8.683474585848216520e-02 -4.239672103886391596e-01 9.377999513498025408e-01 2.604094975848738613e-01
-3.743717013695118112e-01 1.450635247069840261e-01 5.250392734104138981e-01 -1.035848656501343612e-01 3.336120641715183410e-01 -1.580829794166902502e-01 2.214781697625767265e-02 -3.206070949619856947e-01 -5.225114688323060363e-01 -6.852729227853160410e-02 -4.570761082218837146e-01 9.004101494741689748e-02 1.197806726644330411e-01 1.623027314417413436e-01 8.779046700578874152e-02 -2.078548323743234505e-01 6.202187616884771160e-01 -2.513054469294502269e-01 4.465660368904877942e-02 1.782011937635274990e-01 5.995292397022922160e-02 4.344877353800313813e-01 -3.252813185375771354e-01 -1.744972697927096306e-01 8.067133778848756265e-02 -2.672535036003864661e-01 7.232322446321859388e-02 5.259434566801246547e-02 -6.917988941154362692e-02 2.712501911333333737e-01
-5.592811845708638430e-01 -4.037547529790117551e-01 -9.460697782191687111e-01 -2.261718402226051694e-01 -3.361153874108140371e-01 -2.196037324646908928e-01 1.743529650306641088e-01 4.632092989555758322e-02 3.230550975324035790e-01 1.528930708587949994e-01 6.693020098007309571e-01 1.397681619573631906e-01 1.367259122994255449e-01 -3.435625041402090574e-02 2.024761676107686981e-01 6.661013346028141768e-01 -2.513054469294502269e-01 6.242564687218532526e-01 5.140528033726354806e-01 -4.189255616831246698e-01 -6.140391167946290807e-03 -1.876410427437633643e-01 1.147637580544937919e-01 -5.486147437579802499e-03 -3.409610539285097275e-01 2.218940348046771760e-01 -8.388469145637600377e-02 -3.300704333129829138e-01 3.921767999341341238e-01 -2.837100393998071013e-02
-2.095194620652023332e+00 -1.374432786490530134e+00 -1.377995769872569554e+00 -6.021262749128482028e-01 -2.056150319213827515e-01 -1.846560528217082719e-01 3.303606891105346222e-01 1.957779345837025176e-01 6.174650392256353371e-02 2.568399026051508827e-01 9.491247288023032525e-01 4.767857196770819428e-02 3.698725639395092912e-01 1.256221869096236787e-01 3.603818568600729577e-01 1.005754907701600587e+00 4.465660368904877942e-02 5.140528033726354806e-01 1.116212526350977896e+00 -6.994270069328933914e-01 9.194222164703091948e-02 5.055026294903086637e-01 -2.816124187584989613e-01 -1.075123503946429082e-02 -4.970502592846912648e-01 2.100621987575550520e-01 1.070774108254681778e-01 -3.901723321212955398e-01 1.035842778172877843e+00 3.905226508177292999e-01
1.330063691062662201e+00 1.372896491826736565e+00 1.147387581263387801e+00 3.249743957784403392e-01 3.834303027641681183e-01 -3.848582686174495393e-02 -3.634190682246867254e-01 -4.417647219788705115e-01 -2.543149386132768086e-01 -2.122204653858261736e-01 -1.063752555212431616e+00 7.008846142235825027e-02 -6.511135028017633886e-02 -1.789205754107001667e-01 -3.168888917002732342e-01 -7.303787801336056873e-01 1.782011937635274990e-01 -4.189255616831246698e-01 -6.994270069328933914e-01 9.051590179020081450e-01 -2.544440959781013589e-02 -2.511177268374638061e-01 1.313461284468075974e-01 -9.031984757916688977e-02 4.138063097246345023e-01 -3.128587278223449175e-01 2.988857281474111005e-02 2.528312872604487893e-01 -9.737358945096730167e-01 -1.029841021843935778e-01
-1.670259603686758965e-01 -4.522861307469838721e-02 -1.969132953325924973e-02 -4.258005358889249692e-02 -4.869945708082923375e-02 6.378738781961601489e-03 3.490501077465069102e-03 -2.035950353678117608e-02 2.791878337922071296e-02 -8.849972739710665337e-03 3.042911179983320835e-02 -2.951230509961533244e-02 2.026265055485509947e-02 2.959128197466043275e-02 -6.563449422293388125e-02 3.170310581936064409e-03 5.995292397022922160e-02 -6.140391167946290807e-03 9.194222164703091948e-02 -2.544440959781013589e-02 7.963068768617631576e-02 1.263265382683016469e-01 -6.772075838313185159e-02 -1.541016917144588660e-03 -1.267744721724284318e-02 -2.427239376515899494e-03 -1.534221466692997637e-02 -1.405895238940502168e-02 8.990559522430885409e-02 2.393342729550340664e-02
-1.594441369478090564e+00 -1.018487830477340594e+00 -1.635287250247188240e-01 -3.640602456418378097e-01 2.193969202066341495e-01 9.293476836461422863e-02 1.835818936858117922e-01 1.616293005421880480e-01 -3.967692987733357768e-01 8.483067359657070483e-02 1.981250850956826071e-01 -1.632298586892488856e-01 1.839978041741687775e-01 2.210926459301276736e-01 1.919292327794437369e-01 1.842507213580404368e-01 4.344877353800313813e-01 -1.876410427437633643e-01 5.055026294903086637e-01 -2.511177268374638061e-01 1.263265382683016469e-01 8.794058666543378422e-01 -5.015796653871404942e-01 -4.960547147135230261e-02 -7.039036516530927656e-02 -1.043654114300807123e-01 1.404520288095909564e-01 7.321969532597449870e-03 6.408178780043272127e-01 4.091304049586028668e-01
1.043793775988262951e+00 7.451398941690285938e-01 7.093958734810712485e-02 2.381930971018277887e-01 -2.025930236739554857e-01 -7.536094935818482554e-02 -1.984493709642833892e-01 -1.776304947283620095e-01 3.802051852018166755e-01 -9.985615969185346330e-02 -1.279135511747426790e-01 1.340079261096889240e-01 -1.623628063076694161e-01 -1.452617044740804886e-01 -2.109640689436673711e-01 -1.238979868735441414e-01 -3.252813185375771354e-01 1.147637580544937919e-01 -2.816124187584989613e-01 1.313461284468075974e-01 -6.772075838313185159e-02 -5.015796653871404942e-01 4.390522933047122933e-01 3.083707802085200456e-02 1.060927639229873876e-01 1.108604889974458274e-01 -9.804012995209632209e-02 -2.032003262650050601e-02 -4.477187422016299934e-01 -2.786671188956120204e-01
-4.243247181477727281e-02 -2.233532708222014662e-01 -1.009904423511329696e-01 1.203235060518181854e-02 -8.017961751664870462e-02 1.431684371950723289e-01 1.495853696138738087e-02 2.172874554803456704e-01 1.177928903666156657e-01 4.797722769302481538e-02 1.879081311799382092e-01 -1.427520152793704256e-01 -3.830497145690969774e-02 -1.182757249068799865e-02 -3.947528223176277606e-02 3.679379293822648833e-02 -1.744972697927096306e-01 -5.486147437579802499e-03 -1.075123503946429082e-02 -9.031984757916688977e-02 -1.541016917144588660e-03 -4.960547147135230261e-02 3.083707802085200456e-02 1.267448741074304053e-01 -8.610868512732849922e-04 6.557014089111135036e-02 -1.596311700495789410e-03 3.019297905950679706e-02 7.857568368831380212e-02 -9.586488359633449363e-02
6.262004333335084993e-01 5.999161914495516612e-01 9.406722599868544421e-01 2.357481178796092536e-01 2.815081178389959859e-01 9.180585945370012269e-02 -2.140956886337903597e-01 -9.335039615939422220e-02 -1.391423102904809639e-01 -1.428017384962458891e-01 -5.280491569233163318e-01 -9.879317542649346251e-02 -1.762306411312692944e-01 -2.216708333486394622e-02 -2.286336037335559013e-01 -5.434526386029290279e-01 8.067133778848756265e-02 -3.409610539285097275e-01 -4.970502592846912648e-01 4.138063097246345023e-01 -1.267744721724284318e-02 -7.039036516530927656e-02 1.060927639229873876e-01 -8.610868512732849922e-04 4.506360993482019239e-01 -1.969022172755217071e-01 -4.036932004800064533e-02 3.314363985912223143e-01 -6.415247047823413595e-01 -1.710409469295086637e-01
-5.228378049162074603e-02 -2.828801388358783697e-01 -6.551775502761643111e-01 -4.382836516572297114e-02 -3.060616773393576295e-01 2.728959083646032013e-02 3.160250872849701409e-02 1.153565301162302603e-01 3.548358446847714731e-01 3.687376950023235622e-02 3.778843234977102838e-01 6.509432975673234978e-02 -1.620998784466110010e-02 -1.821554508114786586e-02 5.079005760478594311e-03 2.929577581704734257e-01 -2.672535036003864661e-01 2.218940348046771760e-01 2.100621987575550520e-01 -3.128587278223449175e-01 -2.427239376515899494e-03 -1.043654114300807123e-01 1.108604889974458274e-01 6.557014089111135036e-02 -1.969022172755217071e-01 2.666792251082483745e-01 -5.962685225136965528e-02 -1.579069288912364755e-01 3.164882007272922237e-01 -2.253134071730755750e-02
-4.787865789772922653e-01 -3.765482563851492159e-01 -1.946843544317289343e-02 -1.318665666414062798e-01 2.106403548768867040e-01 9.108832260642429901e-02 3.330189046158693600e-02 1.802069043703227180e-01 -2.236974394516551001e-01 8.505151816450506885e-02 2.185318355407162016e-02 -1.667758416193123594e-01 1.471984705662521264e-01 -3.356241358443412537e-02 6.085818284242350273e-02 8.683474585848216520e-02 7.232322446321859388e-02 -8.388469145637600377e-02 1.070774108254681778e-01 2.988857281474111005e-02 -1.534221466692997637e-02 1.404520288095909564e-01 -9.804012995209632209e-02 -1.596311700495789410e-03 -4.036932004800064533e-02 -5.962685225136965528e-02 2.642789544217407638e-01 5.110602380335649286e-02 5.286482719014884424e-02 9.453953952254323667e-02
2.014153650132470830e-01 5.214872308039275595e-02 7.301638259729088531e-01 1.529119853705651622e-01 3.168170604003535118e-01 2.473580066834415447e-01 -9.837933899257222947e-02 1.955233361007913118e-01 -1.967748397152035977e-01 -5.420359523122897372e-02 -3.082233749635747699e-01 -2.411662263255607286e-01 -1.278660302546086314e-01 -1.744225283033529195e-02 -1.320599803838717889e-01 -4.239672103886391596e-01 5.259434566801246547e-02 -3.300704333129829138e-01 -3.901723321212955398e-01 2.528312872604487893e-01 -1.405895238940502168e-02 7.321969532597449870e-03 -2.032003262650050601e-02 3.019297905950679706e-02 3.314363985912223143e-01 -1.579069288912364755e-01 5.110602380335649286e-02 4.015022723253878212e-01 -3.660205450522653337e-01 -1.446900222039744222e-01
-2.074881786196726807e+00 -1.953802794834246015e+00 -1.695730380610996235e+00 -5.477803854140006479e-01 -3.902467615229170406e-01 1.637119158204427549e-01 4.603170322110941015e-01 5.571828177512543334e-01 1.596740191263279485e-01 2.928459463960280118e-01 1.179695990618085943e+00 -9.188203461832245011e-02 2.625832542028661010e-01 1.694766998451768814e-01 4.240082789067969316e-01 9.377999513498025408e-01 -6.917988941154362692e-02 3.921767999341341238e-01 1.035842778172877843e+00 -9.737358945096730167e-01 8.990559522430885409e-02 6.408178780043272127e-01 -4.477187422016299934e-01 7.857568368831380212e-02 -6.415247047823413595e-01 3.164882007272922237e-01 5.286482719014884424e-02 -3.660205450522653337e-01 1.611839808774504945e+00 4.266949435033779991e-01
-8.910813092704756855e-01 -4.297019612772032815e-01 -4.735720071045648183e-01 -2.845561336862374446e-01 1.214124400980267637e-01 -7.718458016762497209e-02 1.122301408811949841e-01 -7.855919422479473724e-02 -2.489303036937258184e-01 7.144650276711672632e-02 2.306506072699221477e-02 1.228640073024394042e-01 2.476276991037593689e-01 7.002217716808445402e-02 1.648748167834241940e-01 2.604094975848738613e-01 2.712501911333333737e-01 -2.837100393998071013e-02 3.905226508177292999e-01 -1.029841021843935778e-01 2.393342729550340664e-02 4.091304049586028668e-01 -2.786671188956120204e-01 -9.586488359633449363e-02 -1.710409469295086637e-01 -2.253134071730755750e-02 9.453953952254323667e-02 -1.446900222039744222e-01 4.266949435033779991e-01 5.177110179573674031e-01
