6.472558527529713501e+00 4.262031563461789574e+00 2.230824048229294476e+00 1.427502334397104278e+00 -3.908000433152665209e-01 -1.154611707098069928e-01 -1.038185238243499953e+00 -1.080816849975576588e+00 1.043302665553426323e+00 -8.592287903754254330e-01 -1.760879925787492084e+00 6.805675388757208566e-01 -1.065861248568864994e+00 -7.681041111692366030e-02 -9.432345702389284270e-01 -1.907417085196755124e+00 -9.175937288932800584e-02 -7.162066217877054441e-01 -2.100176137548487532e+00 1.384185157143861034e+00 -3.081345176727268154e-01 -1.583212635013069303e+00 7.642526798084077200e-01 -2.408202811404862587e-01 5.792901974880919624e-01 -4.814759101787444706e-01 -5.370096712667873362e-01 7.473023423131053278e-02 -2.527927387721092600e+00 -1.093827465171216318e+00
4.262031563461789574e+00 4.575701955261990861e+00 1.962568464047194539e+00 8.064948185963203287e-01 -2.613744901115069297e-01 -6.401333689603916355e-01 -8.233076455987884401e-01 -1.648322525413732365e+00 6.209005387632373640e-01 -6.946572004295603620e-01 -1.670915402970251762e+00 8.313874931798181933e-01 -5.550329347983620210e-01 -4.131801480980357155e-03 -7.258848468849805613e-01 -1.307281146278626238e+00 3.969786963887145248e-01 -5.049986874959131455e-01 -1.226597895295014951e+00 1.224153239820395811e+00 -1.591217567781768594e-01 -9.011817983209198246e-01 3.459410619937557385e-01 -4.348219531117365477e-01 4.829245979109373366e-01 -7.222549653991450214e-01 -4.052763820382097038e-01 -4.339413979937489785e-02 -2.235775222568008758e+00 -5.446197115120412491e-01
2.230824048229294476e+00 1.962568464047194539e+00 3.213745606261227294e+00 6.652847207126910689e-01 6.841176363535623750e-01 8.550627226225060440e-02 -5.417819972769848391e-01 -4.689786280758880821e-01 -3.605046852232476340e-01 -4.325167590898786329e-01 -1.358116442042899052e+00 -1.336253474430009192e-01 -4.470442739312829872e-01 1.974026581508496747e-01 -4.378296872113196514e-01 -1.534404780912097976e+00 7.239177962463259064e-01 -1.009546244327111708e+00 -1.265569765303780514e+00 1.176614180893295725e+00 -1.748462330205597937e-01 -1.320999281076069565e-01 -1.176445761022364422e-01 -3.967238782367985550e-01 8.666782226175087089e-01 -9.077781766412158504e-01 -1.730109205114445103e-01 5.906290303635728378e-01 -1.892102457316184427e+00 -6.131643119757086424e-01
1.427502334397104278e+00 8.064948185963203287e-01 6.652847207126910689e-01 5.103828677480350962e-01 -2.686787918543132037e-02 1.048611664838290380e-01 -2.433350669004994415e-01 -1.022507457274741682e-01 2.737082260962324654e-01 -2.067090971833636104e-01 -3.988342245363583061e-01 5.136812083230779535e-02 -3.199589097301327456e-01 -9.084997834918340232e-03 -2.496219149140301852e-01 -5.542310178626053130e-01 -5.990754661689834393e-02 -2.564604165648347589e-01 -5.899008176264146641e-01 3.215509088647081626e-01 -7.381648948791053044e-02 -3.553545355385949733e-01 1.718014146526343211e-01 -2.396626416475555743e-02 2.086687938451063928e-01 -1.139780274876898147e-01 -1.496546277861625640e-01 1.229342400357040788e-01 -5.889247693388597327e-01 -3.417022002610110576e-01
-3.908000433152665209e-01 -2.613744901115069297e-01 6.841176363535623750e-01 -2.686787918543132037e-02 9.603970107986015137e-01 2.055957953469942368e-01 -1.224559582066717667e-01 1.133544700812763040e-01 -5.986262635926777875e-01 1.054048559649913841e-01 -5.659894298842687022e-01 -6.527388739226580583e-02 2.213520872739422884e-01 -6.040991335527223782e-02 1.226456735896590544e-01 -2.525654444631300066e-01 3.511244653395237947e-01 -3.123315689980472598e-01 -2.027825358605355177e-01 4.429426736638788498e-01 -9.496337914401919988e-02 1.594363047848901260e-01 -1.707063349390409712e-01 -1.823366849508829546e-01 2.655635639503657330e-01 -3.312494663558140928e-01 1.281572250589988471e-01 2.437143763490894344e-01 -4.780895379249727739e-01 1.130158948639063965e-01
-1.154611707098069928e-01 -6.401333689603916355e-01 8.550627226225060440e-02 1.048611664838290380e-01 2.055957953469942368e-01 6.378757349662009801e-01 4.180752461650172336e-03 5.101294094856143602e-01 -1.115701120467065266e-01 5.442117034289140065e-02 -9.101122054727284194e-02 -3.851646620749988870e-01 -1.660432226486818763e-02 -5.149662498013185541e-02 -7.180771396906493464e-02 -2.706942951922997054e-01 -8.382061153463382652e-02 -2.435728008093178687e-01 -2.353733079994810851e-01 9.410427006406507644e-02 8.470871273118518729e-03 7.759235968421762664e-02 -4.097578470918961102e-02 9.243507059960620609e-02 1.397434408992808130e-01 1.859692061822215692e-02 7.655465870965372233e-02 2.573337391508516703e-01 7.901162381597259809e-02 -8.872737247327222576e-02
-1.038185238243499953e+00 -8.233076455987884401e-01 -5.417819972769848391e-01 -2.433350669004994415e-01 -1.224559582066717667e-01 4.180752461650172336e-03 3.548083933669659018e-01 2.520635587923152343e-01 -1.789691371973276546e-01 1.666806329635051043e-01 5.083764784839104323e-01 -1.201585443563430999e-01 1.215109633780571130e-01 2.724120879349811730e-02 2.624456398121992606e-01 3.877774939556388745e-01 -7.353256032860144842e-02 2.198479702960298710e-01 3.453523643426024137e-01 -4.005549190055717190e-01 4.267400468410187386e-02 1.854836413975817777e-01 -1.268346810069260755e-01 9.586179893824464671e-02 -2.083571893129487762e-01 1.553325728494314717e-01 5.876104172688201288e-02 -7.173612034631560164e-02 6.036710100793811762e-01 1.571383396722012549e-01
-1.080816849975576588e+00 -1.648322525413732365e+00 -4.689786280758880821e-01 -1.022507457274741682e-01 1.133544700812763040e-01 5.101294094856143602e-01 2.520635587923152343e-01 9.009016210814593251e-01 -1.557454297042681901e-01 2.656135353260538068e-01 5.379489570714781621e-01 -5.310633672157791807e-01 1.203621846127020945e-01 -1.120480410496611512e-01 1.826308734541157719e-01 2.521114225452834035e-01 -3.416760636839057952e-01 7.382678734182945846e-02 1.178607090853915906e-01 -2.758833979727910446e-01 1.512713763634110364e-02 7.285074853530204564e-02 -1.019252672352877198e-02 2.491990582482799255e-01 -6.046109207204608538e-02 2.567625840756591060e-01 1.565987976842961871e-01 1.626671326037012477e-01 5.791546891653638340e-01 -3.172346033647954755e-02
1.043302665553426323e+00 6.209005387632373640e-01 -3.605046852232476340e-01 2.737082260962324654e-01 -5.986262635926777875e-01 -1.115701120467065266e-01 -1.789691371973276546e-01 -1.557454297042681901e-01 7.882966418599721692e-01 -1.522340825674177722e-01 1.851640898740356533e-01 1.344905778274778640e-01 -2.762803724215245893e-01 -6.358758391456831305e-02 -3.340096169439448204e-01 -2.433148002870666460e-02 -4.355637295251426622e-01 1.764852481222192182e-01 -1.286218992588885612e-01 -8.462130381190036132e-02 5.279434166254759475e-02 -4.219242645101815015e-01 3.731543806146078168e-01 1.544457218963657397e-01 -2.819319863152713879e-02 2.472670887501067227e-01 -1.815466040379760670e-01 -1.064543754035867096e-01 -8.834178734116449050e-02 -3.188815508289621903e-01
-8.592287903754254330e-01 -6.946572004295603620e-01 -4.325167590898786329e-01 -2.067090971833636104e-01 1.054048559649913841e-01 5.442117034289140065e-02 1.666806329635051043e-01 2.656135353260538068e-01 -1.522340825674177722e-01 2.161058561879372064e-01 2.942595071746723079e-01 -1.460864872660749825e-01 2.024981264257803559e-01 -7.875543437461374197e-02 1.988744867018681362e-01 3.042608953145986561e-01 -9.471006698140627122e-02 1.561000430966146268e-01 2.351727378159580439e-01 -1.788411340104971714e-01 2.039385549880989856e-02 8.563513522801713407e-02 -4.320546957728765847e-02 8.812865564868843649e-02 -1.111302849695903205e-01 9.688942977305714521e-02 1.005957119008371592e-01 -3.328596629347657654e-02 3.280022830228972452e-01 1.123229425219278710e-01
-1.760879925787492084e+00 -1.670915402970251762e+00 -1.358116442042899052e+00 -3.988342245363583061e-01 -5.659894298842687022e-01 -9.101122054727284194e-02 5.083764784839104323e-01 5.379489570714781621e-01 1.851640898740356533e-01 2.942595071746723079e-01 1.337458604445657784e+00 -2.758003228486813896e-01 1.326922125499550020e-01 -2.662186590657711349e-02 2.967905536572175151e-01 9.451940849116340360e-01 -5.369400109609614447e-01 6.222018968854285959e-01 7.623981241366379891e-01 -8.755994834982061548e-01 1.250991265791867590e-01 1.303023221241232932e-01 6.967442365424858508e-02 3.491381870642271679e-01 -4.033881937772321180e-01 5.442407069255636998e-01 7.289673503748872463e-02 -2.101192992426490491e-01 1.186743764898722020e+00 7.363741233223208837e-02
6.805675388757208566e-01 8.313874931798181933e-01 -1.336253474430009192e-01 5.136812083230779535e-02 -6.527388739226580583e-02 -3.851646620749988870e-01 -1.201585443563430999e-01 -5.310633672157791807e-01 1.344905778274778640e-01 -1.460864872660749825e-01 -2.758003228486813896e-01 5.605669180610561853e-01 -7.845437202132643506e-02 4.976443287495158074e-02 -4.118201889411921002e-02 -2.086821284166262558e-03 1.131297952396153050e-01 7.648028861416378277e-02 -1.106130199440258366e-02 5.528516208272549193e-02 -3.925035112422392558e-02 -1.363425489032863425e-01 6.987486110227791869e-02 -1.357354726882817886e-01 -5.939820070653922812e-02 -3.653674893297420567e-02 -1.367943366272470485e-01 -1.783483854351857190e-01 -2.107670979412432644e-01 1.002139500275234241e-01
-1.065861248568864994e+00 -5.550329347983620210e-01 -4.470442739312829872e-01 -3.199589097301327456e-01 2.213520872739422884e-01 -1.660432226486818763e-02 1.215109633780571130e-01 1.203621846127020945e-01 -2.762803724215245893e-01 2.024981264257803559e-01 1.326922125499550020e-01 -7.845437202132643506e-02 3.543290327609724955e-01 -8.320590110469083811e-02 1.966387846802604145e-01 3.509277825726542233e-01 8.518033743843034244e-02 1.419213558525029839e-01 3.674875887039377176e-01 -1.049786363869884553e-01 3.919783109546415290e-02 2.159603231271773893e-01 -1.526095738027493098e-01 -6.134245152225048514e-03 -1.497216712854196885e-01 1.573388084750604321e-02 1.730280057324193876e-01 -7.717218408043891031e-02 3.205060129582193440e-01 2.737316464104537772e-01
-7.681041111692366030e-02 -4.131801480980357155e-03 1.974026581508496747e-01 -9.084997834918340232e-03 -6.040991335527223782e-02 -5.149662498013185541e-02 2.724120879349811730e-02 -1.120480410496611512e-01 -6.358758391456831305e-02 -7.875543437461374197e-02 -2.662186590657711349e-02 4.976443287495158074e-02 -8.320590110469083811e-02 2.075406010318943117e-01 -2.942372551586913687e-02 -6.598381853558521470e-02 1.790121658868883969e-01 -8.981523807091207345e-02 4.898915082000598886e-02 -9.045418714481456846e-02 2.146183474093277255e-02 1.962240097685139517e-01 -1.236902846877683260e-01 -3.583960073370917598e-02 2.435594546295760665e-02 -3.988577570515872139e-02 -4.677911210779939211e-02 1.703062987758130475e-02 7.068880510189501365e-02 4.831226969952240324e-02
-9.432345702389284270e-01 -7.258848468849805613e-01 -4.378296872113196514e-01 -2.496219149140301852e-01 1.226456735896590544e-01 -7.180771396906493464e-02 2.624456398121992606e-01 1.826308734541157719e-01 -3.340096169439448204e-01 1.988744867018681362e-01 2.967905536572175151e-01 -4.118201889411921002e-02 1.966387846802604145e-01 -2.942372551586913687e-02 4.597088841885010879e-01 3.797598347583743816e-01 2.035531270922774638e-02 1.895709276880097605e-01 2.822435740093567347e-01 -2.624380854028913745e-01 -4.051697424489475452e-02 1.562673723873331255e-01 -1.246368689664905105e-01 2.112875601847008511e-02 -1.818757398826278404e-01 8.588710489715367657e-02 6.625503385686215552e-02 -1.014968883707751957e-01 4.340740588370408659e-01 1.886835978385192902e-01
-1.907417085196755124e+00 -1.307281146278626238e+00 -1.534404780912097976e+00 -5.542310178626053130e-01 -2.525654444631300066e-01 -2.706942951922997054e-01 3.877774939556388745e-01 2.521114225452834035e-01 -2.433148002870666460e-02 3.042608953145986561e-01 9.451940849116340360e-01 -2.086821284166262558e-03 3.509277825726542233e-01 -6.598381853558521470e-02 3.797598347583743816e-01 1.112597004255832189e+00 -3.114208889269889369e-01 6.855598430839791035e-01 9.310820190879951497e-01 -7.026020191853206143e-01 9.223389833846340480e-02 1.681396255032723275e-01 8.921277190552245884e-04 1.850053437706833392e-01 -4.647391254935655525e-01 4.270474286168450817e-01 1.587460068139421310e-01 -3.283972614817116664e-01 1.014608992252533426e+00 3.302121106205504475e-01
-9.175937288932800584e-02 3.969786963887145248e-01 7.239177962463259064e-01 -5.990754661689834393e-02 3.511244653395237947e-01 -8.382061153463382652e-02 -7.353256032860144842e-02 -3.416760636839057952e-01 -4.355637295251426622e-01 -9.471006698140627122e-02 -5.369400109609614447e-01 1.131297952396153050e-01 8.518033743843034244e-02 1.790121658868883969e-01 2.035531270922774638e-02 -3.114208889269889369e-01 6.391513884065602724e-01 -3.061378536773986525e-01 -2.514240007647572384e-02 2.117978576658288148e-01 7.335746319938607485e-03 3.997975821131660723e-01 -3.508040084950039272e-01 -2.705691329391584077e-01 1.019962950063586504e-01 -3.430504011685684418e-01 1.711390972826620782e-02 6.949827239094474862e-02 -2.055932877223654032e-01 2.142387907472880215e-01
-7.162066217877054441e-01 -5.049986874959131455e-01 -1.009546244327111708e+00 -2.564604165648347589e-01 -3.123315689980472598e-01 -2.435728008093178687e-01 2.198479702960298710e-01 7.382678734182945846e-02 1.764852481222192182e-01 1.561000430966146268e-01 6.222018968854285959e-01 7.648028861416378277e-02 1.419213558525029839e-01 -8.981523807091207345e-02 1.895709276880097605e-01 6.855598430839791035e-01 -3.061378536773986525e-01 6.154642553990470333e-01 5.046870403683669792e-01 -4.588928813375332538e-01 6.000807474168823319e-02 -1.404047856948125172e-01 1.460732706486851384e-01 1.207668160051298401e-01 -3.160240602044837033e-01 3.083772574651106879e-01 -2.052534946750483869e-02 -2.790201171746957698e-01 5.216975300046442499e-01 3.486820927923872659e-02
-2.100176137548487532e+00 -1.226597895295014951e+00 -1.265569765303780514e+00 -5.899008176264146641e-01 -2.027825358605355177e-01 -2.353733079994810851e-01 3.453523643426024137e-01 1.178607090853915906e-01 -1.286218992588885612e-01 2.351727378159580439e-01 7.623981241366379891e-01 -1.106130199440258366e-02 3.674875887039377176e-01 4.898915082000598886e-02 2.822435740093567347e-01 9.310820190879951497e-01 -2.514240007647572384e-02 5.046870403683669792e-01 1.010534652100744779e+00 -6.542899503929220373e-01 1.571321501234308471e-01 4.849916768997104555e-01 -1.865043966035955236e-01 8.258909310947615268e-02 -4.115784322403328588e-01 3.056750704727164702e-01 1.646118184881970592e-01 -2.729653903018629535e-01 1.060394787557328300e+00 4.493626610717456060e-01
1.384185157143861034e+00 1.224153239820395811e+00 1.176614180893295725e+00 3.215509088647081626e-01 4.429426736638788498e-01 9.410427006406507644e-02 -4.005549190055717190e-01 -2.758833979727910446e-01 -8.462130381190036132e-02 -1.788411340104971714e-01 -8.755994834982061548e-01 5.528516208272549193e-02 -1.049786363869884553e-01 -9.045418714481456846e-02 -2.624380854028913745e-01 -7.026020191853206143e-01 2.117978576658288148e-01 -4.588928813375332538e-01 -6.542899503929220373e-01 8.182471197373502036e-01 -9.960640819349464437e-02 -2.304971406562685843e-01 1.675218062734984414e-02 -1.851627778050897177e-01 3.648349746669055094e-01 -4.373070148106421584e-01 -2.857490795435069231e-02 2.011918216052777098e-01 -1.034649269823376017e+00 -2.067063721250974595e-01
-3.081345176727268154e-01 -1.591217567781768594e-01 -1.748462330205597937e-01 -7.381648948791053044e-02 -9.496337914401919988e-02 8.470871273118518729e-03 4.267400468410187386e-02 1.512713763634110364e-02 5.279434166254759475e-02 2.039385549880989856e-02 1.250991265791867590e-01 -3.925035112422392558e-02 3.919783109546415290e-02 2.146183474093277255e-02 -4.051697424489475452e-02 9.223389833846340480e-02 7.335746319938607485e-03 6.000807474168823319e-02 1.571321501234308471e-01 -9.960640819349464437e-02 9.084221156706462352e-02 1.175974242019606208e-01 -5.863592252262606053e-02 1.807174211620576898e-02 -5.689578730738276136e-02 5.148527787321199867e-02 -1.490728418360731666e-02 -3.038269859189313138e-02 1.918195222267513600e-01 3.933411609779113860e-02
-1.583212635013069303e+00 -9.011817983209198246e-01 -1.320999281076069565e-01 -3.553545355385949733e-01 1.594363047848901260e-01 7.759235968421762664e-02 1.854836413975817777e-01 7.285074853530204564e-02 -4.219242645101815015e-01 8.563513522801713407e-02 1.303023221241232932e-01 -1.363425489032863425e-01 2.159603231271773893e-01 1.962240097685139517e-01 1.562673723873331255e-01 1.681396255032723275e-01 3.997975821131660723e-01 -1.404047856948125172e-01 4.849916768997104555e-01 -2.304971406562685843e-01 1.175974242019606208e-01 8.239729153015389329e-01 -4.399565571394248309e-01 -8.754693875545171977e-02 -6.372762990088176593e-02 -3.983340245412136937e-02 1.255013961210806883e-01 3.811107812265390749e-02 6.528583977437563135e-01 4.413594910008100669e-01
7.642526798084077200e-01 3.459410619937557385e-01 -1.176445761022364422e-01 1.718014146526343211e-01 -1.707063349390409712e-01 -4.097578470918961102e-02 -1.268346810069260755e-01 -1.019252672352877198e-02 3.731543806146078168e-01 -4.320546957728765847e-02 6.967442365424858508e-02 6.987486110227791869e-02 -1.526095738027493098e-01 -1.236902846877683260e-01 -1.246368689664905105e-01 8.921277190552245884e-04 -3.508040084950039272e-01 1.460732706486851384e-01 -1.865043966035955236e-01 1.675218062734984414e-02 -5.863592252262606053e-02 -4.399565571394248309e-01 3.987400583629323592e-01 9.161747357291005756e-02 5.850118260127601388e-02 1.327804552117299863e-01 -6.268262399896684656e-02 -4.633750921641421883e-02 -3.084945683995670151e-01 -2.761441873894341370e-01
-2.408202811404862587e-01 -4.348219531117365477e-01 -3.967238782367985550e-01 -2.396626416475555743e-02 -1.823366849508829546e-01 9.243507059960620609e-02 9.586179893824464671e-02 2.491990582482799255e-01 1.544457218963657397e-01 8.812865564868843649e-02 3.491381870642271679e-01 -1.357354726882817886e-01 -6.134245152225048514e-03 -3.583960073370917598e-02 2.112875601847008511e-02 1.850053437706833392e-01 -2.705691329391584077e-01 1.207668160051298401e-01 8.258909310947615268e-02 -1.851627778050897177e-01 1.807174211620576898e-02 -8.754693875545171977e-02 9.161747357291005756e-02 1.937121272600847988e-01 -6.789356883916752849e-02 1.786698062108484919e-01 9.190359624710708886e-03 -2.522417695075773736e-02 2.401045315845635741e-01 -7.729266455578454043e-02
5.792901974880919624e-01 4.829245979109373366e-01 8.666782226175087089e-01 2.086687938451063928e-01 2.655635639503657330e-01 1.397434408992808130e-01 -2.083571893129487762e-01 -6.046109207204608538e-02 -2.819319863152713879e-02 -1.111302849695903205e-01 -4.033881937772321180e-01 -5.939820070653922812e-02 -1.497216712854196885e-01 2.435594546295760665e-02 -1.818757398826278404e-01 -4.647391254935655525e-01 1.019962950063586504e-01 -3.160240602044837033e-01 -4.115784322403328588e-01 3.648349746669055094e-01 -5.689578730738276136e-02 -6.372762990088176593e-02 5.850118260127601388e-02 -6.789356883916752849e-02 3.733599301793617542e-01 -2.256166573713471735e-01 -8.788489553376166441e-02 2.479353821519225676e-01 -6.087101516299071591e-01 -2.082568267991860012e-01
-4.814759101787444706e-01 -7.222549653991450214e-01 -9.077781766412158504e-01 -1.139780274876898147e-01 -3.312494663558140928e-01 1.859692061822215692e-02 1.553325728494314717e-01 2.567625840756591060e-01 2.472670887501067227e-01 9.688942977305714521e-02 5.442407069255636998e-01 -3.653674893297420567e-02 1.573388084750604321e-02 -3.988577570515872139e-02 8.588710489715367657e-02 4.270474286168450817e-01 -3.430504011685684418e-01 3.083772574651106879e-01 3.056750704727164702e-01 -4.373070148106421584e-01 5.148527787321199867e-02 -3.983340245412136937e-02 1.327804552117299863e-01 1.786698062108484919e-01 -2.256166573713471735e-01 3.852807543102017007e-01 5.828264484819101199e-03 -1.397735465154710255e-01 5.546828497248270651e-01 4.820302337066095788e-02
-5.370096712667873362e-01 -4.052763820382097038e-01 -1.730109205114445103e-01 -1.496546277861625640e-01 1.281572250589988471e-01 7.655465870965372233e-02 5.876104172688201288e-02 1.565987976842961871e-01 -1.815466040379760670e-01 1.005957119008371592e-01 7.289673503748872463e-02 -1.367943366272470485e-01 1.730280057324193876e-01 -4.677911210779939211e-02 6.625503385686215552e-02 1.587460068139421310e-01 1.711390972826620782e-02 -2.052534946750483869e-02 1.646118184881970592e-01 -2.857490795435069231e-02 -1.490728418360731666e-02 1.255013961210806883e-01 -6.268262399896684656e-02 9.190359624710708886e-03 -8.788489553376166441e-02 5.828264484819101199e-03 2.499105556069025624e-01 -6.695790672779367014e-03 1.627175695622327112e-01 1.248744927713687503e-01
7.473023423131053278e-02 -4.339413979937489785e-02 5.906290303635728378e-01 1.229342400357040788e-01 2.437143763490894344e-01 2.573337391508516703e-01 -7.173612034631560164e-02 1.626671326037012477e-01 -1.064543754035867096e-01 -3.328596629347657654e-02 -2.101192992426490491e-01 -1.783483854351857190e-01 -7.717218408043891031e-02 1.703062987758130475e-02 -1.014968883707751957e-01 -3.283972614817116664e-01 6.949827239094474862e-02 -2.790201171746957698e-01 -2.729653903018629535e-01 2.011918216052777098e-01 -3.038269859189313138e-02 3.811107812265390749e-02 -4.633750921641421883e-02 -2.522417695075773736e-02 2.479353821519225676e-01 -1.397735465154710255e-01 -6.695790672779367014e-03 2.998452758217808878e-01 -2.544775572890785043e-01 -1.203408126123122202e-01
-2.527927387721092600e+00 -2.235775222568008758e+00 -1.892102457316184427e+00 -5.889247693388597327e-01 -4.780895379249727739e-01 7.901162381597259809e-02 6.036710100793811762e-01 5.791546891653638340e-01 -8.834178734116449050e-02 3.280022830228972452e-01 1.186743764898722020e+00 -2.107670979412432644e-01 3.205060129582193440e-01 7.068880510189501365e-02 4.340740588370408659e-01 1.014608992252533426e+00 -2.055932877223654032e-01 5.216975300046442499e-01 1.060394787557328300e+00 -1.034649269823376017e+00 1.918195222267513600e-01 6.528583977437563135e-01 -3.084945683995670151e-01 2.401045315845635741e-01 -6.087101516299071591e-01 5.546828497248270651e-01 1.627175695622327112e-01 -2.544775572890785043e-01 1.871331288794408465e+00 5.617870428247329073e-01
-1.093827465171216318e+00 -5.446197115120412491e-01 -6.131643119757086424e-01 -3.417022002610110576e-01 1.130158948639063965e-01 -8.872737247327222576e-02 1.571383396722012549e-01 -3.172346033647954755e-02 -3.188815508289621903e-01 1.123229425219278710e-01 7.363741233223208837e-02 1.002139500275234241e-01 2.737316464104537772e-01 4.831226969952240324e-02 1.886835978385192902e-01 3.302121106205504475e-01 2.142387907472880215e-01 3.486820927923872659e-02 4.493626610717456060e-01 -2.067063721250974595e-01 3.933411609779113860e-02 4.413594910008100669e-01 -2.761441873894341370e-01 -7.729266455578454043e-02 -2.082568267991860012e-01 4.820302337066095788e-02 1.248744927713687503e-01 -1.203408126123122202e-01 5.617870428247329073e-01 6.100918437638256364e-01
