6.174152565964732275e+00 4.167286011572571169e+00 2.306385966640561946e+00 1.405860419878422363e+00 -3.126637046955238475e-01 -3.054453608908715978e-01 -9.590468675922920738e-01 -1.225013887212639929e+00 5.917929303099072058e-01 -8.207561794062598892e-01 -2.047056506538353915e+00 4.432845903953079869e-01 -1.026802102379122061e+00 -2.158046210324187086e-01 -1.053318051907240260e+00 -1.882699930432238489e+00 -4.078649740671949075e-01 -5.050142369691457134e-01 -2.106032232461245712e+00 1.235579453315779119e+00 5.701528007074330162e-02 -1.594662306986663225e+00 9.503333472421786610e-01 1.227058978344075513e-01 6.171843115695310189e-01 -7.870413719655289242e-02 -5.143071291334990747e-01 1.928026452577569216e-01 -2.066092155276237463e+00 -1.143100094429200908e+00
4.167286011572571169e+00 4.448903431754331450e+00 2.036744660138538165e+00 8.536241259556618388e-01 -2.592157669863581759e-01 -7.674354017872246914e-01 -7.318057097920132037e-01 -1.785953504466021968e+00 2.378240950913550478e-01 -6.576278514070281744e-01 -2.000772775376162826e+00 6.397310640605269327e-01 -5.245641541055192647e-01 -2.125269732022161406e-01 -9.073942919148976216e-01 -1.278764222854647414e+00 -5.041835806952121857e-02 -2.668032888007019210e-01 -1.266560446836479059e+00 1.109909237777117141e+00 1.289232243731817107e-01 -1.026616880574806601e+00 6.882585951099713384e-01 -7.080303191366965621e-02 4.861118352837934253e-01 -1.915179372806505853e-01 -4.537007300344839678e-01 -2.108215098030541412e-02 -1.746667265096789379e+00 -5.770860621426550097e-01
2.306385966640561946e+00 2.036744660138538165e+00 3.203679490484489634e+00 6.790854348706147903e-01 6.224702221156235282e-01 -7.190004005008177046e-02 -4.999502269791946674e-01 -6.028383930066070207e-01 -5.445018322341752537e-01 -4.507342415937500846e-01 -1.531502179744450132e+00 -1.959848991500621196e-01 -4.941860004818749985e-01 1.161940541041985853e-01 -4.941524486778234859e-01 -1.565757421270177474e+00 5.897130470353317833e-01 -8.685749508186404455e-01 -1.325983442472391971e+00 1.111598413449712552e+00 2.614711843136774405e-02 -1.734364914211710129e-01 3.458120939649234060e-02 -2.145620828555934168e-01 8.923192940068815915e-01 -6.793273267689414752e-01 -2.039824284587439251e-01 6.322576582838905779e-01 -1.697634354159959003e+00 -6.361663927222025450e-01
1.405860419878422363e+00 8.536241259556618388e-01 6.790854348706147903e-01 4.980890227949430482e-01 -1.374387870760074293e-02 3.799863369562217486e-02 -2.382754299768521378e-01 -1.692157231959754426e-01 1.836488779778733260e-01 -2.058993118577063797e-01 -4.751913180284645932e-01 2.428298017565566624e-02 -3.167858504680225451e-01 -3.742832927468953130e-02 -2.700132092717808519e-01 -5.478208860563427152e-01 -1.094025590467140319e-01 -2.067489628970520243e-01 -5.915023671755648138e-01 2.936652555490582017e-01 -3.337645320016235928e-04 -3.631095879886174771e-01 2.095561634012028662e-01 4.245879860314971666e-02 2.173303888439477305e-01 -3.753691526895863717e-02 -1.442776269667547240e-01 1.421126926015290337e-01 -5.143257074605003254e-01 -3.461013517155606678e-01
-3.126637046955238475e-01 -2.592157669863581759e-01 6.224702221156235282e-01 -1.374387870760074293e-02 8.576310646614615507e-01 2.124384847627425188e-01 -1.163025706491112032e-01 1.308517706045222440e-01 -5.256799685048463289e-01 8.485118260335866580e-02 -4.988542394490877996e-01 -9.378247934614591941e-02 1.786071426905664339e-01 -4.763533810830722359e-02 1.201595973222993052e-01 -2.679674602795216742e-01 3.657339188605988056e-01 -3.019406720627557661e-01 -2.385733576825543878e-01 4.463387010881092465e-01 -5.601360049490722304e-02 1.311628716085238011e-01 -1.524271218004855655e-01 -1.578000338396918778e-01 2.823853760435213189e-01 -3.374911493939407592e-01 1.323801439253884382e-01 2.722441979411769353e-01 -5.049315396310021242e-01 4.776795672927391934e-02
-3.054453608908715978e-01 -7.674354017872246914e-01 -7.190004005008177046e-02 3.799863369562217486e-02 2.124384847627425188e-01 6.542894626894053545e-01 1.663461098121388204e-02 6.037123323597484159e-01 -7.274814226792614136e-02 8.543569256761429642e-02 5.751391009886219763e-02 -3.836566355490163005e-01 9.365863849666311580e-04 -1.554200065527311381e-02 2.148586161314369747e-02 -2.161347364141192884e-01 8.401206792314042104e-03 -2.588639323767552014e-01 -1.797579192532623438e-01 5.842852592468261719e-02 -1.379817652446035936e-02 1.516604006980628583e-01 -1.382220806290206383e-01 5.749826694807325111e-02 1.325634176538414977e-01 -7.444685356915670127e-02 1.237470069069104284e-01 2.761098914559738660e-01 5.515191215101822308e-02 -5.605353145188018971e-02
-9.590468675922920738e-01 -7.318057097920132037e-01 -4.999502269791946674e-01 -2.382754299768521378e-01 -1.163025706491112032e-01 1.663461098121388204e-02 3.276864150929554853e-01 2.419268204553759460e-01 -1.030324217639417839e-01 1.500826338287879480e-01 5.282687554948211073e-01 -5.237551838786203007e-02 1.155419590246538064e-01 6.758940485593711855e-02 2.804136571060666938e-01 3.735353761850319643e-01 1.559593752028831659e-02 1.752606760708772526e-01 3.518426894202661970e-01 -3.642568294070542834e-01 -3.330259881551000944e-02 1.976663284833080070e-01 -1.806309360799218666e-01 -5.067613298592732463e-04 -2.166389184862396178e-01 5.349006509288756206e-02 4.509002500674341718e-02 -1.023944784843138223e-01 4.861259533225279483e-01 1.717696835445963188e-01
-1.225013887212639929e+00 -1.785953504466021968e+00 -6.028383930066070207e-01 -1.692157231959754426e-01 1.308517706045222440e-01 6.037123323597484159e-01 2.419268204553759460e-01 1.081797716191942982e+00 -1.735277957260450421e-02 2.853387250634682459e-01 7.920111124242907863e-01 -5.244487075639199247e-01 1.225090013429053215e-01 -2.717838366902469716e-02 3.056755527821337637e-01 2.818644280222315501e-01 -1.644488281472717972e-01 -1.113825376177146609e-02 1.619919747421363354e-01 -2.817765780807803822e-01 -7.990899368422788029e-02 1.604515934115511300e-01 -1.933670728974448139e-01 1.327680397749873009e-01 -5.819708865521988628e-02 2.393502119156210028e-02 2.240334713513902898e-01 1.983453311796097296e-01 4.241299562684162083e-01 -3.050239859959447131e-02
5.917929303099072058e-01 2.378240950913550478e-01 -5.445018322341752537e-01 1.836488779778733260e-01 -5.256799685048463289e-01 -7.274814226792614136e-02 -1.030324217639417839e-01 -1.735277957260450421e-02 6.936788381329392905e-01 -6.520641541902705285e-02 3.271912291555167940e-01 6.509673155665041122e-02 -1.943049413633843869e-01 -8.476751694843187579e-02 -2.535112242173340746e-01 1.319636231444860641e-01 -5.196754784900008417e-01 2.345888661254775798e-01 9.772389365423350682e-03 -2.218040424295395496e-01 5.229156531436274236e-02 -3.506692741737538199e-01 3.320449476445332948e-01 2.123170954714055370e-01 -8.661177953479182179e-02 3.287405365628615073e-01 -1.333535685065498910e-01 -1.173537360357386206e-01 1.434783437508144743e-01 -2.538576160220031852e-01
-8.207561794062598892e-01 -6.576278514070281744e-01 -4.507342415937500846e-01 -2.058993118577063797e-01 8.485118260335866580e-02 8.543569256761429642e-02 1.500826338287879480e-01 2.853387250634682459e-01 -6.520641541902705285e-02 2.060430797992580665e-01 3.567162963220766869e-01 -1.091421456994225991e-01 1.949016281217268443e-01 -4.215727726062823422e-02 2.166943888632886228e-01 2.992269842345649522e-01 -2.766652502339184139e-02 1.161487210913492163e-01 2.392639094075832418e-01 -1.630591980667759344e-01 -2.467270384852326970e-02 9.742469693793509578e-02 -9.884556164672630985e-02 2.702385618300695569e-02 -1.179349103655908948e-01 1.113468319493904346e-02 9.887740633314479055e-02 -4.235249792236572830e-02 2.513162394243408926e-01 1.055747206984278819e-01
-2.047056506538353915e+00 -2.000772775376162826e+00 -1.531502179744450132e+00 -4.751913180284645932e-01 -4.988542394490877996e-01 5.751391009886219763e-02 5.282687554948211073e-01 7.920111124242907863e-01 3.271912291555167940e-01 3.567162963220766869e-01 1.654604263301735045e+00 -2.560402682443054800e-01 1.852113087825273396e-01 4.469301331761244001e-02 4.436667441380564014e-01 1.061916513900996506e+00 -4.300472297410919964e-01 5.503932389669330405e-01 8.806200662708647542e-01 -9.314710436569839658e-01 -5.171092292039247695e-02 2.145146688977774829e-01 -1.097985446376696927e-01 2.094328509728597965e-01 -4.616865927821436344e-01 3.548007124021523850e-01 1.279278140985979917e-01 -2.433129305986199142e-01 1.124835284220523590e+00 1.231281578182574776e-01
4.432845903953079869e-01 6.397310640605269327e-01 -1.959848991500621196e-01 2.428298017565566624e-02 -9.378247934614591941e-02 -3.836566355490163005e-01 -5.237551838786203007e-02 -5.244487075639199247e-01 6.509673155665041122e-02 -1.091421456994225991e-01 -2.560402682443054800e-01 4.902079992916696938e-01 -3.314069264303043383e-02 1.686117980267454186e-02 -5.526792480281983444e-02 9.463295670775551116e-02 -2.262279716205739533e-03 1.580193278856825145e-01 7.619432408773718635e-02 -2.989998866911491859e-02 6.406218140966757346e-03 -1.284966116481314202e-01 1.269549443886717199e-01 -5.808425538015171696e-02 -1.056911472747970038e-01 1.153993875598757768e-01 -1.425474717157726445e-01 -2.095494894897456106e-01 7.486938091403771978e-03 1.158107686487710453e-01
-1.026802102379122061e+00 -5.245641541055192647e-01 -4.941860004818749985e-01 -3.167858504680225451e-01 1.786071426905664339e-01 9.365863849666311580e-04 1.155419590246538064e-01 1.225090013429053215e-01 -1.943049413633843869e-01 1.949016281217268443e-01 1.852113087825273396e-01 -3.314069264303043383e-02 3.608110374243551632e-01 -7.395303243373518853e-02 1.989243004689456029e-01 3.582355146837983284e-01 1.196069788485942809e-01 1.194850397851610069e-01 3.740680357899748287e-01 -7.183588773517612935e-02 2.171706020305919083e-03 2.068109860001641209e-01 -1.664615858119304903e-01 -5.165332846689807411e-02 -1.634505205587970522e-01 -3.486696361716212778e-02 1.679919487831398328e-01 -1.033325714174111454e-01 2.657481842642823722e-01 2.837761857828695611e-01
-2.158046210324187086e-01 -2.125269732022161406e-01 1.161940541041985853e-01 -3.742832927468953130e-02 -4.763533810830722359e-02 -1.554200065527311381e-02 6.758940485593711855e-02 -2.717838366902469716e-02 -8.476751694843187579e-02 -4.215727726062823422e-02 4.469301331761244001e-02 1.686117980267454186e-02 -7.395303243373518853e-02 2.101028237847231139e-01 1.974714368310515056e-02 -1.179953687955048736e-02 1.545506783289170016e-01 -5.023914078145708118e-02 9.288669879293820486e-02 -1.510047068679227777e-01 3.369867708443052834e-03 2.156441366001331517e-01 -1.229314503013938520e-01 -3.051309958266301692e-02 -5.653906812312925467e-04 -1.571181748431627057e-03 -4.623967199017897656e-02 5.587751892107917229e-03 1.535025064977730835e-01 7.112985346952882537e-02
-1.053318051907240260e+00 -9.073942919148976216e-01 -4.941524486778234859e-01 -2.700132092717808519e-01 1.201595973222993052e-01 2.148586161314369747e-02 2.804136571060666938e-01 3.056755527821337637e-01 -2.535112242173340746e-01 2.166943888632886228e-01 4.436667441380564014e-01 -5.526792480281983444e-02 1.989243004689456029e-01 1.974714368310515056e-02 5.045202584246339939e-01 4.129003011818213054e-01 8.416891047619401434e-02 1.623282373634538089e-01 3.163700616831022217e-01 -2.830908833082048659e-01 -9.924763314324991370e-02 1.879188136904588191e-01 -1.898100391383081842e-01 -4.399693203339438696e-02 -1.958513560393839725e-01 5.047068150759059790e-03 7.420440607069167527e-02 -9.403895480301116550e-02 4.018310642896949503e-01 1.836369321325150850e-01
-1.882699930432238489e+00 -1.278764222854647414e+00 -1.565757421270177474e+00 -5.478208860563427152e-01 -2.679674602795216742e-01 -2.161347364141192884e-01 3.735353761850319643e-01 2.818644280222315501e-01 1.319636231444860641e-01 2.992269842345649522e-01 1.061916513900996506e+00 9.463295670775551116e-02 3.582355146837983284e-01 -1.179953687955048736e-02 4.129003011818213054e-01 1.136572603308394491e+00 -2.407159067030875121e-01 6.065111952905510861e-01 9.653765593118919242e-01 -6.684999027840490271e-01 -3.852063463108379437e-02 1.762268383393745808e-01 -7.448292248815846506e-02 7.185666350630981469e-02 -4.965727068217802298e-01 2.980275348164127536e-01 1.538031587998034411e-01 -3.820805208189312907e-01 9.004223906117090337e-01 3.487438665910644886e-01
-4.078649740671949075e-01 -5.041835806952121857e-02 5.897130470353317833e-01 -1.094025590467140319e-01 3.657339188605988056e-01 8.401206792314042104e-03 1.559593752028831659e-02 -1.644488281472717972e-01 -5.196754784900008417e-01 -2.766652502339184139e-02 -4.300472297410919964e-01 -2.262279716205739533e-03 1.196069788485942809e-01 1.545506783289170016e-01 8.416891047619401434e-02 -2.407159067030875121e-01 5.928033553840919012e-01 -2.562007390003486762e-01 2.516872477346510095e-02 1.454347511856894926e-01 2.212075632633059286e-02 4.506598289456746897e-01 -3.259073435058894574e-01 -2.258889840973665741e-01 8.387198203269008445e-02 -2.537772196806713509e-01 3.690354367040526995e-02 9.074682794829413979e-02 -3.392275610224260163e-02 2.627205910952739032e-01
-5.050142369691457134e-01 -2.668032888007019210e-01 -8.685749508186404455e-01 -2.067489628970520243e-01 -3.019406720627557661e-01 -2.588639323767552014e-01 1.752606760708772526e-01 -1.113825376177146609e-02 2.345888661254775798e-01 1.161487210913492163e-01 5.503932389669330405e-01 1.580193278856825145e-01 1.194850397851610069e-01 -5.023914078145708118e-02 1.623282373634538089e-01 6.065111952905510861e-01 -2.562007390003486762e-01 5.404087043762615394e-01 4.544993958319878402e-01 -3.801169848021004327e-01 -2.175914596591610461e-05 -1.628220134553828302e-01 1.150819034345147429e-01 5.122807682448637934e-02 -3.035492878728405231e-01 2.205130573208293754e-01 -4.301862235598719053e-02 -2.937705060464281814e-01 3.804505768417811851e-01 2.390636776311794165e-02
-2.106032232461245712e+00 -1.266560446836479059e+00 -1.325983442472391971e+00 -5.915023671755648138e-01 -2.385733576825543878e-01 -1.797579192532623438e-01 3.518426894202661970e-01 1.619919747421363354e-01 9.772389365423350682e-03 2.392639094075832418e-01 8.806200662708647542e-01 7.619432408773718635e-02 3.740680357899748287e-01 9.288669879293820486e-02 3.163700616831022217e-01 9.653765593118919242e-01 2.516872477346510095e-02 4.544993958319878402e-01 1.061218694527980233e+00 -6.445986593681993782e-01 2.547886452785519396e-02 5.018589977368606014e-01 -2.299208946467388159e-01 -2.076883450391164843e-02 -4.530366486076502497e-01 2.224129044369647090e-01 1.465499053116445793e-01 -3.430583571103227314e-01 9.965734410638162899e-01 4.976455000954729258e-01
1.235579453315779119e+00 1.109909237777117141e+00 1.111598413449712552e+00 2.936652555490582017e-01 4.463387010881092465e-01 5.842852592468261719e-02 -3.642568294070542834e-01 -2.817765780807803822e-01 -2.218040424295395496e-01 -1.630591980667759344e-01 -9.314710436569839658e-01 -2.989998866911491859e-02 -7.183588773517612935e-02 -1.510047068679227777e-01 -2.830908833082048659e-01 -6.684999027840490271e-01 1.454347511856894926e-01 -3.801169848021004327e-01 -6.445986593681993782e-01 7.892751487435134550e-01 3.040803827082072530e-02 -2.296312172051955258e-01 7.699036836129380390e-02 -8.234131062948790714e-02 3.705949693703587400e-01 -3.189595130749580676e-01 -3.279450478714807105e-03 2.420435581879587517e-01 -8.847362466014487836e-01 -1.999024028515350437e-01
5.701528007074330162e-02 1.289232243731817107e-01 2.614711843136774405e-02 -3.337645320016235928e-04 -5.601360049490722304e-02 -1.379817652446035936e-02 -3.330259881551000944e-02 -7.990899368422788029e-02 5.229156531436274236e-02 -2.467270384852326970e-02 -5.171092292039247695e-02 6.406218140966757346e-03 2.171706020305919083e-03 3.369867708443052834e-03 -9.924763314324991370e-02 -3.852063463108379437e-02 2.212075632633059286e-02 -2.175914596591610461e-05 2.547886452785519396e-02 3.040803827082072530e-02 7.368541062430722377e-02 4.393766715460856176e-02 -1.618858301452519299e-02 -1.036309401285961940e-02 -5.649734757298574550e-03 6.059715657272590761e-03 -3.965867811132284260e-02 -2.612391101149569295e-02 1.294122824094756652e-02 4.558712805362574727e-03
-1.594662306986663225e+00 -1.026616880574806601e+00 -1.734364914211710129e-01 -3.631095879886174771e-01 1.311628716085238011e-01 1.516604006980628583e-01 1.976663284833080070e-01 1.604515934115511300e-01 -3.506692741737538199e-01 9.742469693793509578e-02 2.145146688977774829e-01 -1.284966116481314202e-01 2.068109860001641209e-01 2.156441366001331517e-01 1.879188136904588191e-01 1.762268383393745808e-01 4.506598289456746897e-01 -1.628220134553828302e-01 5.018589977368606014e-01 -2.296312172051955258e-01 4.393766715460856176e-02 8.515166914456813174e-01 -4.518388408571070158e-01 -1.573781950505122040e-01 -7.793540195180526098e-02 -8.201253259892382630e-02 1.070102391756790894e-01 4.202923273851411068e-03 6.176667985075994238e-01 4.822764287999916633e-01
9.503333472421786610e-01 6.882585951099713384e-01 3.458120939649234060e-02 2.095561634012028662e-01 -1.524271218004855655e-01 -1.382220806290206383e-01 -1.806309360799218666e-01 -1.933670728974448139e-01 3.320449476445332948e-01 -9.884556164672630985e-02 -1.097985446376696927e-01 1.269549443886717199e-01 -1.664615858119304903e-01 -1.229314503013938520e-01 -1.898100391383081842e-01 -7.448292248815846506e-02 -3.259073435058894574e-01 1.150819034345147429e-01 -2.299208946467388159e-01 7.699036836129380390e-02 -1.618858301452519299e-02 -4.518388408571070158e-01 3.910481226744195737e-01 1.006392933606434781e-01 8.131705349347839729e-02 1.141682329624131853e-01 -7.239785151136857166e-02 -3.902507719942605036e-02 -3.660331104228475851e-01 -2.926846281815187467e-01
1.227058978344075513e-01 -7.080303191366965621e-02 -2.145620828555934168e-01 4.245879860314971666e-02 -1.578000338396918778e-01 5.749826694807325111e-02 -5.067613298592732463e-04 1.327680397749873009e-01 2.123170954714055370e-01 2.702385618300695569e-02 2.094328509728597965e-01 -5.808425538015171696e-02 -5.165332846689807411e-02 -3.051309958266301692e-02 -4.399693203339438696e-02 7.185666350630981469e-02 -2.258889840973665741e-01 5.122807682448637934e-02 -2.076883450391164843e-02 -8.234131062948790714e-02 -1.036309401285961940e-02 -1.573781950505122040e-01 1.006392933606434781e-01 1.440391932810598519e-01 -1.855790396882639470e-02 9.738276904886333796e-02 -8.586206777408733615e-03 -1.517929877093138202e-02 2.712358638967771185e-02 -1.294884836138976425e-01
6.171843115695310189e-01 4.861118352837934253e-01 8.923192940068815915e-01 2.173303888439477305e-01 2.823853760435213189e-01 1.325634176538414977e-01 -2.166389184862396178e-01 -5.819708865521988628e-02 -8.661177953479182179e-02 -1.179349103655908948e-01 -4.616865927821436344e-01 -1.056911472747970038e-01 -1.634505205587970522e-01 -5.653906812312925467e-04 -1.958513560393839725e-01 -4.965727068217802298e-01 8.387198203269008445e-02 -3.035492878728405231e-01 -4.530366486076502497e-01 3.705949693703587400e-01 -5.649734757298574550e-03 -7.793540195180526098e-02 8.131705349347839729e-02 -1.855790396882639470e-02 4.014127317321936061e-01 -1.889732820591802920e-01 -7.544134640232869060e-02 2.896408860084989101e-01 -5.948586311719736841e-01 -2.335296761649487962e-01
-7.870413719655289242e-02 -1.915179372806505853e-01 -6.793273267689414752e-01 -3.753691526895863717e-02 -3.374911493939407592e-01 -7.444685356915670127e-02 5.349006509288756206e-02 2.393502119156210028e-02 3.287405365628615073e-01 1.113468319493904346e-02 3.548007124021523850e-01 1.153993875598757768e-01 -3.486696361716212778e-02 -1.571181748431627057e-03 5.047068150759059790e-03 2.980275348164127536e-01 -2.537772196806713509e-01 2.205130573208293754e-01 2.224129044369647090e-01 -3.189595130749580676e-01 6.059715657272590761e-03 -8.201253259892382630e-02 1.141682329624131853e-01 9.738276904886333796e-02 -1.889732820591802920e-01 2.823873304106427895e-01 -4.470807824162648103e-02 -1.629714583035024589e-01 3.280254137636120504e-01 2.533998486160271568e-02
-5.143071291334990747e-01 -4.537007300344839678e-01 -2.039824284587439251e-01 -1.442776269667547240e-01 1.323801439253884382e-01 1.237470069069104284e-01 4.509002500674341718e-02 2.240334713513902898e-01 -1.333535685065498910e-01 9.887740633314479055e-02 1.279278140985979917e-01 -1.425474717157726445e-01 1.679919487831398328e-01 -4.623967199017897656e-02 7.420440607069167527e-02 1.538031587998034411e-01 3.690354367040526995e-02 -4.301862235598719053e-02 1.465499053116445793e-01 -3.279450478714807105e-03 -3.965867811132284260e-02 1.070102391756790894e-01 -7.239785151136857166e-02 -8.586206777408733615e-03 -7.544134640232869060e-02 -4.470807824162648103e-02 2.671722217134515631e-01 1.470294781665870687e-02 9.908114056838712713e-02 1.060242957811965425e-01
1.928026452577569216e-01 -2.108215098030541412e-02 6.322576582838905779e-01 1.421126926015290337e-01 2.722441979411769353e-01 2.761098914559738660e-01 -1.023944784843138223e-01 1.983453311796097296e-01 -1.173537360357386206e-01 -4.235249792236572830e-02 -2.433129305986199142e-01 -2.095494894897456106e-01 -1.033325714174111454e-01 5.587751892107917229e-03 -9.403895480301116550e-02 -3.820805208189312907e-01 9.074682794829413979e-02 -2.937705060464281814e-01 -3.430583571103227314e-01 2.420435581879587517e-01 -2.612391101149569295e-02 4.202923273851411068e-03 -3.902507719942605036e-02 -1.517929877093138202e-02 2.896408860084989101e-01 -1.629714583035024589e-01 1.470294781665870687e-02 3.444596423354369108e-01 -3.425766959965699243e-01 -1.670544322091132017e-01
-2.066092155276237463e+00 -1.746667265096789379e+00 -1.697634354159959003e+00 -5.143257074605003254e-01 -5.049315396310021242e-01 5.515191215101822308e-02 4.861259533225279483e-01 4.241299562684162083e-01 1.434783437508144743e-01 2.513162394243408926e-01 1.124835284220523590e+00 7.486938091403771978e-03 2.657481842642823722e-01 1.535025064977730835e-01 4.018310642896949503e-01 9.004223906117090337e-01 -3.392275610224260163e-02 3.804505768417811851e-01 9.965734410638162899e-01 -8.847362466014487836e-01 1.294122824094756652e-02 6.176667985075994238e-01 -3.660331104228475851e-01 2.712358638967771185e-02 -5.948586311719736841e-01 3.280254137636120504e-01 9.908114056838712713e-02 -3.425766959965699243e-01 1.505799013054001989e+00 5.700901091049672686e-01
-1.143100094429200908e+00 -5.770860621426550097e-01 -6.361663927222025450e-01 -3.461013517155606678e-01 4.776795672927391934e-02 -5.605353145188018971e-02 1.717696835445963188e-01 -3.050239859959447131e-02 -2.538576160220031852e-01 1.055747206984278819e-01 1.231281578182574776e-01 1.158107686487710453e-01 2.837761857828695611e-01 7.112985346952882537e-02 1.836369321325150850e-01 3.487438665910644886e-01 2.627205910952739032e-01 2.390636776311794165e-02 4.976455000954729258e-01 -1.999024028515350437e-01 4.558712805362574727e-03 4.822764287999916633e-01 -2.926846281815187467e-01 -1.294884836138976425e-01 -2.335296761649487962e-01 2.533998486160271568e-02 1.060242957811965425e-01 -1.670544322091132017e-01 5.700901091049672686e-01 6.416298946354004329e-01
