6.006813567244762453e+00 4.094316257354648769e+00 2.163877755494979738e+00 1.384481210897320125e+00 -3.074305546715550008e-01 -3.807608169018976696e-01 -9.404119401158368419e-01 -1.213725802358567307e+00 3.999432519072456671e-01 -8.461141534380658413e-01 -2.097304701619009393e+00 3.729058147275736701e-01 -1.002256715525788877e+00 -3.098053415167782987e-01 -1.102242965763082339e+00 -1.856479143332478543e+00 -5.664152711931933482e-01 -3.765848084871663559e-01 -2.063175219494326029e+00 1.135781291196281018e+00 1.975665621635016578e-01 -1.561392043498699422e+00 1.040030214952764709e+00 2.640507856334579628e-01 6.391647491959702165e-01 7.458890235955095704e-02 -4.724824796458051424e-01 2.393696508809171064e-01 -1.850034017599284653e+00 -1.066273599674445904e+00
4.094316257354648769e+00 4.461154318185037937e+00 1.961085835804738053e+00 8.684968201940819199e-01 -2.771049490754649014e-01 -8.489585562488741743e-01 -7.042191247472260329e-01 -1.847108225100100753e+00 6.941742275904516646e-02 -6.936129165925990492e-01 -2.123070202706458076e+00 6.170601581420669390e-01 -4.950612983523683397e-01 -3.313666381386610738e-01 -9.836588148292548794e-01 -1.278432944592282183e+00 -2.307257432141796016e-01 -1.933116335309250644e-01 -1.255079849909037648e+00 1.055599129258666835e+00 2.211441918312857524e-01 -1.015413518476407262e+00 8.062325520759259234e-01 6.636908073005542974e-02 5.008743771239778653e-01 1.661242789907646511e-03 -4.360750128018935357e-01 -2.186862685101687021e-02 -1.515270446868896670e+00 -4.730725194461342653e-01
2.163877755494979738e+00 1.961085835804738053e+00 2.989748585137874670e+00 6.607099176014230579e-01 5.839350851929339115e-01 -1.503149590986936346e-01 -4.448302505383026073e-01 -5.897584476994666147e-01 -6.427361853433239958e-01 -4.546128234943580537e-01 -1.524248439999666971e+00 -2.280656447844648937e-01 -4.813764583888087145e-01 4.901163388814211430e-02 -5.012472995866801284e-01 -1.492473823522971088e+00 4.695568537202916559e-01 -8.015984351780502948e-01 -1.286113831037653199e+00 1.028597351683345096e+00 9.909967569660693698e-02 -1.638098696803353960e-01 8.893102966612786986e-02 -7.739405966839285611e-02 8.700935818612265393e-01 -5.535823035834255279e-01 -1.433415896905785303e-01 6.285358802292080327e-01 -1.513528028551206717e+00 -5.441493861368940088e-01
1.384481210897320125e+00 8.684968201940819199e-01 6.607099176014230579e-01 4.916392450664943681e-01 4.228320764809723187e-04 2.647325787677345943e-03 -2.413813405512428290e-01 -1.848722316228759155e-01 1.236862806755425481e-01 -2.179688398686039363e-01 -5.083586904005983342e-01 2.060047167799439194e-02 -3.137390308930889660e-01 -5.812667248358138750e-02 -2.816821994679230556e-01 -5.476355850260574698e-01 -1.325586450237778990e-01 -1.747925787150848009e-01 -5.877302261330328292e-01 2.797780476680600259e-01 3.554963870709570983e-02 -3.564845804217497971e-01 2.328540477756178007e-01 7.172439998032587027e-02 2.313867921321843824e-01 -1.031095302676021674e-02 -1.342792431555608346e-01 1.574327292548218793e-01 -4.873252967984740280e-01 -3.241644529439327016e-01
-3.074305546715550008e-01 -2.771049490754649014e-01 5.839350851929339115e-01 4.228320764809723187e-04 8.260151281608614227e-01 2.139940704844889297e-01 -9.786093933644224307e-02 1.339944486577451244e-01 -5.034269045729047320e-01 7.877757464132173482e-02 -4.871388342084514989e-01 -9.599311030444823700e-02 1.607660227851397394e-01 -5.148112518929792714e-02 1.064417088127811439e-01 -2.563851907941625541e-01 3.341524426181194940e-01 -3.212119247451710180e-01 -2.435908739803380740e-01 4.268855567660239103e-01 -5.568088010187466352e-02 1.232609399669968298e-01 -1.455782240955159068e-01 -1.212250082656964878e-01 2.715195912958847657e-01 -3.052630664045068443e-01 1.431122301380014505e-01 2.705199348892506350e-01 -4.544816306071197687e-01 5.005441801671395297e-02
-3.807608169018976696e-01 -8.489585562488741743e-01 -1.503149590986936346e-01 2.647325787677345943e-03 2.139940704844889297e-01 6.701592895921066884e-01 2.694300490350087784e-02 6.630310378191666132e-01 -5.272885547617534030e-02 1.110141402558042500e-01 1.306150586714807105e-01 -3.943224852962998739e-01 6.586754178442788543e-03 -7.055255565830975684e-03 5.620276257150180754e-02 -1.692388565411420132e-01 2.525148868761561971e-02 -2.426224094130020603e-01 -1.475090714593534358e-01 3.262742824381348328e-02 -2.276910357312544875e-02 1.602636918240136765e-01 -1.626278416468380783e-01 5.026601498934724077e-02 1.119740279399366045e-01 -9.976001632378483919e-02 1.404800636997265428e-01 2.780799607094763815e-01 5.288234900649513293e-02 -5.434920902575868240e-02
-9.404119401158368419e-01 -7.042191247472260329e-01 -4.448302505383026073e-01 -2.413813405512428290e-01 -9.786093933644224307e-02 2.694300490350087784e-02 3.234795589290229145e-01 2.280357943526496456e-01 -8.481258562682114643e-02 1.566960052282411198e-01 5.241753368492823029e-01 -4.255515533367315584e-02 1.185070486733934558e-01 9.482995035017438568e-02 2.937078070982011013e-01 3.633591648747938052e-01 6.727571090851824920e-02 1.491427714959172590e-01 3.442611263303092528e-01 -3.320921716332918550e-01 -5.818910258585674455e-02 1.986265496682904086e-01 -2.068508460320117592e-01 -4.030338821036139052e-02 -2.153153771643019354e-01 4.694097440278710565e-03 4.052298124759090570e-02 -1.078194782257355655e-01 4.220114408221320446e-01 1.603725011823371460e-01
-1.213725802358567307e+00 -1.847108225100100753e+00 -5.897584476994666147e-01 -1.848722316228759155e-01 1.339944486577451244e-01 6.630310378191666132e-01 2.280357943526496456e-01 1.155624368015253367e+00 4.826191120025669079e-02 3.059785878352840882e-01 8.659615806094507207e-01 -5.481600241213300251e-01 9.844628276619005192e-02 2.432477804489963091e-02 3.369449213444681845e-01 2.740666279088941337e-01 -8.962485131479525080e-02 -3.552978075452983830e-02 1.563091937635476825e-01 -2.710568141645808282e-01 -1.066801900481095799e-01 1.692414181276262752e-01 -2.431855490784187168e-01 8.175178013516415376e-02 -5.819393981346365763e-02 -5.970948332156922334e-02 2.281168735508458667e-01 2.247155632978206086e-01 3.307799356398959389e-01 -7.797824174440393108e-02
3.999432519072456671e-01 6.941742275904516646e-02 -6.427361853433239958e-01 1.236862806755425481e-01 -5.034269045729047320e-01 -5.272885547617534030e-02 -8.481258562682114643e-02 4.826191120025669079e-02 6.650635331180296816e-01 -3.077277886973206478e-02 4.114666432453759626e-01 5.807818838167122522e-02 -1.513697186364879599e-01 -7.501956790264330266e-02 -1.957014587593448596e-01 1.952694788523672287e-01 -4.907590954410352424e-01 2.847998530374411530e-01 8.627402451995180854e-02 -2.697316020158950778e-01 4.782545627091394635e-02 -3.025679389231754612e-01 2.990886860953310133e-01 1.775648532851619166e-01 -1.119459529889468286e-01 3.178913547239403670e-01 -1.239851272225678258e-01 -1.237037571650034806e-01 1.928106466874623948e-01 -2.181784992621942365e-01
-8.461141534380658413e-01 -6.936129165925990492e-01 -4.546128234943580537e-01 -2.179688398686039363e-01 7.877757464132173482e-02 1.110141402558042500e-01 1.566960052282411198e-01 3.059785878352840882e-01 -3.077277886973206478e-02 2.242457198168494870e-01 3.963872427482328931e-01 -1.125242606444771809e-01 2.015188438014661187e-01 -2.397293104752407089e-02 2.348649691790569705e-01 3.175472089673689879e-01 -4.177201298034560750e-03 1.070598716562471964e-01 2.527691891708343519e-01 -1.602728101651678116e-01 -4.885558007538293168e-02 9.620016025587574404e-02 -1.182127598960960313e-01 1.827577651738465647e-04 -1.333169646995315816e-01 -1.394398516032424595e-02 9.899845038870580538e-02 -5.157698007019462239e-02 2.330487625658861361e-01 9.464597093983684317e-02
-2.097304701619009393e+00 -2.123070202706458076e+00 -1.524248439999666971e+00 -5.083586904005983342e-01 -4.871388342084514989e-01 1.306150586714807105e-01 5.241753368492823029e-01 8.659615806094507207e-01 4.114666432453759626e-01 3.963872427482328931e-01 1.768586336314967866e+00 -2.550914113364797231e-01 1.903136355829246895e-01 1.288209888143114767e-01 5.156412642465966201e-01 1.079484450596453371e+00 -3.065551870836316084e-01 5.298208745201122838e-01 9.097236856468953192e-01 -9.228572779222190547e-01 -1.110031003161111585e-01 2.405108484275615410e-01 -1.937776009097547103e-01 9.982550619247376744e-02 -4.855900934159649296e-01 2.433205210793971673e-01 1.168168467580130709e-01 -2.493423877335771977e-01 1.026709258386745205e+00 8.615710872300041956e-02
3.729058147275736701e-01 6.170601581420669390e-01 -2.280656447844648937e-01 2.060047167799439194e-02 -9.599311030444823700e-02 -3.943224852962998739e-01 -4.255515533367315584e-02 -5.481600241213300251e-01 5.807818838167122522e-02 -1.125242606444771809e-01 -2.550914113364797231e-01 5.017085828152403337e-01 -8.260033488681983727e-03 4.620525733400882018e-03 -6.353597102463481860e-02 1.207328013524033850e-01 -2.787611417585367235e-02 1.718716223693377287e-01 1.094158717354218879e-01 -4.986665256336664243e-02 1.165777616529339866e-02 -1.169472888145151046e-01 1.324828875316939047e-01 -4.904241547598076068e-02 -1.153296844013880218e-01 1.499200383444190265e-01 -1.455539634317801756e-01 -2.280387704786335235e-01 7.290416399757759791e-02 1.372049133998984871e-01
-1.002256715525788877e+00 -4.950612983523683397e-01 -4.813764583888087145e-01 -3.137390308930889660e-01 1.607660227851397394e-01 6.586754178442788543e-03 1.185070486733934558e-01 9.844628276619005192e-02 -1.513697186364879599e-01 2.015188438014661187e-01 1.903136355829246895e-01 -8.260033488681983727e-03 3.648772006237663845e-01 -7.123065973939901596e-02 1.952071538163977493e-01 3.681068459861478459e-01 1.221697363084786048e-01 1.004927835525677438e-01 3.781391139839342941e-01 -5.789614184880065295e-02 -2.463075240893886075e-02 1.925409638252233435e-01 -1.675789873786470707e-01 -6.859586227949421300e-02 -1.794548175774934862e-01 -3.723529579519890831e-02 1.554145556090702485e-01 -1.282394927221162106e-01 2.573070477959049640e-01 2.765319401449914949e-01
-3.098053415167782987e-01 -3.313666381386610738e-01 4.901163388814211430e-02 -5.812667248358138750e-02 -5.148112518929792714e-02 -7.055255565830975684e-03 9.482995035017438568e-02 2.432477804489963091e-02 -7.501956790264330266e-02 -2.397293104752407089e-02 1.288209888143114767e-01 4.620525733400882018e-03 -7.123065973939901596e-02 2.332155216549836041e-01 6.395863881607510848e-02 3.363270642745419536e-02 1.629138560108458478e-01 -3.183969305194978006e-02 1.250116184615706061e-01 -1.962285148330238371e-01 -3.463622993763237901e-03 2.319000174859411345e-01 -1.492735007523720014e-01 -3.080929566846180023e-02 -1.999519449310582786e-02 -7.615480507183747250e-03 -4.118987464715928581e-02 -2.243109535982057423e-03 1.866899101125341076e-01 7.178721407791499587e-02
-1.102242965763082339e+00 -9.836588148292548794e-01 -5.012472995866801284e-01 -2.816821994679230556e-01 1.064417088127811439e-01 5.620276257150180754e-02 2.937078070982011013e-01 3.369449213444681845e-01 -1.957014587593448596e-01 2.348649691790569705e-01 5.156412642465966201e-01 -6.353597102463481860e-02 1.952071538163977493e-01 6.395863881607510848e-02 5.225130904374282181e-01 4.365117068080621721e-01 1.203105125482011317e-01 1.461509949483001947e-01 3.409828971172714773e-01 -2.956349291076207919e-01 -1.238996536031322648e-01 1.995706853058152319e-01 -2.265580083507074960e-01 -7.475444793288943401e-02 -2.145133043757141422e-01 -2.948342651052371366e-02 7.269941188570783197e-02 -1.024065278837724691e-01 3.920377093639331179e-01 1.615735794624697519e-01
-1.856479143332478543e+00 -1.278432944592282183e+00 -1.492473823522971088e+00 -5.476355850260574698e-01 -2.563851907941625541e-01 -1.692388565411420132e-01 3.633591648747938052e-01 2.740666279088941337e-01 1.952694788523672287e-01 3.175472089673689879e-01 1.079484450596453371e+00 1.207328013524033850e-01 3.681068459861478459e-01 3.363270642745419536e-02 4.365117068080621721e-01 1.122541748369854986e+00 -1.665745044357436200e-01 5.580330236710437930e-01 9.626003465781138857e-01 -6.263503104042342784e-01 -9.520203486431455531e-02 1.793382481947674023e-01 -1.178442726447030964e-01 -9.099122441512008663e-03 -5.077071400177146643e-01 2.330942016981225606e-01 1.314510543177789259e-01 -4.016713846140191890e-01 8.253087293316525574e-01 3.240160147739743479e-01
-5.664152711931933482e-01 -2.307257432141796016e-01 4.695568537202916559e-01 -1.325586450237778990e-01 3.341524426181194940e-01 2.525148868761561971e-02 6.727571090851824920e-02 -8.962485131479525080e-02 -4.907590954410352424e-01 -4.177201298034560750e-03 -3.065551870836316084e-01 -2.787611417585367235e-02 1.221697363084786048e-01 1.629138560108458478e-01 1.203105125482011317e-01 -1.665745044357436200e-01 5.597469088651791935e-01 -2.498257438447240020e-01 7.592787071507700603e-02 7.280296737746994040e-02 1.432895923437627062e-02 4.766502704802064727e-01 -3.483828860554467610e-01 -1.867656394592813740e-01 5.223251659975858274e-02 -2.219707493393343611e-01 5.268574808297898926e-02 7.547000898847500139e-02 6.764374651322668797e-02 2.730931432523107105e-01
-3.765848084871663559e-01 -1.933116335309250644e-01 -8.015984351780502948e-01 -1.747925787150848009e-01 -3.212119247451710180e-01 -2.426224094130020603e-01 1.491427714959172590e-01 -3.552978075452983830e-02 2.847998530374411530e-01 1.070598716562471964e-01 5.298208745201122838e-01 1.718716223693377287e-01 1.004927835525677438e-01 -3.183969305194978006e-02 1.461509949483001947e-01 5.580330236710437930e-01 -2.498257438447240020e-01 5.257735230728712850e-01 4.180627985669502777e-01 -3.458303357674594736e-01 -1.798315285714124911e-02 -1.921048449792692736e-01 1.273955473081969103e-01 1.776506770374908228e-02 -2.929337463891954485e-01 2.017733789057274407e-01 -7.016759466426947256e-02 -2.963749531033386120e-01 3.185598437687531259e-01 -1.398969494698576455e-02
-2.063175219494326029e+00 -1.255079849909037648e+00 -1.286113831037653199e+00 -5.877302261330328292e-01 -2.435908739803380740e-01 -1.475090714593534358e-01 3.442611263303092528e-01 1.563091937635476825e-01 8.627402451995180854e-02 2.527691891708343519e-01 9.097236856468953192e-01 1.094158717354218879e-01 3.781391139839342941e-01 1.250116184615706061e-01 3.409828971172714773e-01 9.626003465781138857e-01 7.592787071507700603e-02 4.180627985669502777e-01 1.059660998669954779e+00 -6.134858532468570047e-01 -3.127565358522588213e-02 4.941336797754161125e-01 -2.619910254623789569e-01 -8.362921931279743148e-02 -4.683399853548451119e-01 1.732549552617683730e-01 1.215815848593138071e-01 -3.723189651045117898e-01 9.339202615017541120e-01 4.722109203100899322e-01
1.135781291196281018e+00 1.055599129258666835e+00 1.028597351683345096e+00 2.797780476680600259e-01 4.268855567660239103e-01 3.262742824381348328e-02 -3.320921716332918550e-01 -2.710568141645808282e-01 -2.697316020158950778e-01 -1.602728101651678116e-01 -9.228572779222190547e-01 -4.986665256336664243e-02 -5.789614184880065295e-02 -1.962285148330238371e-01 -2.956349291076207919e-01 -6.263503104042342784e-01 7.280296737746994040e-02 -3.458303357674594736e-01 -6.134858532468570047e-01 7.442538695624421052e-01 6.044465074239724345e-02 -2.236099833354217026e-01 1.099396123906331013e-01 -1.673167781819984157e-02 3.578781829279478188e-01 -2.447715309828595309e-01 1.874654468412018105e-02 2.402696420525671783e-01 -7.745678307410344132e-01 -1.626206128211151736e-01
1.975665621635016578e-01 2.211441918312857524e-01 9.909967569660693698e-02 3.554963870709570983e-02 -5.568088010187466352e-02 -2.276910357312544875e-02 -5.818910258585674455e-02 -1.066801900481095799e-01 4.782545627091394635e-02 -4.885558007538293168e-02 -1.110031003161111585e-01 1.165777616529339866e-02 -2.463075240893886075e-02 -3.463622993763237901e-03 -1.238996536031322648e-01 -9.520203486431455531e-02 1.432895923437627062e-02 -1.798315285714124911e-02 -3.127565358522588213e-02 6.044465074239724345e-02 7.936762207833680804e-02 2.034422096116372813e-02 6.104712549245050468e-03 -2.533262627139265533e-03 1.946440271831306745e-02 6.201901634369733074e-03 -5.265040724702885200e-02 -1.477139715041175805e-02 -3.139562156212605259e-02 -1.811524016102339374e-02
-1.561392043498699422e+00 -1.015413518476407262e+00 -1.638098696803353960e-01 -3.564845804217497971e-01 1.232609399669968298e-01 1.602636918240136765e-01 1.986265496682904086e-01 1.692414181276262752e-01 -3.025679389231754612e-01 9.620016025587574404e-02 2.405108484275615410e-01 -1.169472888145151046e-01 1.925409638252233435e-01 2.319000174859411345e-01 1.995706853058152319e-01 1.793382481947674023e-01 4.766502704802064727e-01 -1.921048449792692736e-01 4.941336797754161125e-01 -2.236099833354217026e-01 2.034422096116372813e-02 8.514237008607494772e-01 -4.777327416438765795e-01 -1.673996420005323671e-01 -8.385743321042582465e-02 -1.108807851144888446e-01 9.760100433595653158e-02 -1.052894824135819363e-02 5.860722384746281932e-01 4.650501859316023001e-01
1.040030214952764709e+00 8.062325520759259234e-01 8.893102966612786986e-02 2.328540477756178007e-01 -1.455782240955159068e-01 -1.626278416468380783e-01 -2.068508460320117592e-01 -2.431855490784187168e-01 2.990886860953310133e-01 -1.182127598960960313e-01 -1.937776009097547103e-01 1.324828875316939047e-01 -1.675789873786470707e-01 -1.492735007523720014e-01 -2.265580083507074960e-01 -1.178442726447030964e-01 -3.483828860554467610e-01 1.273955473081969103e-01 -2.619910254623789569e-01 1.099396123906331013e-01 6.104712549245050468e-03 -4.777327416438765795e-01 4.305068806753524768e-01 1.074133530651693036e-01 1.047259927312609307e-01 1.284904582400372419e-01 -7.874804725963713281e-02 -2.739997665008786498e-02 -3.949713938460490681e-01 -2.934819182919454761e-01
2.640507856334579628e-01 6.636908073005542974e-02 -7.739405966839285611e-02 7.172439998032587027e-02 -1.212250082656964878e-01 5.026601498934724077e-02 -4.030338821036139052e-02 8.175178013516415376e-02 1.775648532851619166e-01 1.827577651738465647e-04 9.982550619247376744e-02 -4.904241547598076068e-02 -6.859586227949421300e-02 -3.080929566846180023e-02 -7.475444793288943401e-02 -9.099122441512008663e-03 -1.867656394592813740e-01 1.776506770374908228e-02 -8.362921931279743148e-02 -1.673167781819984157e-02 -2.533262627139265533e-03 -1.673996420005323671e-01 1.074133530651693036e-01 1.211664895510580209e-01 2.129888796105205984e-02 6.390567672667657462e-02 -1.905340450326775681e-02 1.177122040371614276e-02 -6.373358601149448077e-02 -1.439843576839621164e-01
6.391647491959702165e-01 5.008743771239778653e-01 8.700935818612265393e-01 2.313867921321843824e-01 2.715195912958847657e-01 1.119740279399366045e-01 -2.153153771643019354e-01 -5.819393981346365763e-02 -1.119459529889468286e-01 -1.333169646995315816e-01 -4.855900934159649296e-01 -1.153296844013880218e-01 -1.794548175774934862e-01 -1.999519449310582786e-02 -2.145133043757141422e-01 -5.077071400177146643e-01 5.223251659975858274e-02 -2.929337463891954485e-01 -4.683399853548451119e-01 3.578781829279478188e-01 1.946440271831306745e-02 -8.385743321042582465e-02 1.047259927312609307e-01 2.129888796105205984e-02 4.130722525345333906e-01 -1.568925825665701268e-01 -6.657207982152613113e-02 3.043677591322193621e-01 -5.665582071914627704e-01 -2.215359498782163428e-01
7.458890235955095704e-02 1.661242789907646511e-03 -5.535823035834255279e-01 -1.031095302676021674e-02 -3.052630664045068443e-01 -9.976001632378483919e-02 4.694097440278710565e-03 -5.970948332156922334e-02 3.178913547239403670e-01 -1.394398516032424595e-02 2.433205210793971673e-01 1.499200383444190265e-01 -3.723529579519890831e-02 -7.615480507183747250e-03 -2.948342651052371366e-02 2.330942016981225606e-01 -2.219707493393343611e-01 2.017733789057274407e-01 1.732549552617683730e-01 -2.447715309828595309e-01 6.201901634369733074e-03 -1.108807851144888446e-01 1.284904582400372419e-01 6.390567672667657462e-02 -1.568925825665701268e-01 2.455780426334399635e-01 -6.261036216511683961e-02 -1.563691645194467128e-01 2.202804954225712208e-01 5.743961562870936177e-03
-4.724824796458051424e-01 -4.360750128018935357e-01 -1.433415896905785303e-01 -1.342792431555608346e-01 1.431122301380014505e-01 1.404800636997265428e-01 4.052298124759090570e-02 2.281168735508458667e-01 -1.239851272225678258e-01 9.899845038870580538e-02 1.168168467580130709e-01 -1.455539634317801756e-01 1.554145556090702485e-01 -4.118987464715928581e-02 7.269941188570783197e-02 1.314510543177789259e-01 5.268574808297898926e-02 -7.016759466426947256e-02 1.215815848593138071e-01 1.874654468412018105e-02 -5.265040724702885200e-02 9.760100433595653158e-02 -7.874804725963713281e-02 -1.905340450326775681e-02 -6.657207982152613113e-02 -6.261036216511683961e-02 2.595454794617353400e-01 2.776409433766957591e-02 5.914561029152309857e-02 8.202753013353003553e-02
2.393696508809171064e-01 -2.186862685101687021e-02 6.285358802292080327e-01 1.574327292548218793e-01 2.705199348892506350e-01 2.780799607094763815e-01 -1.078194782257355655e-01 2.247155632978206086e-01 -1.237037571650034806e-01 -5.157698007019462239e-02 -2.493423877335771977e-01 -2.280387704786335235e-01 -1.282394927221162106e-01 -2.243109535982057423e-03 -1.024065278837724691e-01 -4.016713846140191890e-01 7.547000898847500139e-02 -2.963749531033386120e-01 -3.723189651045117898e-01 2.402696420525671783e-01 -1.477139715041175805e-02 -1.052894824135819363e-02 -2.739997665008786498e-02 1.177122040371614276e-02 3.043677591322193621e-01 -1.563691645194467128e-01 2.776409433766957591e-02 3.709840884269510752e-01 -3.537518659926490727e-01 -1.808554730918103814e-01
-1.850034017599284653e+00 -1.515270446868896670e+00 -1.513528028551206717e+00 -4.873252967984740280e-01 -4.544816306071197687e-01 5.288234900649513293e-02 4.220114408221320446e-01 3.307799356398959389e-01 1.928106466874623948e-01 2.330487625658861361e-01 1.026709258386745205e+00 7.290416399757759791e-02 2.573070477959049640e-01 1.866899101125341076e-01 3.920377093639331179e-01 8.253087293316525574e-01 6.764374651322668797e-02 3.185598437687531259e-01 9.339202615017541120e-01 -7.745678307410344132e-01 -3.139562156212605259e-02 5.860722384746281932e-01 -3.949713938460490681e-01 -6.373358601149448077e-02 -5.665582071914627704e-01 2.202804954225712208e-01 5.914561029152309857e-02 -3.537518659926490727e-01 1.307187596818778275e+00 5.203173435229473398e-01
-1.066273599674445904e+00 -4.730725194461342653e-01 -5.441493861368940088e-01 -3.241644529439327016e-01 5.005441801671395297e-02 -5.434920902575868240e-02 1.603725011823371460e-01 -7.797824174440393108e-02 -2.181784992621942365e-01 9.464597093983684317e-02 8.615710872300041956e-02 1.372049133998984871e-01 2.765319401449914949e-01 7.178721407791499587e-02 1.615735794624697519e-01 3.240160147739743479e-01 2.730931432523107105e-01 -1.398969494698576455e-02 4.722109203100899322e-01 -1.626206128211151736e-01 -1.811524016102339374e-02 4.650501859316023001e-01 -2.934819182919454761e-01 -1.439843576839621164e-01 -2.215359498782163428e-01 5.743961562870936177e-03 8.202753013353003553e-02 -1.808554730918103814e-01 5.203173435229473398e-01 6.119612789590860302e-01
