5.951095945131100962e+00 4.091479622878296141e+00 1.983897909477434496e+00 1.366478069811591922e+00 -4.452171956806978415e-01 -3.903232033557628711e-01 -9.184373802064556003e-01 -1.272610278862430278e+00 5.673756521130144392e-01 -8.689427411746919461e-01 -1.970454586304754230e+00 5.622583597100856423e-01 -9.621900345447329528e-01 -2.582294519688161927e-01 -1.039837703457010321e+00 -1.812957210365027549e+00 -4.168557532774457286e-01 -4.447372901665289646e-01 -2.009824380469410698e+00 1.251001627060929877e+00 4.410984963840292039e-03 -1.545351117604184310e+00 1.027386038899805953e+00 1.028778865886579297e-01 6.200614511245134963e-01 -2.523877951807662612e-02 -4.329151234065875542e-01 1.800662236082644085e-01 -1.981259858219686976e+00 -9.130069096925126360e-01
4.091479622878296141e+00 4.286635665277970020e+00 1.852054167563494502e+00 8.763204210380877157e-01 -4.006725293307908942e-01 -7.490998324906854577e-01 -7.158185138825388094e-01 -1.731095886953994523e+00 2.296083503934482906e-01 -7.290216568609366732e-01 -1.927414268646884921e+00 6.443909066521769091e-01 -5.138241463811823451e-01 -2.160693393815904528e-01 -8.725524479359023644e-01 -1.339592892860423490e+00 3.471726646210981926e-02 -2.708469048022834613e-01 -1.273708851729935532e+00 1.201883746108023843e+00 1.057082555793726897e-01 -9.603207946070142498e-01 7.334763929925998127e-01 -1.009168872119516891e-01 5.434133781736250057e-01 -2.154455559780785734e-01 -3.733932496064085171e-01 2.107320535219514568e-02 -1.766015026621232664e+00 -4.649513138393217559e-01
1.983897909477434496e+00 1.852054167563494502e+00 2.776478179522655410e+00 6.246335960233864171e-01 5.425357974775693037e-01 -1.399086067838197778e-01 -4.255479119552774137e-01 -5.127199405155238310e-01 -5.803003730243858627e-01 -4.571974253587427484e-01 -1.374932855363510953e+00 -1.770982468727879677e-01 -4.703405635547710517e-01 1.240330196774834803e-01 -4.151838762159059115e-01 -1.435128380772312084e+00 5.811490324127817075e-01 -8.197721503700563517e-01 -1.211339140696139793e+00 1.062424280624327366e+00 2.077403066635952200e-02 -1.034454317004360746e-01 1.500360455924010239e-02 -1.433729848419034170e-01 8.538910372656687287e-01 -6.726968254018856896e-01 -4.860914328889975877e-02 6.405764090002890043e-01 -1.616849344417857992e+00 -4.730065976905848402e-01
1.366478069811591922e+00 8.763204210380877157e-01 6.246335960233864171e-01 4.926885158949971810e-01 -3.000301663735172042e-02 -5.036057374695701583e-03 -2.345978541849262911e-01 -1.984544883571288665e-01 1.665840622819700911e-01 -2.227978407611885814e-01 -4.763210942841737960e-01 6.725299062406975281e-02 -3.056448202150932048e-01 -5.062268651613521797e-02 -2.791324550017293404e-01 -5.332019110201144940e-01 -1.226201447215657936e-01 -2.016107889627392069e-01 -5.741793489652309290e-01 2.976518013836653154e-01 -1.577764968084238717e-02 -3.553883213384096962e-01 2.316467566056985561e-01 4.641846408117089595e-02 2.249352509928712607e-01 -2.393416813413296040e-02 -1.220827097151868657e-01 1.417076713042320080e-01 -5.036619515629467969e-01 -2.812500015778596207e-01
-4.452171956806978415e-01 -4.006725293307908942e-01 5.425357974775693037e-01 -3.000301663735172042e-02 9.183712320415224895e-01 2.241434071371486425e-01 -1.012635694017376409e-01 2.353370953933904275e-01 -5.603351007325727551e-01 9.257964834580434399e-02 -4.312768510558271373e-01 -1.134573138997438946e-01 1.742533593044868212e-01 -3.553682860052731485e-02 1.845065638018468235e-01 -2.395087509852942276e-01 3.892267259689106140e-01 -3.119169153985694720e-01 -2.142543496473479081e-01 4.273476093598560510e-01 -7.144363465795322554e-02 1.755314300645522962e-01 -2.069336354423967350e-01 -1.517516059793138083e-01 2.789603793863761894e-01 -3.788725457462192026e-01 1.909813445995496295e-01 3.089223987556124484e-01 -5.169894190137824808e-01 6.673689129814874832e-02
-3.903232033557628711e-01 -7.490998324906854577e-01 -1.399086067838197778e-01 -5.036057374695701583e-03 2.241434071371486425e-01 5.962974468450283894e-01 4.877832331590070680e-02 5.642052235443202335e-01 -6.879593987770249441e-02 1.110334944735882345e-01 8.855853430213755928e-02 -3.346574060185503185e-01 1.322558733357936944e-02 -2.944352179741827058e-02 1.496992530542229360e-02 -1.173146252449441818e-01 -7.060039275398821701e-02 -2.414871195808814264e-01 -1.104906903381959182e-01 -2.411626412407485986e-02 -3.610862863064312478e-02 1.462510402125190012e-01 -1.396815628579020085e-01 9.485692569074899438e-02 7.724648089771335435e-02 -1.925859865900747536e-02 1.242739256804838988e-01 2.266300886643648482e-01 1.552939778102881974e-01 -9.440364387103272747e-03
-9.184373802064556003e-01 -7.158185138825388094e-01 -4.255479119552774137e-01 -2.345978541849262911e-01 -1.012635694017376409e-01 4.877832331590070680e-02 3.236623590209433132e-01 2.476737448106973716e-01 -9.968220875327915564e-02 1.621949295468994023e-01 5.077701586538410083e-01 -9.469477971850892573e-02 1.029705553698363474e-01 8.290715338642939969e-02 2.655597380471590441e-01 3.514742954630492022e-01 1.800324218447713065e-02 1.609953922027216322e-01 3.301754494876263379e-01 -3.627259805588209929e-01 -1.492484263144433498e-02 1.906049898778405804e-01 -1.915054901635926399e-01 5.771788058837046265e-03 -2.129371041427816635e-01 4.289574312787181043e-02 3.088109911772107807e-02 -9.510921776313807641e-02 4.720624328642770706e-01 1.228634214047019668e-01
-1.272610278862430278e+00 -1.731095886953994523e+00 -5.127199405155238310e-01 -1.984544883571288665e-01 2.353370953933904275e-01 5.642052235443202335e-01 2.476737448106973716e-01 1.027021379861196237e+00 -6.733995054679553505e-02 3.241304221467089519e-01 7.286231280116339803e-01 -5.001276228826441184e-01 1.303713691813186415e-01 -2.918849441311976989e-02 2.944473670942784338e-01 3.202674774418596826e-01 -2.019198083510218567e-01 -2.891373479059211604e-02 1.855930659748423750e-01 -3.246936785752154719e-01 -9.320488593493791996e-02 1.650984660202539089e-01 -2.125770722097968246e-01 1.442005051379737779e-01 -8.211539352640784273e-02 4.969169257532257689e-02 2.103103253772928838e-01 1.800470989604150418e-01 4.588019407570413932e-01 -1.085894160848965839e-02
5.673756521130144392e-01 2.296083503934482906e-01 -5.803003730243858627e-01 1.665840622819700911e-01 -5.603351007325727551e-01 -6.879593987770249441e-02 -9.968220875327915564e-02 -6.733995054679553505e-02 7.097198571549370172e-01 -5.300497149096372596e-02 3.160499890080927798e-01 1.039479562264773449e-01 -1.581743277301939088e-01 -1.100132370036703833e-01 -2.833271899518763348e-01 1.576734815250233623e-01 -5.512578360695101765e-01 2.579544165539573441e-01 4.627815086672626421e-02 -2.556286902775468661e-01 4.592731747936795728e-02 -3.481016898490452149e-01 3.628295857370176236e-01 1.920822826382959647e-01 -1.131199518562198136e-01 3.917633124284520818e-01 -1.786755929913397267e-01 -1.658278518381166577e-01 2.443227027217176328e-01 -1.985328591530901576e-01
-8.689427411746919461e-01 -7.290216568609366732e-01 -4.571974253587427484e-01 -2.227978407611885814e-01 9.257964834580434399e-02 1.110334944735882345e-01 1.621949295468994023e-01 3.241304221467089519e-01 -5.300497149096372596e-02 2.365171278132720545e-01 3.953149615830966468e-01 -1.432152025056439015e-01 1.983994460875351251e-01 -3.840025243806621802e-02 2.299497548709155126e-01 3.302070030896402386e-01 -4.888050626135509447e-02 1.297050456774400118e-01 2.612848225242316857e-01 -1.986334460780199151e-01 -2.452016818904212414e-02 9.518084419022443399e-02 -1.086821931264125851e-01 3.193870902498474607e-02 -1.410321490171781988e-01 2.473701760919766457e-02 9.328001709900490823e-02 -5.101133240486888099e-02 2.868556169648854848e-01 8.202959689725730641e-02
-1.970454586304754230e+00 -1.927414268646884921e+00 -1.374932855363510953e+00 -4.763210942841737960e-01 -4.312768510558271373e-01 8.855853430213755928e-02 5.077701586538410083e-01 7.286231280116339803e-01 3.160499890080927798e-01 3.953149615830966468e-01 1.544743830953677843e+00 -2.702966383866396427e-01 1.949993208668274747e-01 4.751550443381802324e-02 4.033391762697533522e-01 1.034222568350855909e+00 -4.315553158164107117e-01 5.401197437020641701e-01 8.613866181989919824e-01 -9.470608529823607569e-01 -2.483419937954067791e-02 2.019428439023727151e-01 -1.166085760899591151e-01 1.842935040372708499e-01 -4.780455339888476374e-01 3.825736491497195857e-01 5.021583827266340450e-02 -2.708150498680765850e-01 1.150460225888309651e+00 8.748660873180824638e-02
5.622583597100856423e-01 6.443909066521769091e-01 -1.770982468727879677e-01 6.725299062406975281e-02 -1.134573138997438946e-01 -3.346574060185503185e-01 -9.469477971850892573e-02 -5.001276228826441184e-01 1.039479562264773449e-01 -1.432152025056439015e-01 -2.702966383866396427e-01 4.804350979221112539e-01 -4.448629103524126549e-02 1.470604977606626562e-02 -7.210332597014712519e-02 2.692962849846480822e-02 3.204615859851855930e-02 1.540780829267305307e-01 2.445342306700126755e-02 2.537282992346945321e-02 1.995449694095441373e-02 -1.451949498044768916e-01 1.433228999127891257e-01 -8.766710549241452100e-02 -6.836983340070901249e-02 8.464241593617316539e-02 -1.612602205435109681e-01 -1.849333421511687447e-01 -6.059919487813658634e-02 7.437049886061686266e-02
-9.621900345447329528e-01 -5.138241463811823451e-01 -4.703405635547710517e-01 -3.056448202150932048e-01 1.742533593044868212e-01 1.322558733357936944e-02 1.029705553698363474e-01 1.303713691813186415e-01 -1.581743277301939088e-01 1.983994460875351251e-01 1.949993208668274747e-01 -4.448629103524126549e-02 3.522529470068889168e-01 -7.908924363300684490e-02 2.036356768041400755e-01 3.495359582273067645e-01 1.152990250968173314e-01 1.227686614411709343e-01 3.619719844158737487e-01 -6.911817836584077668e-02 5.089714187249683164e-03 1.840376826548322242e-01 -1.665787162583569625e-01 -5.429769116011584629e-02 -1.705254128461888286e-01 -3.408190183540682483e-02 1.469361085934224320e-01 -1.108089850685587407e-01 2.477689541763083980e-01 2.356424667081569169e-01
-2.582294519688161927e-01 -2.160693393815904528e-01 1.240330196774834803e-01 -5.062268651613521797e-02 -3.553682860052731485e-02 -2.944352179741827058e-02 8.290715338642939969e-02 -2.918849441311976989e-02 -1.100132370036703833e-01 -3.840025243806621802e-02 4.751550443381802324e-02 1.470604977606626562e-02 -7.908924363300684490e-02 2.400334770921404015e-01 3.555766733381915401e-02 8.974781906033513224e-03 1.799067677823131817e-01 -4.535927253948557336e-02 1.055362488476134786e-01 -1.673350045182928625e-01 1.640807195872184820e-02 2.300880679781016624e-01 -1.472335082373206205e-01 -2.816490669920312939e-02 -5.403853795598934084e-03 -2.285895377400493089e-02 -4.161177699569407196e-02 4.239375989186555671e-03 1.507661978536134484e-01 6.388815978880302282e-02
-1.039837703457010321e+00 -8.725524479359023644e-01 -4.151838762159059115e-01 -2.791324550017293404e-01 1.845065638018468235e-01 1.496992530542229360e-02 2.655597380471590441e-01 2.944473670942784338e-01 -2.833271899518763348e-01 2.299497548709155126e-01 4.033391762697533522e-01 -7.210332597014712519e-02 2.036356768041400755e-01 3.555766733381915401e-02 5.219012239011249221e-01 4.001957181190505253e-01 1.298866464111938512e-01 1.662516626726642244e-01 3.090561939651763623e-01 -2.570729630411392463e-01 -8.199011994008742477e-02 1.876574943383104710e-01 -2.150936961983802576e-01 -6.996956358500483475e-02 -1.915150262316842600e-01 -3.881987788099650061e-02 7.097558488374033914e-02 -8.556943986712894912e-02 3.358002723795152633e-01 1.484748496125121164e-01
-1.812957210365027549e+00 -1.339592892860423490e+00 -1.435128380772312084e+00 -5.332019110201144940e-01 -2.395087509852942276e-01 -1.173146252449441818e-01 3.514742954630492022e-01 3.202674774418596826e-01 1.576734815250233623e-01 3.302070030896402386e-01 1.034222568350855909e+00 2.692962849846480822e-02 3.495359582273067645e-01 8.974781906033513224e-03 4.001957181190505253e-01 1.086002079528043396e+00 -2.183915815542718519e-01 5.888647952117196382e-01 9.300178799972229626e-01 -6.722351680926408335e-01 -1.697277047264833527e-02 1.758037748347192064e-01 -9.468660408080609159e-02 4.012658579119943170e-02 -4.977877704006630211e-01 2.960628202636712558e-01 9.374056743445180473e-02 -3.790946585380652323e-01 9.048863113769129995e-01 2.618850195001414249e-01
-4.168557532774457286e-01 3.471726646210981926e-02 5.811490324127817075e-01 -1.226201447215657936e-01 3.892267259689106140e-01 -7.060039275398821701e-02 1.800324218447713065e-02 -2.019198083510218567e-01 -5.512578360695101765e-01 -4.888050626135509447e-02 -4.315553158164107117e-01 3.204615859851855930e-02 1.152990250968173314e-01 1.799067677823131817e-01 1.298866464111938512e-01 -2.183915815542718519e-01 6.597666858849038363e-01 -2.380077746498727720e-01 3.736576545222192181e-02 1.701842582867811871e-01 3.950337458411468106e-02 4.550999134215771846e-01 -3.595357352585324406e-01 -2.299945835025027918e-01 8.951928050322521813e-02 -3.179211019905210378e-01 5.827257845578515116e-02 9.146105612683186337e-02 -1.228696745074557839e-01 2.490023692357112850e-01
-4.447372901665289646e-01 -2.708469048022834613e-01 -8.197721503700563517e-01 -2.016107889627392069e-01 -3.119169153985694720e-01 -2.414871195808814264e-01 1.609953922027216322e-01 -2.891373479059211604e-02 2.579544165539573441e-01 1.297050456774400118e-01 5.401197437020641701e-01 1.540780829267305307e-01 1.227686614411709343e-01 -4.535927253948557336e-02 1.662516626726642244e-01 5.888647952117196382e-01 -2.380077746498727720e-01 5.784036443261015847e-01 4.410008070790922829e-01 -3.686151416365532896e-01 1.125284282557004190e-02 -1.898445229679452950e-01 1.391036825692708589e-01 8.572463524615159258e-03 -3.018324539649483995e-01 2.248846079843929147e-01 -9.204778889835552036e-02 -3.053097631367336362e-01 3.595508907315547731e-01 -2.320557098306608168e-02
-2.009824380469410698e+00 -1.273708851729935532e+00 -1.211339140696139793e+00 -5.741793489652309290e-01 -2.142543496473479081e-01 -1.104906903381959182e-01 3.301754494876263379e-01 1.855930659748423750e-01 4.627815086672626421e-02 2.612848225242316857e-01 8.613866181989919824e-01 2.445342306700126755e-02 3.619719844158737487e-01 1.055362488476134786e-01 3.090561939651763623e-01 9.300178799972229626e-01 3.736576545222192181e-02 4.410008070790922829e-01 1.022533919386631851e+00 -6.444400077249952119e-01 5.100612267324322602e-02 4.821916246429509556e-01 -2.512337432682159033e-01 -3.315754374369817015e-02 -4.551701936670156101e-01 2.106749300704677808e-01 8.943998182809309583e-02 -3.490017325901249023e-01 9.830794997338614394e-01 3.937521817185825057e-01
1.251001627060929877e+00 1.201883746108023843e+00 1.062424280624327366e+00 2.976518013836653154e-01 4.273476093598560510e-01 -2.411626412407485986e-02 -3.627259805588209929e-01 -3.246936785752154719e-01 -2.556286902775468661e-01 -1.986334460780199151e-01 -9.470608529823607569e-01 2.537282992346945321e-02 -6.911817836584077668e-02 -1.673350045182928625e-01 -2.570729630411392463e-01 -6.722351680926408335e-01 1.701842582867811871e-01 -3.686151416365532896e-01 -6.444400077249952119e-01 8.359570287547057887e-01 2.486714064275474811e-03 -2.366566869663415673e-01 9.480553918734813124e-02 -8.506963088501606762e-02 3.849124739822968877e-01 -3.382462787432700679e-01 4.221818529265419784e-02 2.502426351809958760e-01 -9.528415475414249158e-01 -1.419982674477182627e-01
4.410984963840292039e-03 1.057082555793726897e-01 2.077403066635952200e-02 -1.577764968084238717e-02 -7.144363465795322554e-02 -3.610862863064312478e-02 -1.492484263144433498e-02 -9.320488593493791996e-02 4.592731747936795728e-02 -2.452016818904212414e-02 -2.483419937954067791e-02 1.995449694095441373e-02 5.089714187249683164e-03 1.640807195872184820e-02 -8.199011994008742477e-02 -1.697277047264833527e-02 3.950337458411468106e-02 1.125284282557004190e-02 5.100612267324322602e-02 2.486714064275474811e-03 7.266271503362986550e-02 6.276293922377362833e-02 -2.717471288821116104e-02 -1.362871729878634142e-02 -1.467095990562938823e-02 8.616488780091913213e-03 -4.813490397128816767e-02 -3.640454209414656361e-02 4.393427606180466682e-02 9.291038542585283722e-03
-1.545351117604184310e+00 -9.603207946070142498e-01 -1.034454317004360746e-01 -3.553883213384096962e-01 1.755314300645522962e-01 1.462510402125190012e-01 1.906049898778405804e-01 1.650984660202539089e-01 -3.481016898490452149e-01 9.518084419022443399e-02 2.019428439023727151e-01 -1.451949498044768916e-01 1.840376826548322242e-01 2.300880679781016624e-01 1.876574943383104710e-01 1.758037748347192064e-01 4.550999134215771846e-01 -1.898445229679452950e-01 4.821916246429509556e-01 -2.366566869663415673e-01 6.276293922377362833e-02 8.454187877604795176e-01 -4.950523105962645332e-01 -1.263037547902854385e-01 -7.719439429578756062e-02 -1.198929801751091873e-01 1.002442952795377096e-01 4.696057749640658585e-03 5.841619607699044536e-01 4.159749119787647942e-01
1.027386038899805953e+00 7.334763929925998127e-01 1.500360455924010239e-02 2.316467566056985561e-01 -2.069336354423967350e-01 -1.396815628579020085e-01 -1.915054901635926399e-01 -2.125770722097968246e-01 3.628295857370176236e-01 -1.086821931264125851e-01 -1.166085760899591151e-01 1.433228999127891257e-01 -1.665787162583569625e-01 -1.472335082373206205e-01 -2.150936961983802576e-01 -9.468660408080609159e-02 -3.595357352585324406e-01 1.391036825692708589e-01 -2.512337432682159033e-01 9.480553918734813124e-02 -2.717471288821116104e-02 -4.950523105962645332e-01 4.481734994766384261e-01 8.769716730074605948e-02 9.058154591269840239e-02 1.452772017241272806e-01 -8.519015257195405866e-02 -4.187585881362565488e-02 -3.788445320292908036e-01 -2.808166436366263952e-01
1.028778865886579297e-01 -1.009168872119516891e-01 -1.433729848419034170e-01 4.641846408117089595e-02 -1.517516059793138083e-01 9.485692569074899438e-02 5.771788058837046265e-03 1.442005051379737779e-01 1.920822826382959647e-01 3.193870902498474607e-02 1.842935040372708499e-01 -8.766710549241452100e-02 -5.429769116011584629e-02 -2.816490669920312939e-02 -6.996956358500483475e-02 4.012658579119943170e-02 -2.299945835025027918e-01 8.572463524615159258e-03 -3.315754374369817015e-02 -8.506963088501606762e-02 -1.362871729878634142e-02 -1.263037547902854385e-01 8.769716730074605948e-02 1.478256955065830880e-01 -1.171954216368931156e-02 1.085917032624479361e-01 -1.421749772617886265e-02 -1.654620928604799701e-03 7.111498197627952322e-02 -1.144824400417405741e-01
6.200614511245134963e-01 5.434133781736250057e-01 8.538910372656687287e-01 2.249352509928712607e-01 2.789603793863761894e-01 7.724648089771335435e-02 -2.129371041427816635e-01 -8.211539352640784273e-02 -1.131199518562198136e-01 -1.410321490171781988e-01 -4.780455339888476374e-01 -6.836983340070901249e-02 -1.705254128461888286e-01 -5.403853795598934084e-03 -1.915150262316842600e-01 -4.977877704006630211e-01 8.951928050322521813e-02 -3.018324539649483995e-01 -4.551701936670156101e-01 3.849124739822968877e-01 -1.467095990562938823e-02 -7.719439429578756062e-02 9.058154591269840239e-02 -1.171954216368931156e-02 4.116895716746569178e-01 -1.978051985444722050e-01 -4.631654747953461992e-02 2.979605452654254805e-01 -6.240161566716437846e-01 -1.835937334866457604e-01
-2.523877951807662612e-02 -2.154455559780785734e-01 -6.726968254018856896e-01 -2.393416813413296040e-02 -3.788725457462192026e-01 -1.925859865900747536e-02 4.289574312787181043e-02 4.969169257532257689e-02 3.917633124284520818e-01 2.473701760919766457e-02 3.825736491497195857e-01 8.464241593617316539e-02 -3.408190183540682483e-02 -2.285895377400493089e-02 -3.881987788099650061e-02 2.960628202636712558e-01 -3.179211019905210378e-01 2.248846079843929147e-01 2.106749300704677808e-01 -3.382462787432700679e-01 8.616488780091913213e-03 -1.198929801751091873e-01 1.452772017241272806e-01 1.085917032624479361e-01 -1.978051985444722050e-01 3.215551492746726581e-01 -7.141960715500772494e-02 -1.734176514635237254e-01 3.742464758169035122e-01 -1.630359571993267309e-02
-4.329151234065875542e-01 -3.733932496064085171e-01 -4.860914328889975877e-02 -1.220827097151868657e-01 1.909813445995496295e-01 1.242739256804838988e-01 3.088109911772107807e-02 2.103103253772928838e-01 -1.786755929913397267e-01 9.328001709900490823e-02 5.021583827266340450e-02 -1.612602205435109681e-01 1.469361085934224320e-01 -4.161177699569407196e-02 7.097558488374033914e-02 9.374056743445180473e-02 5.827257845578515116e-02 -9.204778889835552036e-02 8.943998182809309583e-02 4.221818529265419784e-02 -4.813490397128816767e-02 1.002442952795377096e-01 -8.519015257195405866e-02 -1.421749772617886265e-02 -4.631654747953461992e-02 -7.141960715500772494e-02 2.695703506386166737e-01 4.679102478547747523e-02 1.961733521568476135e-02 7.812426702258790101e-02
1.800662236082644085e-01 2.107320535219514568e-02 6.405764090002890043e-01 1.417076713042320080e-01 3.089223987556124484e-01 2.266300886643648482e-01 -9.510921776313807641e-02 1.800470989604150418e-01 -1.658278518381166577e-01 -5.101133240486888099e-02 -2.708150498680765850e-01 -1.849333421511687447e-01 -1.108089850685587407e-01 4.239375989186555671e-03 -8.556943986712894912e-02 -3.790946585380652323e-01 9.146105612683186337e-02 -3.053097631367336362e-01 -3.490017325901249023e-01 2.502426351809958760e-01 -3.640454209414656361e-02 4.696057749640658585e-03 -4.187585881362565488e-02 -1.654620928604799701e-03 2.979605452654254805e-01 -1.734176514635237254e-01 4.679102478547747523e-02 3.605952453975191929e-01 -3.698765994977293303e-01 -1.342985211329619233e-01
-1.981259858219686976e+00 -1.766015026621232664e+00 -1.616849344417857992e+00 -5.036619515629467969e-01 -5.169894190137824808e-01 1.552939778102881974e-01 4.720624328642770706e-01 4.588019407570413932e-01 2.443227027217176328e-01 2.868556169648854848e-01 1.150460225888309651e+00 -6.059919487813658634e-02 2.477689541763083980e-01 1.507661978536134484e-01 3.358002723795152633e-01 9.048863113769129995e-01 -1.228696745074557839e-01 3.595508907315547731e-01 9.830794997338614394e-01 -9.528415475414249158e-01 4.393427606180466682e-02 5.841619607699044536e-01 -3.788445320292908036e-01 7.111498197627952322e-02 -6.240161566716437846e-01 3.742464758169035122e-01 1.961733521568476135e-02 -3.698765994977293303e-01 1.603285388763936226e+00 4.478145508263082775e-01
-9.130069096925126360e-01 -4.649513138393217559e-01 -4.730065976905848402e-01 -2.812500015778596207e-01 6.673689129814874832e-02 -9.440364387103272747e-03 1.228634214047019668e-01 -1.085894160848965839e-02 -1.985328591530901576e-01 8.202959689725730641e-02 8.748660873180824638e-02 7.437049886061686266e-02 2.356424667081569169e-01 6.388815978880302282e-02 1.484748496125121164e-01 2.618850195001414249e-01 2.490023692357112850e-01 -2.320557098306608168e-02 3.937521817185825057e-01 -1.419982674477182627e-01 9.291038542585283722e-03 4.159749119787647942e-01 -2.808166436366263952e-01 -1.144824400417405741e-01 -1.835937334866457604e-01 -1.630359571993267309e-02 7.812426702258790101e-02 -1.342985211329619233e-01 4.478145508263082775e-01 5.084060820627200883e-01
