5.737069760393524120e+00 3.627871424538000156e+00 1.797778937766793206e+00 1.290464766326977042e+00 -4.274563560325645994e-01 -4.092796030436147703e-01 -8.110040386842456428e-01 -1.343313435559593927e+00 -7.255713779090910975e-02 -8.406390290264766918e-01 -2.477416284755861398e+00 1.861289374973011945e-01 -8.426064833384430131e-01 -5.376466592449560267e-01 -1.316595911949207220e+00 -1.829540052923675830e+00 -8.415763571767342910e-01 -2.727234783344556490e-02 -1.961850553779243000e+00 1.124995248772563627e+00 5.746978872231238711e-01 -1.526139603739466111e+00 1.481926869269898361e+00 5.868525314693897599e-01 6.346622159363732862e-01 6.205873936103785127e-01 -5.037138582790703367e-01 1.495823146166230799e-01 -1.227972545274781169e+00 -8.160385521056241487e-01
3.627871424538000156e+00 3.697748985877240102e+00 1.275618078283287105e+00 7.463803869271714575e-01 -6.564117701161649165e-01 -9.999964413189559309e-01 -4.830052436203118305e-01 -2.066577620676298466e+00 -1.640678051531381243e-01 -6.450246594319537508e-01 -2.181557443709493782e+00 6.652413081473582679e-01 -2.929999589600811305e-01 -5.111885445919597259e-01 -1.034861710898610454e+00 -1.041591368157526176e+00 -5.426829877728209794e-01 1.485512994050850466e-01 -1.007322118114245768e+00 1.053232037201325966e+00 3.628497195709883272e-01 -1.039846778039645869e+00 1.296656349510726614e+00 3.289234101534930232e-01 3.732905812411786428e-01 6.582602983221477189e-01 -4.419791267879418228e-01 -2.377528930812786712e-01 -7.474802007091625455e-01 -1.402780527174058989e-01
1.797778937766793206e+00 1.275618078283287105e+00 2.227857110747663683e+00 5.802206399971510109e-01 3.033860919724133964e-01 -2.183767377800336362e-01 -2.425581116298758388e-01 -4.525565405667748564e-01 -9.263895772187993316e-01 -4.187499290691789611e-01 -1.454101848461561985e+00 -4.683807368346606381e-01 -4.102626918242435750e-01 -1.796870748703440768e-01 -5.887330879157275376e-01 -1.233545994137728030e+00 4.345977819616564375e-02 -3.280260510666721530e-01 -1.081433943081407278e+00 6.518992469581235127e-01 5.005420490155074731e-01 -1.874513826001020789e-01 3.814908366626355019e-01 3.580167999725176742e-01 7.148646731224630457e-01 2.088284585084920764e-02 -1.943438036418001502e-01 4.811377569055252934e-01 -5.903903213289822816e-01 -3.621660427020287898e-01
1.290464766326977042e+00 7.463803869271714575e-01 5.802206399971510109e-01 4.514237486257570708e-01 -9.469560743013971660e-04 -1.475484393296255803e-02 -2.085243459357570828e-01 -2.106283240151469727e-01 -3.111671826661677187e-02 -2.262943351508965861e-01 -6.112501418253373231e-01 -3.419584668517927639e-02 -2.691691677273411187e-01 -1.227797122072615821e-01 -3.307249417729849483e-01 -5.291596703427785542e-01 -1.817054497984713635e-01 -7.176626830238319599e-02 -5.516563176794306855e-01 2.587593754729482498e-01 1.504363382385918158e-01 -3.319679936155921496e-01 3.289764826113241725e-01 1.536825538418042925e-01 2.361612270997852647e-01 1.165147918424054296e-01 -1.490435458533738711e-01 1.387227554523633444e-01 -3.233201677175543409e-01 -2.527368646916556827e-01
-4.274563560325645994e-01 -6.564117701161649165e-01 3.033860919724133964e-01 -9.469560743013971660e-04 7.425815164116897904e-01 3.166459892706825485e-01 -9.007193533443569322e-02 3.566669830608475422e-01 -4.003217706587065550e-01 7.597229965881524549e-02 -2.440152123800203299e-01 -2.368424634630059700e-01 1.348219183785772657e-01 -5.968103996775653286e-02 8.852298566188210316e-02 -1.419137892648336674e-01 2.324088434313580365e-01 -2.568061776362355886e-01 -1.530717241492993708e-01 1.933939296152971110e-01 4.913813561154256604e-02 1.561858432337430713e-01 -2.121554052873761975e-01 -2.824774022826659348e-03 1.903023713272204986e-01 -2.134628056209635361e-01 1.435286088918701353e-01 2.561790778057115858e-01 -1.393249342640956456e-01 -4.426946698856681905e-03
-4.092796030436147703e-01 -9.999964413189559309e-01 -2.183767377800336362e-01 -1.475484393296255803e-02 3.166459892706825485e-01 8.331872465034848574e-01 -1.006794282085365921e-02 9.312651302074073101e-01 3.873470169975234967e-02 1.201260339183249926e-01 2.869723933491741263e-01 -5.197348278721278803e-01 -3.226520309675606768e-02 -4.711823665957126650e-04 5.661922840835131865e-02 -1.377555011693516462e-01 5.112437908616129789e-02 -2.246652072823849267e-01 -1.222684741363764260e-01 -1.177038529363017005e-01 2.414285378046088226e-02 2.025259875333063064e-01 -2.907793213748277594e-01 3.252237819594938628e-02 9.258605015747889411e-02 -2.100316424287598238e-01 1.253476959902855015e-01 3.111537693289960771e-01 3.297515263943751052e-02 -1.477780896295257662e-01
-8.110040386842456428e-01 -4.830052436203118305e-01 -2.425581116298758388e-01 -2.085243459357570828e-01 -9.007193533443569322e-02 -1.006794282085365921e-02 3.095132340846475927e-01 1.775530322837539643e-01 -4.833696212926952285e-02 1.585119014258111747e-01 5.111509771140845260e-01 -2.441537070205868076e-02 7.545945415046162452e-02 1.531783996553599536e-01 3.046933075686979464e-01 3.083373219726013303e-01 1.117590240431809434e-01 9.044630278776821797e-02 2.777471752959854712e-01 -2.872136075973799052e-01 -1.100309176474638662e-01 1.621536014787352542e-01 -2.471942804344848810e-01 -9.194613550494068477e-02 -1.907109258761465753e-01 -9.899563718710169269e-02 3.827866915929689640e-02 -8.148444763509132827e-02 2.528386201955754586e-01 9.393700841212648811e-02
-1.343313435559593927e+00 -2.066577620676298466e+00 -4.525565405667748564e-01 -2.106283240151469727e-01 3.566669830608475422e-01 9.312651302074073101e-01 1.775530322837539643e-01 1.660093520296243241e+00 1.656052888370140863e-01 3.421436923312626277e-01 1.182393551544691945e+00 -7.806326890554942111e-01 -1.548557502633229888e-02 1.303312905768052588e-01 4.074540010853979766e-01 2.515044785823192797e-01 4.742942219394308268e-02 -1.340327549027620080e-01 1.449731305996238007e-01 -4.792751173171154733e-01 -1.072900286155231697e-01 3.134181194855045760e-01 -5.791837018118712876e-01 -1.030956319141296262e-02 -3.260580783336308741e-02 -3.935881324475758447e-01 2.490919358399423800e-01 3.724410212824977862e-01 1.417086885776939198e-01 -2.685942667874314793e-01
-7.255713779090910975e-02 -1.640678051531381243e-01 -9.263895772187993316e-01 -3.111671826661677187e-02 -4.003217706587065550e-01 3.873470169975234967e-02 -4.833696212926952285e-02 1.656052888370140863e-01 8.226416596024819228e-01 6.857161998533456426e-02 6.738261162695948769e-01 2.351371942100399792e-01 -4.536394714915559234e-02 1.773975600599442259e-03 3.603129599866861099e-03 3.839172137074911006e-01 -3.312230202282080427e-01 2.372196623019249273e-01 2.827156720335324280e-01 -2.749554034339212194e-01 -1.853880657715762936e-01 -1.906400479074932264e-01 1.362409309546137592e-01 -6.189281206957275572e-02 -1.939778015698720992e-01 1.397721733265484545e-01 -5.902775029449003341e-02 -1.532107752009324031e-01 5.335013575751190729e-02 -1.046379818413925022e-01
-8.406390290264766918e-01 -6.450246594319537508e-01 -4.187499290691789611e-01 -2.262943351508965861e-01 7.597229965881524549e-02 1.201260339183249926e-01 1.585119014258111747e-01 3.421436923312626277e-01 6.857161998533456426e-02 2.625957661462621218e-01 5.138620072785897719e-01 -9.090639967780589359e-02 1.836590676114155940e-01 3.876158390221462469e-02 2.921242373852805940e-01 3.535506393158698302e-01 3.209313551195691616e-02 8.070603991410507660e-02 2.595054529076890049e-01 -1.826909331127808400e-01 -1.259553185554409538e-01 7.164484524901126861e-02 -1.914409218885566588e-01 -7.144389348627555592e-02 -1.646569455014059713e-01 -1.118519101080437395e-01 1.065749745225161860e-01 -5.787784373234217128e-02 1.281760861972998100e-01 3.895347497132206627e-02
-2.477416284755861398e+00 -2.181557443709493782e+00 -1.454101848461561985e+00 -6.112501418253373231e-01 -2.440152123800203299e-01 2.869723933491741263e-01 5.111509771140845260e-01 1.182393551544691945e+00 6.738261162695948769e-01 5.138620072785897719e-01 2.212835499017387519e+00 -1.597410590544541265e-01 1.738146750697637799e-01 3.568153366333035592e-01 8.001529680608996387e-01 1.179526461857790309e+00 -2.238017190677510371e-03 3.047220012871889594e-01 9.917515952138842295e-01 -9.910966456766345800e-01 -4.292907568761279435e-01 3.912754992852569558e-01 -6.444067162668716264e-01 -2.503669800100851717e-01 -5.230695952974429019e-01 -2.648433525438349534e-01 2.056393261398170580e-01 -1.496446703549167978e-01 5.761138369613831856e-01 2.218729366393290547e-02
1.861289374973011945e-01 6.652413081473582679e-01 -4.683807368346606381e-01 -3.419584668517927639e-02 -2.368424634630059700e-01 -5.197348278721278803e-01 -2.441537070205868076e-02 -7.806326890554942111e-01 2.351371942100399792e-01 -9.090639967780589359e-02 -1.597410590544541265e-01 7.451490012347790071e-01 8.635254555059646009e-02 3.760253376043465323e-02 -5.360993866418084508e-03 2.826574091801035138e-01 -2.505025513545433569e-02 1.818318399385816519e-01 2.666397045003066069e-01 1.430209852878761012e-02 -1.403766694597265996e-01 -1.460777838483977575e-01 1.813056292855321772e-01 -1.397245709674734826e-01 -1.973492458910186542e-01 2.080763276759967084e-01 -1.190045017273178019e-01 -3.288337135081178531e-01 9.573946327822113744e-02 2.304648160545070823e-01
-8.426064833384430131e-01 -2.929999589600811305e-01 -4.102626918242435750e-01 -2.691691677273411187e-01 1.348219183785772657e-01 -3.226520309675606768e-02 7.545945415046162452e-02 -1.548557502633229888e-02 -4.536394714915559234e-02 1.836590676114155940e-01 1.738146750697637799e-01 8.635254555059646009e-02 3.749516734741860091e-01 -8.542633941351596150e-02 1.867669112704675172e-01 3.411517768186058674e-01 1.293371323574774578e-01 2.583599445074469259e-02 3.308921088604108718e-01 3.099435807212103100e-02 -9.984220728108539333e-02 1.210756736302869285e-01 -1.560316637049936617e-01 -1.058303281569692444e-01 -1.714846933764420100e-01 -6.331950246408268868e-02 1.498429403376917435e-01 -1.439291770525983338e-01 1.442956852411612090e-01 2.447645092803441003e-01
-5.376466592449560267e-01 -5.111885445919597259e-01 -1.796870748703440768e-01 -1.227797122072615821e-01 -5.968103996775653286e-02 -4.711823665957126650e-04 1.531783996553599536e-01 1.303312905768052588e-01 1.773975600599442259e-03 3.876158390221462469e-02 3.568153366333035592e-01 3.760253376043465323e-02 -8.542633941351596150e-02 3.522039645098971050e-01 1.919203050616715700e-01 1.996817514083772949e-01 1.830281485663363128e-01 1.925095992879732876e-02 2.478933525098625523e-01 -3.728171273672842290e-01 -5.757048026504207883e-02 2.797458800096137566e-01 -2.804555195851889948e-01 -8.218966039038377858e-02 -1.263335108265550843e-01 -6.495073401703166383e-02 -2.242267317348023425e-02 -4.707423858104675674e-02 2.667155155065756844e-01 9.179443611839133155e-02
-1.316595911949207220e+00 -1.034861710898610454e+00 -5.887330879157275376e-01 -3.307249417729849483e-01 8.852298566188210316e-02 5.661922840835131865e-02 3.046933075686979464e-01 4.074540010853979766e-01 3.603129599866861099e-03 2.921242373852805940e-01 8.001529680608996387e-01 -5.360993866418084508e-03 1.867669112704675172e-01 1.919203050616715700e-01 6.168780293317013275e-01 5.786856681361314259e-01 1.845134531710073134e-01 1.143015147259802688e-01 4.603932782803497048e-01 -4.144969412699310851e-01 -2.324842972301439659e-01 2.427019587846643844e-01 -3.994034567343760500e-01 -1.827452194987131406e-01 -2.956236216825232077e-01 -1.716185298033678919e-01 1.006545281856006113e-01 -1.224207774538967897e-01 3.478167857425660259e-01 1.172679257171580502e-01
-1.829540052923675830e+00 -1.041591368157526176e+00 -1.233545994137728030e+00 -5.291596703427785542e-01 -1.419137892648336674e-01 -1.377555011693516462e-01 3.083373219726013303e-01 2.515044785823192797e-01 3.839172137074911006e-01 3.535506393158698302e-01 1.179526461857790309e+00 2.826574091801035138e-01 3.411517768186058674e-01 1.996817514083772949e-01 5.786856681361314259e-01 1.077403159048003545e+00 4.853823442942939437e-02 3.018935598601615311e-01 9.040871828975127755e-01 -4.937951988662234726e-01 -3.733338538173711640e-01 1.949963344773379958e-01 -3.318015883568534719e-01 -2.523285263994239358e-01 -4.819721546414257318e-01 -7.836561529671826065e-02 1.890980993333641891e-01 -3.388555688667906907e-01 4.082169715269401422e-01 2.607119599876455140e-01
-8.415763571767342910e-01 -5.426829877728209794e-01 4.345977819616564375e-02 -1.817054497984713635e-01 2.324088434313580365e-01 5.112437908616129789e-02 1.117590240431809434e-01 4.742942219394308268e-02 -3.312230202282080427e-01 3.209313551195691616e-02 -2.238017190677510371e-03 -2.505025513545433569e-02 1.293371323574774578e-01 1.830281485663363128e-01 1.845134531710073134e-01 4.853823442942939437e-02 4.698409315839171541e-01 -1.819948923459833168e-01 2.445252730093727678e-01 -1.577037575352733256e-01 2.068645916028799547e-02 5.212827004805546949e-01 -4.333783872370986501e-01 -1.259787534426095590e-01 -7.025384037393678227e-02 -1.478495781814217480e-01 6.304721729156881338e-02 5.998707550986637216e-03 3.511449030294784279e-01 3.014160214143544181e-01
-2.727234783344556490e-02 1.485512994050850466e-01 -3.280260510666721530e-01 -7.176626830238319599e-02 -2.568061776362355886e-01 -2.246652072823849267e-01 9.044630278776821797e-02 -1.340327549027620080e-01 2.372196623019249273e-01 8.070603991410507660e-02 3.047220012871889594e-01 1.818318399385816519e-01 2.583599445074469259e-02 1.925095992879732876e-02 1.143015147259802688e-01 3.018935598601615311e-01 -1.819948923459833168e-01 3.392500833277551919e-01 1.909572166551356531e-01 -1.180359197213078915e-01 -1.121007931856752293e-01 -2.325774445026524972e-01 1.572765920190306588e-01 -4.774999043524985609e-02 -1.575389074344002438e-01 7.362464164089033147e-02 -6.369120819118734289e-02 -2.006834568544491049e-01 -1.255581984196396661e-02 -9.637020745242352859e-02
-1.961850553779243000e+00 -1.007322118114245768e+00 -1.081433943081407278e+00 -5.516563176794306855e-01 -1.530717241492993708e-01 -1.222684741363764260e-01 2.777471752959854712e-01 1.449731305996238007e-01 2.827156720335324280e-01 2.595054529076890049e-01 9.917515952138842295e-01 2.666397045003066069e-01 3.308921088604108718e-01 2.478933525098625523e-01 4.603932782803497048e-01 9.040871828975127755e-01 2.445252730093727678e-01 1.909572166551356531e-01 9.978178294622921385e-01 -4.922265119787994081e-01 -2.866293665165358107e-01 4.995185392078838049e-01 -4.411280839936182474e-01 -2.860212251869995725e-01 -4.379459830826419875e-01 -9.348844160211911003e-02 1.663611919672689510e-01 -3.181155881688937370e-01 5.580938009422595769e-01 4.092849657896522331e-01
1.124995248772563627e+00 1.053232037201325966e+00 6.518992469581235127e-01 2.587593754729482498e-01 1.933939296152971110e-01 -1.177038529363017005e-01 -2.872136075973799052e-01 -4.792751173171154733e-01 -2.749554034339212194e-01 -1.826909331127808400e-01 -9.910966456766345800e-01 1.430209852878761012e-02 3.099435807212103100e-02 -3.728171273672842290e-01 -4.144969412699310851e-01 -4.937951988662234726e-01 -1.577037575352733256e-01 -1.180359197213078915e-01 -4.922265119787994081e-01 6.978900937770049495e-01 1.982274116243729623e-01 -3.292093816613146373e-01 3.743226532794210470e-01 1.539912739191890978e-01 2.784238605300402014e-01 9.480943058144930546e-02 -3.601949439917007112e-02 9.196257477390190616e-02 -4.127554782099309705e-01 -5.720803017641173938e-02
5.746978872231238711e-01 3.628497195709883272e-01 5.005420490155074731e-01 1.504363382385918158e-01 4.913813561154256604e-02 2.414285378046088226e-02 -1.100309176474638662e-01 -1.072900286155231697e-01 -1.853880657715762936e-01 -1.259553185554409538e-01 -4.292907568761279435e-01 -1.403766694597265996e-01 -9.984220728108539333e-02 -5.757048026504207883e-02 -2.324842972301439659e-01 -3.733338538173711640e-01 2.068645916028799547e-02 -1.121007931856752293e-01 -2.866293665165358107e-01 1.982274116243729623e-01 1.874641500946836459e-01 1.749189776887760672e-03 7.315949461695936407e-02 9.359535328258061782e-02 1.682828878024338337e-01 1.808786520973626466e-02 -6.277532673067298674e-02 1.006250123051586343e-01 -1.279975817872127664e-01 -7.261898793905174898e-02
-1.526139603739466111e+00 -1.039846778039645869e+00 -1.874513826001020789e-01 -3.319679936155921496e-01 1.561858432337430713e-01 2.025259875333063064e-01 1.621536014787352542e-01 3.134181194855045760e-01 -1.906400479074932264e-01 7.164484524901126861e-02 3.912754992852569558e-01 -1.460777838483977575e-01 1.210756736302869285e-01 2.797458800096137566e-01 2.427019587846643844e-01 1.949963344773379958e-01 5.212827004805546949e-01 -2.325774445026524972e-01 4.995185392078838049e-01 -3.292093816613146373e-01 1.749189776887760672e-03 8.876438215133646281e-01 -6.241210511864210275e-01 -1.895999780242618726e-01 -9.635893662979810870e-02 -2.128127682070157789e-01 9.899769390455048779e-02 1.743336019825392214e-02 5.440821460886127170e-01 4.003720929469523071e-01
1.481926869269898361e+00 1.296656349510726614e+00 3.814908366626355019e-01 3.289764826113241725e-01 -2.121554052873761975e-01 -2.907793213748277594e-01 -2.471942804344848810e-01 -5.791837018118712876e-01 1.362409309546137592e-01 -1.914409218885566588e-01 -6.444067162668716264e-01 1.813056292855321772e-01 -1.560316637049936617e-01 -2.804555195851889948e-01 -3.994034567343760500e-01 -3.318015883568534719e-01 -4.333783872370986501e-01 1.572765920190306588e-01 -4.411280839936182474e-01 3.743226532794210470e-01 7.315949461695936407e-02 -6.241210511864210275e-01 7.250250075436497355e-01 1.700682639560113785e-01 2.173810978015069395e-01 2.685107952481189386e-01 -1.354875091201392934e-01 -3.656716674095150665e-02 -5.149351494225697934e-01 -2.738707110829636804e-01
5.868525314693897599e-01 3.289234101534930232e-01 3.580167999725176742e-01 1.536825538418042925e-01 -2.824774022826659348e-03 3.252237819594938628e-02 -9.194613550494068477e-02 -1.030956319141296262e-02 -6.189281206957275572e-02 -7.144389348627555592e-02 -2.503669800100851717e-01 -1.397245709674734826e-01 -1.058303281569692444e-01 -8.218966039038377858e-02 -1.827452194987131406e-01 -2.523285263994239358e-01 -1.259787534426095590e-01 -4.774999043524985609e-02 -2.860212251869995725e-01 1.539912739191890978e-01 9.359535328258061782e-02 -1.895999780242618726e-01 1.700682639560113785e-01 1.549735804637748515e-01 1.571526810169530108e-01 4.266591287716892111e-02 -3.702389073009726417e-02 9.948121121038866477e-02 -2.239792010585688331e-01 -1.699715448845040555e-01
6.346622159363732862e-01 3.732905812411786428e-01 7.148646731224630457e-01 2.361612270997852647e-01 1.903023713272204986e-01 9.258605015747889411e-02 -1.907109258761465753e-01 -3.260580783336308741e-02 -1.939778015698720992e-01 -1.646569455014059713e-01 -5.230695952974429019e-01 -1.973492458910186542e-01 -1.714846933764420100e-01 -1.263335108265550843e-01 -2.956236216825232077e-01 -4.819721546414257318e-01 -7.025384037393678227e-02 -1.575389074344002438e-01 -4.379459830826419875e-01 2.784238605300402014e-01 1.682828878024338337e-01 -9.635893662979810870e-02 2.173810978015069395e-01 1.571526810169530108e-01 4.011049135279733946e-01 1.615873670840528575e-02 -1.036634380693044477e-01 2.712012321235306445e-01 -3.232953581394326648e-01 -1.847335260530940104e-01
6.205873936103785127e-01 6.582602983221477189e-01 2.088284585084920764e-02 1.165147918424054296e-01 -2.134628056209635361e-01 -2.100316424287598238e-01 -9.899563718710169269e-02 -3.935881324475758447e-01 1.397721733265484545e-01 -1.118519101080437395e-01 -2.648433525438349534e-01 2.080763276759967084e-01 -6.331950246408268868e-02 -6.495073401703166383e-02 -1.716185298033678919e-01 -7.836561529671826065e-02 -1.478495781814217480e-01 7.362464164089033147e-02 -9.348844160211911003e-02 9.480943058144930546e-02 1.808786520973626466e-02 -2.128127682070157789e-01 2.685107952481189386e-01 4.266591287716892111e-02 1.615873670840528575e-02 1.979555838757391939e-01 -9.099305867977136586e-02 -9.442694479020019571e-02 -1.348406724770825349e-01 -3.046585449726535444e-02
-5.037138582790703367e-01 -4.419791267879418228e-01 -1.943438036418001502e-01 -1.490435458533738711e-01 1.435286088918701353e-01 1.253476959902855015e-01 3.827866915929689640e-02 2.490919358399423800e-01 -5.902775029449003341e-02 1.065749745225161860e-01 2.056393261398170580e-01 -1.190045017273178019e-01 1.498429403376917435e-01 -2.242267317348023425e-02 1.006545281856006113e-01 1.890980993333641891e-01 6.304721729156881338e-02 -6.369120819118734289e-02 1.663611919672689510e-01 -3.601949439917007112e-02 -6.277532673067298674e-02 9.899769390455048779e-02 -1.354875091201392934e-01 -3.702389073009726417e-02 -1.036634380693044477e-01 -9.099305867977136586e-02 2.495589824800958922e-01 7.266901282832805009e-03 6.559421317103897309e-02 6.030422405484614501e-02
1.495823146166230799e-01 -2.377528930812786712e-01 4.811377569055252934e-01 1.387227554523633444e-01 2.561790778057115858e-01 3.111537693289960771e-01 -8.148444763509132827e-02 3.724410212824977862e-01 -1.532107752009324031e-01 -5.787784373234217128e-02 -1.496446703549167978e-01 -3.288337135081178531e-01 -1.439291770525983338e-01 -4.707423858104675674e-02 -1.224207774538967897e-01 -3.388555688667906907e-01 5.998707550986637216e-03 -2.006834568544491049e-01 -3.181155881688937370e-01 9.196257477390190616e-02 1.006250123051586343e-01 1.743336019825392214e-02 -3.656716674095150665e-02 9.948121121038866477e-02 2.712012321235306445e-01 -9.442694479020019571e-02 7.266901282832805009e-03 3.633229521350358482e-01 -1.611150921577859663e-01 -1.945152697252865437e-01
-1.227972545274781169e+00 -7.474802007091625455e-01 -5.903903213289822816e-01 -3.233201677175543409e-01 -1.393249342640956456e-01 3.297515263943751052e-02 2.528386201955754586e-01 1.417086885776939198e-01 5.335013575751190729e-02 1.281760861972998100e-01 5.761138369613831856e-01 9.573946327822113744e-02 1.442956852411612090e-01 2.667155155065756844e-01 3.478167857425660259e-01 4.082169715269401422e-01 3.511449030294784279e-01 -1.255581984196396661e-02 5.580938009422595769e-01 -4.127554782099309705e-01 -1.279975817872127664e-01 5.440821460886127170e-01 -5.149351494225697934e-01 -2.239792010585688331e-01 -3.232953581394326648e-01 -1.348406724770825349e-01 6.559421317103897309e-02 -1.611150921577859663e-01 6.136532779587469122e-01 3.594473339330761519e-01
-8.160385521056241487e-01 -1.402780527174058989e-01 -3.621660427020287898e-01 -2.527368646916556827e-01 -4.426946698856681905e-03 -1.477780896295257662e-01 9.393700841212648811e-02 -2.685942667874314793e-01 -1.046379818413925022e-01 3.895347497132206627e-02 2.218729366393290547e-02 2.304648160545070823e-01 2.447645092803441003e-01 9.179443611839133155e-02 1.172679257171580502e-01 2.607119599876455140e-01 3.014160214143544181e-01 -9.637020745242352859e-02 4.092849657896522331e-01 -5.720803017641173938e-02 -7.261898793905174898e-02 4.003720929469523071e-01 -2.738707110829636804e-01 -1.699715448845040555e-01 -1.847335260530940104e-01 -3.046585449726535444e-02 6.030422405484614501e-02 -1.945152697252865437e-01 3.594473339330761519e-01 5.455047973725868360e-01
