5.565262809409546207e+00 3.727444885899387828e+00 1.337568093629442956e+00 1.210679222546559686e+00 -5.811663290887167932e-01 -1.451012738190229356e-01 -8.919033737621475666e-01 -1.187484771976301090e+00 9.825977702457748819e-01 -8.033712297936403957e-01 -1.635451012762644041e+00 9.379244614050890050e-01 -7.743836161059221013e-01 -2.006122823445934955e-01 -9.228187476986704496e-01 -1.585530002977748154e+00 -1.114702052296365764e-01 -5.240984553623775355e-01 -1.757557922211560708e+00 1.371642494002912827e+00 -3.995531709841202428e-01 -1.462663686840357968e+00 9.291002270414878694e-01 -2.963057355941032256e-01 4.896457640456901572e-01 -1.937511090483781118e-01 -3.994030967962771683e-01 9.823453634169254656e-03 -2.118250567646839500e+00 -5.708094129206529033e-01
3.727444885899387828e+00 3.974879510190078236e+00 1.474249993189403085e+00 7.730661451350329116e-01 -5.529499058421833979e-01 -5.866475743324031100e-01 -6.548448741816059737e-01 -1.631230548862674823e+00 5.471175677818109762e-01 -6.923910181548649234e-01 -1.552835947696848962e+00 8.453672635832276683e-01 -4.293713082345220755e-01 -6.702825710283377703e-02 -7.185505611960820715e-01 -1.239251318889614595e+00 3.606708373951050817e-01 -4.970174480636728731e-01 -1.150752901904837699e+00 1.315156920633739901e+00 -2.333414657557568717e-01 -8.379354229317357294e-01 5.230045304222130653e-01 -3.535911513041014587e-01 5.212037981912089890e-01 -4.544547929896225469e-01 -2.599312360629824070e-01 -1.716769987865518488e-02 -1.915213289905295824e+00 -2.176559850596504475e-01
1.337568093629442956e+00 1.474249993189403085e+00 2.115544514081818761e+00 4.714471565648636897e-01 3.481951859764649271e-01 -2.089899825926977428e-01 -2.310582571373061000e-01 -3.802010610614843245e-01 -4.458499021343413915e-01 -3.312196878810027556e-01 -8.826090874583201185e-01 -1.127049772155714891e-01 -4.144467440286234705e-01 2.112645355404652037e-01 -2.496802544318938999e-01 -1.066518684547531848e+00 4.764973572611665986e-01 -7.436133206215345126e-01 -9.193055803604579523e-01 7.867396312224741450e-01 -1.056069953914402504e-01 -4.949344890718521128e-02 -9.468015066670432134e-02 -7.603896209627691860e-02 6.616908387606486031e-01 -6.212975741685227149e-01 1.120071705136638229e-01 5.413359607040888477e-01 -1.318158255594141792e+00 -2.850680053864493857e-01
1.210679222546559686e+00 7.730661451350329116e-01 4.714471565648636897e-01 4.339257780461593939e-01 -3.125673116329608092e-02 1.658389563385753718e-02 -2.194733277208342770e-01 -1.686313317532039946e-01 2.142406344698883913e-01 -2.047834633868319543e-01 -3.899289744112479639e-01 1.603218925880014467e-01 -2.546669821302316450e-01 -3.196908633537987043e-02 -2.285594866490896493e-01 -4.621511925249706110e-01 -4.122852048925551571e-02 -2.066165145754439436e-01 -4.991628382373960449e-01 3.194369195600756939e-01 -1.012218433689326957e-01 -3.161606964524139585e-01 1.985698568690850152e-01 -4.553109466235127911e-02 1.989022851943218484e-01 -8.025501680310753727e-02 -9.766398792578456778e-02 1.128926286349951624e-01 -5.478042100384641344e-01 -1.830019476446977933e-01
-5.811663290887167932e-01 -5.529499058421833979e-01 3.481951859764649271e-01 -3.125673116329608092e-02 8.939192282425096892e-01 1.362764595141356949e-01 -4.545289887329317935e-02 2.448218359074303407e-01 -5.867305749397360159e-01 1.119127118990377312e-01 -3.759609299376620584e-01 -1.132909202211180855e-01 1.709779800735304889e-01 -6.563185839274865430e-02 1.479179476705780871e-01 -1.677163642668801913e-01 1.709325247985589158e-01 -2.988175011166163131e-01 -1.596335883794779420e-01 2.847519162001503901e-01 -5.954771432692496091e-02 1.855133475065144921e-01 -1.779248400775941263e-01 1.489705315105993577e-02 2.188088351137480458e-01 -1.919511179341384377e-01 2.621071021384864252e-01 2.980130876808289031e-01 -2.300069365136891975e-01 1.489921127083562169e-01
-1.451012738190229356e-01 -5.866475743324031100e-01 -2.089899825926977428e-01 1.658389563385753718e-02 1.362764595141356949e-01 4.687508894771212908e-01 3.306276161077903453e-02 4.644015322949144320e-01 -3.429751087435306545e-02 6.959581569441297688e-02 5.465646495997589227e-02 -2.703090680080322272e-01 -3.064533297305160886e-02 -6.234664866411776529e-02 -2.998968569625048985e-02 -9.076653231244335984e-02 -1.738438411092033675e-01 -8.668186761593688061e-02 -9.396783114928553005e-02 -7.536252681529731490e-02 2.619938580284042473e-02 5.914828903109992098e-02 -2.057151889687247603e-02 1.261586903690954387e-01 2.402763180509737140e-02 7.897780144827493132e-02 6.547609686799660267e-02 1.580625484989468532e-01 1.844593076724549974e-01 -5.631726714932483446e-02
-8.919033737621475666e-01 -6.548448741816059737e-01 -2.310582571373061000e-01 -2.194733277208342770e-01 -4.545289887329317935e-02 3.306276161077903453e-02 3.277377372583600845e-01 2.377808918666914906e-01 -2.113455627166445083e-01 1.691576863459545166e-01 4.335007874539655859e-01 -1.957846107823115744e-01 7.572456846691011378e-02 9.292070857037515452e-02 2.574730759709495942e-01 3.108100134742812770e-01 4.393443510934957885e-04 1.604971429925399207e-01 2.812854156600224087e-01 -3.747252355676664592e-01 5.503815092009745058e-02 1.842541693934549585e-01 -1.908347682441444704e-01 6.129937913806315919e-02 -1.831506971875569434e-01 3.761495637314737905e-02 2.698160425075002422e-02 -5.444182981608491900e-02 4.636007353093987149e-01 4.383712385674698453e-02
-1.187484771976301090e+00 -1.631230548862674823e+00 -3.802010610614843245e-01 -1.686313317532039946e-01 2.448218359074303407e-01 4.644015322949144320e-01 2.377808918666914906e-01 1.037437043967827321e+00 -1.764544915554893123e-01 3.215103443166071884e-01 6.678490345269665340e-01 -6.202677064881072511e-01 7.544600538057011363e-02 -7.942579340789279740e-02 2.488006418404324904e-01 3.264907901074138863e-01 -3.657642646834347033e-01 1.495973610450960223e-01 1.755575068216899126e-01 -4.206149465112503094e-01 3.964313407948338863e-02 9.544216907937652650e-02 -9.175304260924121991e-02 2.410502187554470765e-01 -7.854517379735170834e-02 1.578577695551075522e-01 1.581104367881493999e-01 2.024341352097280833e-01 4.808231336818948876e-01 -1.246800405837120707e-01
9.825977702457748819e-01 5.471175677818109762e-01 -4.458499021343413915e-01 2.142406344698883913e-01 -5.867305749397360159e-01 -3.429751087435306545e-02 -2.113455627166445083e-01 -1.764544915554893123e-01 8.119394967732205259e-01 -1.368498207693846780e-01 1.685892108203006501e-01 2.463580445850652723e-01 -1.648166814280784820e-01 -1.237865777120532584e-01 -3.067727183799320301e-01 2.734228241337177678e-02 -3.406767953284770556e-01 2.725740631738062802e-01 -4.329402012047012249e-02 -4.989128359028427440e-02 3.906854323986408417e-03 -4.114967650774872254e-01 4.074057718866583855e-01 -2.706754286879231586e-02 -5.925408996432679487e-02 2.422289591710864443e-01 -2.952974353420358966e-01 -1.971228098176425192e-01 -8.780203777610040561e-02 -2.254935479154482891e-01
-8.033712297936403957e-01 -6.923910181548649234e-01 -3.312196878810027556e-01 -2.047834633868319543e-01 1.119127118990377312e-01 6.959581569441297688e-02 1.691576863459545166e-01 3.215103443166071884e-01 -1.368498207693846780e-01 2.470428693933968134e-01 3.408483966945823340e-01 -2.202486871486257769e-01 1.733361837888196533e-01 -4.259890322873616242e-02 2.333925385858606205e-01 3.125820514813995032e-01 -9.674714872016920708e-02 1.842038504737502080e-01 2.265298729132325661e-01 -2.273025951483305107e-01 2.845360482410796976e-02 5.468885243476506730e-02 -7.537474666361276832e-02 7.779697563671561511e-02 -1.363604636160289374e-01 6.293628969535802753e-02 7.563222492467502889e-02 -3.882246433573754985e-02 2.972065370196332879e-01 1.924248270654516091e-02
-1.635451012762644041e+00 -1.552835947696848962e+00 -8.826090874583201185e-01 -3.899289744112479639e-01 -3.759609299376620584e-01 5.465646495997589227e-02 4.335007874539655859e-01 6.678490345269665340e-01 1.685892108203006501e-01 3.408483966945823340e-01 1.311229225345300620e+00 -4.229854798458632104e-01 1.128630299414794536e-01 2.465117191013632691e-02 3.429341199926625450e-01 8.641621193538071566e-01 -4.002171330998294252e-01 6.142664854187955825e-01 7.062010940448146812e-01 -8.802609374358212335e-01 1.300401501214309974e-01 1.259021090293117595e-01 -4.649583139274682253e-02 1.786023290894718230e-01 -3.691705584371902660e-01 3.215384646743473240e-01 -6.776052919497033145e-02 -1.889279738982736490e-01 9.305019212113165850e-01 -1.157328395835861556e-01
9.379244614050890050e-01 8.453672635832276683e-01 -1.127049772155714891e-01 1.603218925880014467e-01 -1.132909202211180855e-01 -2.703090680080322272e-01 -1.957846107823115744e-01 -6.202677064881072511e-01 2.463580445850652723e-01 -2.202486871486257769e-01 -4.229854798458632104e-01 6.589293908818376622e-01 -5.434226404003084099e-02 -1.481733347134195355e-03 -1.682964990636719449e-01 -1.224962160870290973e-01 1.150155508312309394e-01 -7.460266043892715970e-03 -1.046018506055190755e-01 2.045944236506898051e-01 -7.302039079604583094e-02 -1.896376064970297648e-01 1.620121953236548507e-01 -1.834859528249808136e-01 -1.600829599826170124e-02 3.134484240177926040e-02 -1.988974152696982856e-01 -1.951275539217931509e-01 -2.003089175987042836e-01 1.088884791557802600e-01
-7.743836161059221013e-01 -4.293713082345220755e-01 -4.144467440286234705e-01 -2.546669821302316450e-01 1.709779800735304889e-01 -3.064533297305160886e-02 7.572456846691011378e-02 7.544600538057011363e-02 -1.648166814280784820e-01 1.733361837888196533e-01 1.128630299414794536e-01 -5.434226404003084099e-02 3.233955164867552412e-01 -1.086503513924412800e-01 1.742457276533286858e-01 2.915097312210264136e-01 4.331257728807713647e-02 1.275909496176836910e-01 2.982202728645688694e-01 -6.895268087765771270e-02 3.868054302358814311e-02 1.330181475013887393e-01 -1.164439187118659902e-01 7.605718172499109642e-03 -1.570947719597484138e-01 3.964075975289915732e-02 1.252843710008733069e-01 -1.090587554638204892e-01 2.811773380522595289e-01 1.908428886055162366e-01
-2.006122823445934955e-01 -6.702825710283377703e-02 2.112645355404652037e-01 -3.196908633537987043e-02 -6.563185839274865430e-02 -6.234664866411776529e-02 9.292070857037515452e-02 -7.942579340789279740e-02 -1.237865777120532584e-01 -4.259890322873616242e-02 2.465117191013632691e-02 -1.481733347134195355e-03 -1.086503513924412800e-01 2.489431591503148411e-01 4.252984078902954934e-04 -5.775741945512891107e-04 1.571126632663890632e-01 -5.932891433576514828e-02 7.800323536906716981e-02 -1.686523489196360970e-01 5.580327228256010130e-02 2.085309918953726083e-01 -1.485780850372862005e-01 1.102731757021047088e-02 -1.116076289520151477e-03 -4.350308877474162728e-02 -4.445316241481123143e-02 6.068982153294655291e-03 1.421129014274242763e-01 1.287690656585027682e-02
-9.228187476986704496e-01 -7.185505611960820715e-01 -2.496802544318938999e-01 -2.285594866490896493e-01 1.479179476705780871e-01 -2.998968569625048985e-02 2.574730759709495942e-01 2.488006418404324904e-01 -3.067727183799320301e-01 2.333925385858606205e-01 3.429341199926625450e-01 -1.682964990636719449e-01 1.742457276533286858e-01 4.252984078902954934e-04 4.549857883649792711e-01 3.663193850404695695e-01 -1.302766594858439930e-02 1.768398922815777041e-01 2.491341021802782052e-01 -2.797907835702631019e-01 -2.549648101893353669e-02 1.143280521723397669e-01 -1.460560760032763028e-01 3.150508329201784363e-02 -1.721427158322512696e-01 4.082937475408243699e-02 5.663733805408810440e-02 -7.137210273458549636e-02 3.765178573601701828e-01 6.026615365857423967e-02
-1.585530002977748154e+00 -1.239251318889614595e+00 -1.066518684547531848e+00 -4.621511925249706110e-01 -1.677163642668801913e-01 -9.076653231244335984e-02 3.108100134742812770e-01 3.264907901074138863e-01 2.734228241337177678e-02 3.125820514813995032e-01 8.641621193538071566e-01 -1.224962160870290973e-01 2.915097312210264136e-01 -5.775741945512891107e-04 3.663193850404695695e-01 9.479413828439646750e-01 -2.188086698261599850e-01 6.000663037114293274e-01 7.954747546525311463e-01 -6.605419646641337295e-01 8.825574391914869921e-02 1.351306598180883611e-01 -6.545852301900367820e-02 7.041139343220947922e-02 -4.293068129729817883e-01 3.077302880085994730e-01 1.107353928603060922e-02 -3.164603827526093482e-01 8.539714148774919522e-01 1.163126132780689659e-01
-1.114702052296365764e-01 3.606708373951050817e-01 4.764973572611665986e-01 -4.122852048925551571e-02 1.709325247985589158e-01 -1.738438411092033675e-01 4.393443510934957885e-04 -3.657642646834347033e-01 -3.406767953284770556e-01 -9.674714872016920708e-02 -4.002171330998294252e-01 1.150155508312309394e-01 4.331257728807713647e-02 1.571126632663890632e-01 -1.302766594858439930e-02 -2.188086698261599850e-01 4.651942427607309583e-01 -2.527457448961740738e-01 7.325468188810191350e-04 1.419803402778825330e-01 6.238733351324299292e-02 3.263674424982809796e-01 -2.724138269916807076e-01 -9.515818545469301171e-02 6.416187058579225777e-02 -2.131942176243910581e-01 4.677418983141024000e-02 3.323973864485196827e-02 -4.430159759749585646e-02 1.747772817693657998e-01
-5.240984553623775355e-01 -4.970174480636728731e-01 -7.436133206215345126e-01 -2.066165145754439436e-01 -2.988175011166163131e-01 -8.668186761593688061e-02 1.604971429925399207e-01 1.495973610450960223e-01 2.725740631738062802e-01 1.842038504737502080e-01 6.142664854187955825e-01 -7.460266043892715970e-03 1.275909496176836910e-01 -5.932891433576514828e-02 1.768398922815777041e-01 6.000663037114293274e-01 -2.527457448961740738e-01 6.089206178399706459e-01 4.355160051736106652e-01 -4.159481687834727381e-01 3.431056227691442473e-02 -2.066940279778464173e-01 1.452740968759371754e-01 -3.171285820315006276e-03 -2.925416275013787981e-01 2.353704546002290954e-01 -1.386959353819179341e-01 -2.779241153130556086e-01 3.793497817133584249e-01 -1.130235756609181408e-01
-1.757557922211560708e+00 -1.150752901904837699e+00 -9.193055803604579523e-01 -4.991628382373960449e-01 -1.596335883794779420e-01 -9.396783114928553005e-02 2.812854156600224087e-01 1.755575068216899126e-01 -4.329402012047012249e-02 2.265298729132325661e-01 7.062010940448146812e-01 -1.046018506055190755e-01 2.982202728645688694e-01 7.800323536906716981e-02 2.491341021802782052e-01 7.954747546525311463e-01 7.325468188810191350e-04 4.355160051736106652e-01 8.904516995505673549e-01 -6.269941955314948245e-01 1.839972774230318464e-01 4.411044719653887114e-01 -2.224503829781667719e-01 4.249785155448648766e-02 -3.884459043672450207e-01 2.322211747293465578e-01 2.431127950620748379e-02 -2.878991036629088285e-01 9.671151973200267093e-01 2.257125745940697925e-01
1.371642494002912827e+00 1.315156920633739901e+00 7.867396312224741450e-01 3.194369195600756939e-01 2.847519162001503901e-01 -7.536252681529731490e-02 -3.747252355676664592e-01 -4.206149465112503094e-01 -4.989128359028427440e-02 -2.273025951483305107e-01 -8.802609374358212335e-01 2.045944236506898051e-01 -6.895268087765771270e-02 -1.686523489196360970e-01 -2.797907835702631019e-01 -6.605419646641337295e-01 1.419803402778825330e-01 -4.159481687834727381e-01 -6.269941955314948245e-01 8.764302750190040570e-01 -1.334458817723884749e-01 -2.769122858187813563e-01 1.229484359571415553e-01 -1.031006070459739021e-01 3.525017712296971695e-01 -3.053027554445861824e-01 8.871131857580394353e-02 1.918473889851952663e-01 -9.664371350100395830e-01 -2.250597716556512751e-02
-3.995531709841202428e-01 -2.333414657557568717e-01 -1.056069953914402504e-01 -1.012218433689326957e-01 -5.954771432692496091e-02 2.619938580284042473e-02 5.503815092009745058e-02 3.964313407948338863e-02 3.906854323986408417e-03 2.845360482410796976e-02 1.300401501214309974e-01 -7.302039079604583094e-02 3.868054302358814311e-02 5.580327228256010130e-02 -2.549648101893353669e-02 8.825574391914869921e-02 6.238733351324299292e-02 3.431056227691442473e-02 1.839972774230318464e-01 -1.334458817723884749e-01 1.129715021133961272e-01 1.939638456420880175e-01 -1.144185209983561435e-01 1.876193962652905611e-02 -5.801720433964874246e-02 2.079556176209962359e-02 -2.170683631368319766e-02 -2.959683733342899359e-02 2.320827789948793907e-01 2.968067959960762892e-02
-1.462663686840357968e+00 -8.379354229317357294e-01 -4.949344890718521128e-02 -3.161606964524139585e-01 1.855133475065144921e-01 5.914828903109992098e-02 1.842541693934549585e-01 9.544216907937652650e-02 -4.114967650774872254e-01 5.468885243476506730e-02 1.259021090293117595e-01 -1.896376064970297648e-01 1.330181475013887393e-01 2.085309918953726083e-01 1.143280521723397669e-01 1.351306598180883611e-01 3.263674424982809796e-01 -2.066940279778464173e-01 4.411044719653887114e-01 -2.769122858187813563e-01 1.939638456420880175e-01 8.490957568021144652e-01 -4.847291855502930957e-01 4.304734235716978219e-02 -5.876939618607934790e-02 -5.072007363776265265e-02 1.216609331381732773e-01 4.030206397413849118e-02 7.085402887301484043e-01 3.251724972528791113e-01
9.291002270414878694e-01 5.230045304222130653e-01 -9.468015066670432134e-02 1.985698568690850152e-01 -1.779248400775941263e-01 -2.057151889687247603e-02 -1.908347682441444704e-01 -9.175304260924121991e-02 4.074057718866583855e-01 -7.537474666361276832e-02 -4.649583139274682253e-02 1.620121953236548507e-01 -1.164439187118659902e-01 -1.485780850372862005e-01 -1.460560760032763028e-01 -6.545852301900367820e-02 -2.724138269916807076e-01 1.452740968759371754e-01 -2.224503829781667719e-01 1.229484359571415553e-01 -1.144185209983561435e-01 -4.847291855502930957e-01 4.299846788812828891e-01 -3.742837858715120092e-02 7.807256063716749850e-02 1.034068349675294485e-01 -9.333567164316036724e-02 -5.045067135898761990e-02 -4.421792013021672574e-01 -2.082018618081065142e-01
-2.963057355941032256e-01 -3.535911513041014587e-01 -7.603896209627691860e-02 -4.553109466235127911e-02 1.489705315105993577e-02 1.261586903690954387e-01 6.129937913806315919e-02 2.410502187554470765e-01 -2.706754286879231586e-02 7.779697563671561511e-02 1.786023290894718230e-01 -1.834859528249808136e-01 7.605718172499109642e-03 1.102731757021047088e-02 3.150508329201784363e-02 7.041139343220947922e-02 -9.515818545469301171e-02 -3.171285820315006276e-03 4.249785155448648766e-02 -1.031006070459739021e-01 1.876193962652905611e-02 4.304734235716978219e-02 -3.742837858715120092e-02 1.175507795991279636e-01 -6.802052381146950211e-03 2.969077106774875574e-02 3.681204381928182556e-02 4.598016478746558278e-02 1.140099812102448595e-01 -4.102503096584086961e-02
4.896457640456901572e-01 5.212037981912089890e-01 6.616908387606486031e-01 1.989022851943218484e-01 2.188088351137480458e-01 2.402763180509737140e-02 -1.831506971875569434e-01 -7.854517379735170834e-02 -5.925408996432679487e-02 -1.363604636160289374e-01 -3.691705584371902660e-01 -1.600829599826170124e-02 -1.570947719597484138e-01 -1.116076289520151477e-03 -1.721427158322512696e-01 -4.293068129729817883e-01 6.416187058579225777e-02 -2.925416275013787981e-01 -3.884459043672450207e-01 3.525017712296971695e-01 -5.801720433964874246e-02 -5.876939618607934790e-02 7.807256063716749850e-02 -6.802052381146950211e-03 3.837301783334226002e-01 -1.967138968088306683e-01 1.017232792480626813e-02 2.808497185223473025e-01 -5.892031973363600628e-01 -9.112484700176537444e-02
-1.937511090483781118e-01 -4.544547929896225469e-01 -6.212975741685227149e-01 -8.025501680310753727e-02 -1.919511179341384377e-01 7.897780144827493132e-02 3.761495637314737905e-02 1.578577695551075522e-01 2.422289591710864443e-01 6.293628969535802753e-02 3.215384646743473240e-01 3.134484240177926040e-02 3.964075975289915732e-02 -4.350308877474162728e-02 4.082937475408243699e-02 3.077302880085994730e-01 -2.131942176243910581e-01 2.353704546002290954e-01 2.322211747293465578e-01 -3.053027554445861824e-01 2.079556176209962359e-02 -5.072007363776265265e-02 1.034068349675294485e-01 2.969077106774875574e-02 -1.967138968088306683e-01 2.694613303979735974e-01 -6.768544862705994092e-02 -1.587036830105716945e-01 3.561410190278024857e-01 9.745018631633683981e-03
-3.994030967962771683e-01 -2.599312360629824070e-01 1.120071705136638229e-01 -9.766398792578456778e-02 2.621071021384864252e-01 6.547609686799660267e-02 2.698160425075002422e-02 1.581104367881493999e-01 -2.952974353420358966e-01 7.563222492467502889e-02 -6.776052919497033145e-02 -1.988974152696982856e-01 1.252843710008733069e-01 -4.445316241481123143e-02 5.663733805408810440e-02 1.107353928603060922e-02 4.677418983141024000e-02 -1.386959353819179341e-01 2.431127950620748379e-02 8.871131857580394353e-02 -2.170683631368319766e-02 1.216609331381732773e-01 -9.333567164316036724e-02 3.681204381928182556e-02 1.017232792480626813e-02 -6.768544862705994092e-02 3.001659294271803446e-01 1.019495895081945491e-01 -2.253653294383184402e-02 8.349932069165788562e-02
9.823453634169254656e-03 -1.716769987865518488e-02 5.413359607040888477e-01 1.128926286349951624e-01 2.980130876808289031e-01 1.580625484989468532e-01 -5.444182981608491900e-02 2.024341352097280833e-01 -1.971228098176425192e-01 -3.882246433573754985e-02 -1.889279738982736490e-01 -1.951275539217931509e-01 -1.090587554638204892e-01 6.068982153294655291e-03 -7.137210273458549636e-02 -3.164603827526093482e-01 3.323973864485196827e-02 -2.779241153130556086e-01 -2.878991036629088285e-01 1.918473889851952663e-01 -2.959683733342899359e-02 4.030206397413849118e-02 -5.045067135898761990e-02 4.598016478746558278e-02 2.808497185223473025e-01 -1.587036830105716945e-01 1.019495895081945491e-01 3.628145163328326817e-01 -3.163532393463697190e-01 -7.618458654724236112e-02
-2.118250567646839500e+00 -1.915213289905295824e+00 -1.318158255594141792e+00 -5.478042100384641344e-01 -2.300069365136891975e-01 1.844593076724549974e-01 4.636007353093987149e-01 4.808231336818948876e-01 -8.780203777610040561e-02 2.972065370196332879e-01 9.305019212113165850e-01 -2.003089175987042836e-01 2.811773380522595289e-01 1.421129014274242763e-01 3.765178573601701828e-01 8.539714148774919522e-01 -4.430159759749585646e-02 3.793497817133584249e-01 9.671151973200267093e-01 -9.664371350100395830e-01 2.320827789948793907e-01 7.085402887301484043e-01 -4.421792013021672574e-01 1.140099812102448595e-01 -5.892031973363600628e-01 3.561410190278024857e-01 -2.253653294383184402e-02 -3.163532393463697190e-01 1.688559441610834710e+00 3.423863837492149287e-01
-5.708094129206529033e-01 -2.176559850596504475e-01 -2.850680053864493857e-01 -1.830019476446977933e-01 1.489921127083562169e-01 -5.631726714932483446e-02 4.383712385674698453e-02 -1.246800405837120707e-01 -2.254935479154482891e-01 1.924248270654516091e-02 -1.157328395835861556e-01 1.088884791557802600e-01 1.908428886055162366e-01 1.287690656585027682e-02 6.026615365857423967e-02 1.163126132780689659e-01 1.747772817693657998e-01 -1.130235756609181408e-01 2.257125745940697925e-01 -2.250597716556512751e-02 2.968067959960762892e-02 3.251724972528791113e-01 -2.082018618081065142e-01 -4.102503096584086961e-02 -9.112484700176537444e-02 9.745018631633683981e-03 8.349932069165788562e-02 -7.618458654724236112e-02 3.423863837492149287e-01 4.385933983465406527e-01
