5.334011143821271617e+00 3.730001614261766463e+00 1.482371542913938356e+00 1.195268029425506029e+00 -4.238282833060793564e-01 -2.277910141258416843e-01 -8.695427214943265426e-01 -1.235742270879995885e+00 6.929983504736014766e-01 -7.840690717044935809e-01 -1.806020821046729452e+00 7.852549899839686987e-01 -7.362238476451921088e-01 -3.156722621983476529e-01 -9.967113755495233818e-01 -1.515857975345056730e+00 -3.536562367599458412e-01 -3.911691472717393481e-01 -1.711061824069815884e+00 1.185467512985496796e+00 -1.890488179663520896e-01 -1.443417410869585638e+00 9.968767020323525685e-01 -1.117322700499130406e-01 4.789064422120645759e-01 1.630816319254790869e-02 -4.203199019748353749e-01 5.198662576327706120e-02 -1.793734988635662830e+00 -6.238527037924086471e-01
3.730001614261766463e+00 3.981534085697546743e+00 1.549172867628271888e+00 8.086317723411866609e-01 -4.914483682708805645e-01 -6.344230195213071966e-01 -6.493071266862671109e-01 -1.667550308413979110e+00 3.567757890500615758e-01 -6.899306909567144430e-01 -1.731445576364080807e+00 7.452185734285876606e-01 -4.178787846907994208e-01 -2.107418471790083458e-01 -8.225272367002389728e-01 -1.208487704523406592e+00 9.189393812096113834e-02 -3.022635409613485535e-01 -1.152026806299119244e+00 1.189480495430927931e+00 -5.234492547350555469e-02 -9.063836622566725509e-01 7.041180714872439239e-01 -2.104596814024262130e-01 5.018563440930847719e-01 -2.007548652705963832e-01 -3.358156554152742501e-01 -1.647547899119672365e-02 -1.665085431967725071e+00 -2.933322415905763592e-01
1.482371542913938356e+00 1.549172867628271888e+00 2.194635660318454029e+00 5.097184716769334045e-01 3.555309076369894683e-01 -2.045481649637395094e-01 -2.522260203718929006e-01 -4.069151727942426078e-01 -5.196453935826070847e-01 -3.595619335422952645e-01 -1.022276879443950293e+00 -1.594629939387459672e-01 -4.342995271474023866e-01 1.220012207771787871e-01 -3.188527238791607488e-01 -1.106279099209928063e+00 4.142346556917573253e-01 -6.486441839514327512e-01 -9.723056406950263408e-01 7.641978072949768830e-01 1.203198857768938979e-02 -9.744961124141582332e-02 -5.281345394791969738e-04 -3.169074787115278014e-02 6.791849147161315159e-01 -5.310022549787163371e-01 2.158661358191693580e-02 5.508471735607827213e-01 -1.244415019786401899e+00 -3.454090822374382697e-01
1.195268029425506029e+00 8.086317723411866609e-01 5.097184716769334045e-01 4.317414315565883953e-01 -1.839879276781175577e-02 -3.278004731100736535e-03 -2.185563180371445924e-01 -1.988732198980187604e-01 1.646673533414286794e-01 -2.066585447009856580e-01 -4.355948863340017851e-01 1.286007396645914014e-01 -2.500087630065763733e-01 -6.195926769026982583e-02 -2.569267972331203964e-01 -4.438298056320491014e-01 -9.786502609455283164e-02 -1.711873374491688082e-01 -4.879192628572468493e-01 2.714641620804627564e-01 -5.258810080437115175e-02 -3.215811161568353782e-01 2.203750935140647016e-01 -4.636358308800936356e-03 1.910440992876374366e-01 -2.300192461166261637e-02 -1.143654629629509145e-01 1.104999660034877706e-01 -4.647778267650437556e-01 -2.000060514956203406e-01
-4.238282833060793564e-01 -4.914483682708805645e-01 3.555309076369894683e-01 -1.839879276781175577e-02 8.659566257423421121e-01 1.754492589129199587e-01 -8.289979292874249950e-02 2.706324932663051186e-01 -5.335709706209854630e-01 8.705096345221363663e-02 -3.719813823590811808e-01 -1.264172336068440927e-01 1.439305575055982445e-01 -6.105723071908641941e-02 1.443642868852066385e-01 -1.994336401075429421e-01 2.392843520472638374e-01 -2.905660877819400412e-01 -1.965202255282747501e-01 3.270359635505997176e-01 -3.477221066157198948e-02 1.578897390850784177e-01 -1.813185276567423898e-01 -2.222538881756008777e-02 2.301537965032594002e-01 -2.595566887276845591e-01 2.399671248817298874e-01 3.020559559572575381e-01 -3.375475493511430614e-01 9.224037515474492466e-02
-2.277910141258416843e-01 -6.344230195213071966e-01 -2.045481649637395094e-01 -3.278004731100736535e-03 1.754492589129199587e-01 4.913232501799598140e-01 3.459286249500337362e-02 4.919114075466950453e-01 -3.347057271480480267e-02 8.879375821692292448e-02 8.343151644044155546e-02 -2.791521132316461262e-01 -1.400100528604752981e-02 -5.049553287858543626e-02 -9.649173340619654482e-03 -7.427456707392821045e-02 -1.421353496222081958e-01 -1.425289675702856584e-01 -8.659497531749593691e-02 -7.976989330182959748e-02 4.071313375163754245e-03 8.892424867457293658e-02 -7.488043436939051389e-02 1.254694595122600731e-01 2.883757413951570925e-02 4.086522219984090043e-02 8.575725778132436972e-02 1.647904476667463314e-01 1.900469374621707175e-01 -3.727184856387566469e-02
-8.695427214943265426e-01 -6.493071266862671109e-01 -2.522260203718929006e-01 -2.185563180371445924e-01 -8.289979292874249950e-02 3.459286249500337362e-02 3.263671576333990743e-01 2.359224060014639690e-01 -1.555961198394015810e-01 1.617856089460474323e-01 4.652974797309639143e-01 -1.597289870383633570e-01 6.920274120352587488e-02 1.182100087112303299e-01 2.690094788244437041e-01 2.974851651762264737e-01 5.174454515969273416e-02 1.353388041807193076e-01 2.840233408457493169e-01 -3.409821686959730869e-01 1.463265969539406797e-02 1.930139098520839980e-01 -2.093485140949837842e-01 2.356525111764540270e-02 -1.794623176426171085e-01 -8.078584372128716495e-04 2.916329916445192794e-02 -6.431499987598954249e-02 4.121716720172230453e-01 6.124866522361571697e-02
-1.235742270879995885e+00 -1.667550308413979110e+00 -4.069151727942426078e-01 -1.988732198980187604e-01 2.706324932663051186e-01 4.919114075466950453e-01 2.359224060014639690e-01 1.050392248868490697e+00 -1.317359547626324456e-01 3.311796547925496270e-01 7.251107299541104112e-01 -5.728780226104959183e-01 9.461768188617725173e-02 -3.518959299839252708e-02 2.969115376759532410e-01 3.296279151044814171e-01 -2.517126196733556753e-01 4.003350322585674803e-02 1.836146595558147965e-01 -3.752598627510792539e-01 -3.223763281016545079e-02 1.423426116892869686e-01 -1.956913989879467408e-01 1.909091998516032618e-01 -8.090086992353917594e-02 5.077932528308792826e-02 2.030574320009463918e-01 1.982104743841546224e-01 4.284876044777661264e-01 -7.905617105365081443e-02
6.929983504736014766e-01 3.567757890500615758e-01 -5.196453935826070847e-01 1.646673533414286794e-01 -5.335709706209854630e-01 -3.347057271480480267e-02 -1.555961198394015810e-01 -1.317359547626324456e-01 7.385938155508711134e-01 -7.879948278628035041e-02 2.323303651089645427e-01 2.066010222598606560e-01 -1.146429324131190697e-01 -1.316744848897428710e-01 -2.748068374624494936e-01 1.278617581825756133e-01 -4.475329800978897765e-01 2.772621861421384892e-01 3.844481284460243842e-02 -1.589106312094372697e-01 -8.570337947674033785e-03 -3.705525174480897022e-01 3.816585187312853122e-01 4.094756530525955895e-02 -1.032098513429104969e-01 3.296431860246116230e-01 -2.460619892120234908e-01 -2.011709040035043472e-01 1.030175050702837325e-01 -1.808487684392616757e-01
-7.840690717044935809e-01 -6.899306909567144430e-01 -3.595619335422952645e-01 -2.066585447009856580e-01 8.705096345221363663e-02 8.879375821692292448e-02 1.617856089460474323e-01 3.311796547925496270e-01 -7.879948278628035041e-02 2.435068576565981857e-01 3.823847485914484423e-01 -1.926599259753629667e-01 1.694213542386364679e-01 -2.061112273958087826e-02 2.406256869198841741e-01 3.019074623727533435e-01 -5.541030968225868492e-02 1.440084238782901593e-01 2.233001558284115617e-01 -1.958571357250207257e-01 -6.032179797273329314e-03 6.196840172589190843e-02 -1.051186019063266031e-01 4.967451781050158388e-02 -1.335239814541751002e-01 1.816595098478046566e-02 8.700338025619203108e-02 -3.763790915354547906e-02 2.481475467290579218e-01 2.694815370466585591e-02
-1.806020821046729452e+00 -1.731445576364080807e+00 -1.022276879443950293e+00 -4.355948863340017851e-01 -3.719813823590811808e-01 8.343151644044155546e-02 4.652974797309639143e-01 7.251107299541104112e-01 2.323303651089645427e-01 3.823847485914484423e-01 1.439352479382876027e+00 -3.635974238304129358e-01 1.544042747254366077e-01 7.110622680090727954e-02 4.186685259898581535e-01 9.175169653323678176e-01 -3.480598602769191530e-01 5.349293862464605809e-01 7.640772468961074537e-01 -8.654919198969537319e-01 1.049132630157600943e-02 1.703870384155834472e-01 -1.285040528563285989e-01 1.353711064865592562e-01 -4.026861792279987640e-01 2.723708809799063602e-01 2.623144459448667476e-03 -2.097657418020730802e-01 9.375426176757173380e-01 -3.197178302019665352e-02
7.852549899839686987e-01 7.452185734285876606e-01 -1.594629939387459672e-01 1.286007396645914014e-01 -1.264172336068440927e-01 -2.791521132316461262e-01 -1.597289870383633570e-01 -5.728780226104959183e-01 2.066010222598606560e-01 -1.926599259753629667e-01 -3.635974238304129358e-01 5.782417871964753431e-01 -4.223183975324218409e-02 -7.632161766707667994e-03 -1.477774650803098666e-01 -5.317323028526743656e-02 4.408197850290207498e-02 8.500490451083919652e-02 -4.006270086421181986e-02 1.209782418787881397e-01 -2.803581574744384852e-02 -1.858470444306874469e-01 1.855400733200553987e-01 -1.413614222178694035e-01 -4.258396266757813464e-02 9.297321635631305980e-02 -1.937344573673271952e-01 -1.975681430366762470e-01 -1.182660644795987537e-01 7.967719354530800047e-02
-7.362238476451921088e-01 -4.178787846907994208e-01 -4.342995271474023866e-01 -2.500087630065763733e-01 1.439305575055982445e-01 -1.400100528604752981e-02 6.920274120352587488e-02 9.461768188617725173e-02 -1.146429324131190697e-01 1.694213542386364679e-01 1.544042747254366077e-01 -4.223183975324218409e-02 3.159694563481707519e-01 -9.239481892069534297e-02 1.789835364071450385e-01 2.767664326953536147e-01 7.322761323871418426e-02 1.100390310491548007e-01 2.836987361195326685e-01 -2.946378573290076019e-02 1.820065303741102980e-02 1.245375001186346253e-01 -1.236755592028657702e-01 -1.920893752418351141e-02 -1.486638143863387995e-01 -6.973629584081209032e-03 1.321183366644049784e-01 -1.046998626908930419e-01 2.042061571998488034e-01 1.850428149556933022e-01
-3.156722621983476529e-01 -2.107418471790083458e-01 1.220012207771787871e-01 -6.195926769026982583e-02 -6.105723071908641941e-02 -5.049553287858543626e-02 1.182100087112303299e-01 -3.518959299839252708e-02 -1.316744848897428710e-01 -2.061112273958087826e-02 7.110622680090727954e-02 -7.632161766707667994e-03 -9.239481892069534297e-02 2.592296357615282432e-01 4.141476832927537544e-02 4.345294520953757456e-02 1.725463665306392613e-01 -2.479528298670174991e-02 1.299732057728419932e-01 -2.109344564540265310e-01 4.725723931323955185e-02 2.386679827487796501e-01 -1.634681889146918365e-01 3.129123535927647026e-04 -2.819361942835030277e-02 -2.532207903493599588e-02 -4.123273715543973594e-02 -1.147348416674276450e-02 2.038309897032490881e-01 4.484498380315926624e-02
-9.967113755495233818e-01 -8.225272367002389728e-01 -3.188527238791607488e-01 -2.569267972331203964e-01 1.443642868852066385e-01 -9.649173340619654482e-03 2.690094788244437041e-01 2.969115376759532410e-01 -2.748068374624494936e-01 2.406256869198841741e-01 4.186685259898581535e-01 -1.477774650803098666e-01 1.789835364071450385e-01 4.141476832927537544e-02 4.988494267307714836e-01 3.821690998627786939e-01 7.672402659460431096e-02 1.631588609707819160e-01 2.840011603915684191e-01 -2.652991938550144368e-01 -5.404974844276466683e-02 1.531709587640364134e-01 -2.004121488185433009e-01 -1.996106715137102583e-02 -1.833466552203049105e-01 -2.449596508517970506e-02 7.709781297512563469e-02 -7.097470092998037217e-02 3.346510332450520764e-01 8.599128734903160876e-02
-1.515857975345056730e+00 -1.208487704523406592e+00 -1.106279099209928063e+00 -4.438298056320491014e-01 -1.994336401075429421e-01 -7.427456707392821045e-02 2.974851651762264737e-01 3.296279151044814171e-01 1.278617581825756133e-01 3.019074623727533435e-01 9.175169653323678176e-01 -5.317323028526743656e-02 2.767664326953536147e-01 4.345294520953757456e-02 3.821690998627786939e-01 9.096616691685142086e-01 -1.714124143899766750e-01 5.137735382488983760e-01 7.674718362373198488e-01 -5.738315265958817690e-01 -6.175216659300986066e-03 1.273824815611419581e-01 -9.264717938037847489e-02 2.317027123734760607e-02 -4.122337816201593341e-01 2.329887915497579343e-01 5.080987986917762100e-02 -3.087529180542105678e-01 7.222257749727987175e-01 1.421174971542313870e-01
-3.536562367599458412e-01 9.189393812096113834e-02 4.142346556917573253e-01 -9.786502609455283164e-02 2.392843520472638374e-01 -1.421353496222081958e-01 5.174454515969273416e-02 -2.517126196733556753e-01 -4.475329800978897765e-01 -5.541030968225868492e-02 -3.480598602769191530e-01 4.408197850290207498e-02 7.322761323871418426e-02 1.725463665306392613e-01 7.672402659460431096e-02 -1.714124143899766750e-01 5.210000158385241775e-01 -2.062712231324894674e-01 5.519977770811124174e-02 9.226224716559272565e-02 8.744341115669840292e-02 4.060486078353449102e-01 -3.114012940921497830e-01 -1.081462645407782475e-01 4.691210149013613773e-02 -2.242486798141385407e-01 6.413456852823173904e-02 4.521162777410836497e-02 1.843603307634111843e-02 2.174676488048703504e-01
-3.911691472717393481e-01 -3.022635409613485535e-01 -6.486441839514327512e-01 -1.711873374491688082e-01 -2.905660877819400412e-01 -1.425289675702856584e-01 1.353388041807193076e-01 4.003350322585674803e-02 2.772621861421384892e-01 1.440084238782901593e-01 5.349293862464605809e-01 8.500490451083919652e-02 1.100390310491548007e-01 -2.479528298670174991e-02 1.631588609707819160e-01 5.137735382488983760e-01 -2.062712231324894674e-01 5.171558482046805238e-01 3.755735346752544501e-01 -3.128473331115628753e-01 -2.359061941172058141e-02 -2.054030270505791123e-01 1.303064877337192229e-01 -3.714521183587748965e-02 -2.515909806269291948e-01 1.762132447818203218e-01 -1.115752334822559533e-01 -2.593829236067222155e-01 2.552610141251534515e-01 -7.909681670622603633e-02
-1.711061824069815884e+00 -1.152026806299119244e+00 -9.723056406950263408e-01 -4.879192628572468493e-01 -1.965202255282747501e-01 -8.659497531749593691e-02 2.840233408457493169e-01 1.836146595558147965e-01 3.844481284460243842e-02 2.233001558284115617e-01 7.640772468961074537e-01 -4.006270086421181986e-02 2.836987361195326685e-01 1.299732057728419932e-01 2.840011603915684191e-01 7.674718362373198488e-01 5.519977770811124174e-02 3.755735346752544501e-01 8.724468520783830172e-01 -5.658624833567102996e-01 9.013068219340425458e-02 4.416836764383162972e-01 -2.406521743716041328e-01 -1.009775852929806206e-02 -3.799034812304284969e-01 1.683266237749592165e-01 5.360198909829705372e-02 -2.937403653507146828e-01 8.538701877805578988e-01 2.673086779921050038e-01
1.185467512985496796e+00 1.189480495430927931e+00 7.641978072949768830e-01 2.714641620804627564e-01 3.270359635505997176e-01 -7.976989330182959748e-02 -3.409821686959730869e-01 -3.752598627510792539e-01 -1.589106312094372697e-01 -1.958571357250207257e-01 -8.654919198969537319e-01 1.209782418787881397e-01 -2.946378573290076019e-02 -2.109344564540265310e-01 -2.652991938550144368e-01 -5.738315265958817690e-01 9.226224716559272565e-02 -3.128473331115628753e-01 -5.658624833567102996e-01 7.824129696203385720e-01 -3.095522005986595104e-02 -2.591989602417754668e-01 1.352949449952234318e-01 -6.074945655774399711e-02 3.198172234067442332e-01 -2.465018956901872116e-01 6.861510913068968875e-02 1.884469039847544991e-01 -8.282988751331004096e-01 -4.526030822705706669e-02
-1.890488179663520896e-01 -5.234492547350555469e-02 1.203198857768938979e-02 -5.258810080437115175e-02 -3.477221066157198948e-02 4.071313375163754245e-03 1.463265969539406797e-02 -3.223763281016545079e-02 -8.570337947674033785e-03 -6.032179797273329314e-03 1.049132630157600943e-02 -2.803581574744384852e-02 1.820065303741102980e-02 4.725723931323955185e-02 -5.404974844276466683e-02 -6.175216659300986066e-03 8.744341115669840292e-02 -2.359061941172058141e-02 9.013068219340425458e-02 -3.095522005986595104e-02 8.368130579987109741e-02 1.593726487232913769e-01 -8.963299056068763093e-02 -3.372401786634782184e-03 -1.210134926384398568e-02 -1.394921574291174693e-02 -2.039379205012892271e-02 -1.639116526547468311e-02 1.086994430486356578e-01 3.822954285550395070e-02
-1.443417410869585638e+00 -9.063836622566725509e-01 -9.744961124141582332e-02 -3.215811161568353782e-01 1.578897390850784177e-01 8.892424867457293658e-02 1.930139098520839980e-01 1.423426116892869686e-01 -3.705525174480897022e-01 6.196840172589190843e-02 1.703870384155834472e-01 -1.858470444306874469e-01 1.245375001186346253e-01 2.386679827487796501e-01 1.531709587640364134e-01 1.273824815611419581e-01 4.060486078353449102e-01 -2.054030270505791123e-01 4.416836764383162972e-01 -2.591989602417754668e-01 1.593726487232913769e-01 8.620376389652335547e-01 -4.974371600814890826e-01 -1.006703575944811746e-02 -6.451304908696897655e-02 -9.805959023685772991e-02 1.130169140670886918e-01 1.888788849703360029e-02 6.457423196762306361e-01 3.548336174994233261e-01
9.968767020323525685e-01 7.041180714872439239e-01 -5.281345394791969738e-04 2.203750935140647016e-01 -1.813185276567423898e-01 -7.488043436939051389e-02 -2.093485140949837842e-01 -1.956913989879467408e-01 3.816585187312853122e-01 -1.051186019063266031e-01 -1.285040528563285989e-01 1.855400733200553987e-01 -1.236755592028657702e-01 -1.634681889146918365e-01 -2.004121488185433009e-01 -9.264717938037847489e-02 -3.114012940921497830e-01 1.303064877337192229e-01 -2.406521743716041328e-01 1.352949449952234318e-01 -8.963299056068763093e-02 -4.974371600814890826e-01 4.449611258310710582e-01 -5.563432497467601934e-03 9.332817803746706886e-02 1.262386402591459955e-01 -1.001150271521282775e-01 -4.170023974148762136e-02 -4.302298689165127143e-01 -2.263729013373563248e-01
-1.117322700499130406e-01 -2.104596814024262130e-01 -3.169074787115278014e-02 -4.636358308800936356e-03 -2.222538881756008777e-02 1.254694595122600731e-01 2.356525111764540270e-02 1.909091998516032618e-01 4.094756530525955895e-02 4.967451781050158388e-02 1.353711064865592562e-01 -1.413614222178694035e-01 -1.920893752418351141e-02 3.129123535927647026e-04 -1.996106715137102583e-02 2.317027123734760607e-02 -1.081462645407782475e-01 -3.714521183587748965e-02 -1.009775852929806206e-02 -6.074945655774399711e-02 -3.372401786634782184e-03 -1.006703575944811746e-02 -5.563432497467601934e-03 1.085311933370007864e-01 1.345197228675942824e-02 3.117082725918862707e-02 1.987673429778169520e-02 4.587987024831363669e-02 4.937967730927539378e-02 -6.129440230415639235e-02
4.789064422120645759e-01 5.018563440930847719e-01 6.791849147161315159e-01 1.910440992876374366e-01 2.301537965032594002e-01 2.883757413951570925e-02 -1.794623176426171085e-01 -8.090086992353917594e-02 -1.032098513429104969e-01 -1.335239814541751002e-01 -4.026861792279987640e-01 -4.258396266757813464e-02 -1.486638143863387995e-01 -2.819361942835030277e-02 -1.833466552203049105e-01 -4.122337816201593341e-01 4.691210149013613773e-02 -2.515909806269291948e-01 -3.799034812304284969e-01 3.198172234067442332e-01 -1.210134926384398568e-02 -6.451304908696897655e-02 9.332817803746706886e-02 1.345197228675942824e-02 3.727450871024871049e-01 -1.570946377313475750e-01 -1.704536042643667315e-02 2.756048994747288816e-01 -5.231915474212769368e-01 -1.115967416379817223e-01
1.630816319254790869e-02 -2.007548652705963832e-01 -5.310022549787163371e-01 -2.300192461166261637e-02 -2.595566887276845591e-01 4.086522219984090043e-02 -8.078584372128716495e-04 5.077932528308792826e-02 3.296431860246116230e-01 1.816595098478046566e-02 2.723708809799063602e-01 9.297321635631305980e-02 -6.973629584081209032e-03 -2.532207903493599588e-02 -2.449596508517970506e-02 2.329887915497579343e-01 -2.242486798141385407e-01 1.762132447818203218e-01 1.683266237749592165e-01 -2.465018956901872116e-01 -1.394921574291174693e-02 -9.805959023685772991e-02 1.262386402591459955e-01 3.117082725918862707e-02 -1.570946377313475750e-01 2.535308760523662386e-01 -8.531342958588084002e-02 -1.498511848242287670e-01 2.534642905787336531e-01 -1.610518980066899530e-02
-4.203199019748353749e-01 -3.358156554152742501e-01 2.158661358191693580e-02 -1.143654629629509145e-01 2.399671248817298874e-01 8.575725778132436972e-02 2.916329916445192794e-02 2.030574320009463918e-01 -2.460619892120234908e-01 8.700338025619203108e-02 2.623144459448667476e-03 -1.937344573673271952e-01 1.321183366644049784e-01 -4.123273715543973594e-02 7.709781297512563469e-02 5.080987986917762100e-02 6.413456852823173904e-02 -1.115752334822559533e-01 5.360198909829705372e-02 6.861510913068968875e-02 -2.039379205012892271e-02 1.130169140670886918e-01 -1.001150271521282775e-01 1.987673429778169520e-02 -1.704536042643667315e-02 -8.531342958588084002e-02 2.929558417719704266e-01 8.601605683219304410e-02 -1.592012675581599979e-02 7.449162135975484489e-02
5.198662576327706120e-02 -1.647547899119672365e-02 5.508471735607827213e-01 1.104999660034877706e-01 3.020559559572575381e-01 1.647904476667463314e-01 -6.431499987598954249e-02 1.982104743841546224e-01 -2.011709040035043472e-01 -3.763790915354547906e-02 -2.097657418020730802e-01 -1.975681430366762470e-01 -1.046998626908930419e-01 -1.147348416674276450e-02 -7.097470092998037217e-02 -3.087529180542105678e-01 4.521162777410836497e-02 -2.593829236067222155e-01 -2.937403653507146828e-01 1.884469039847544991e-01 -1.639116526547468311e-02 1.888788849703360029e-02 -4.170023974148762136e-02 4.587987024831363669e-02 2.756048994747288816e-01 -1.498511848242287670e-01 8.601605683219304410e-02 3.521665625474952321e-01 -3.046584599605921539e-01 -1.020449910889169587e-01
-1.793734988635662830e+00 -1.665085431967725071e+00 -1.244415019786401899e+00 -4.647778267650437556e-01 -3.375475493511430614e-01 1.900469374621707175e-01 4.121716720172230453e-01 4.284876044777661264e-01 1.030175050702837325e-01 2.481475467290579218e-01 9.375426176757173380e-01 -1.182660644795987537e-01 2.042061571998488034e-01 2.038309897032490881e-01 3.346510332450520764e-01 7.222257749727987175e-01 1.843603307634111843e-02 2.552610141251534515e-01 8.538701877805578988e-01 -8.282988751331004096e-01 1.086994430486356578e-01 6.457423196762306361e-01 -4.302298689165127143e-01 4.937967730927539378e-02 -5.231915474212769368e-01 2.534642905787336531e-01 -1.592012675581599979e-02 -3.046584599605921539e-01 1.419400195770833761e+00 3.375450190771402958e-01
-6.238527037924086471e-01 -2.933322415905763592e-01 -3.454090822374382697e-01 -2.000060514956203406e-01 9.224037515474492466e-02 -3.727184856387566469e-02 6.124866522361571697e-02 -7.905617105365081443e-02 -1.808487684392616757e-01 2.694815370466585591e-02 -3.197178302019665352e-02 7.967719354530800047e-02 1.850428149556933022e-01 4.484498380315926624e-02 8.599128734903160876e-02 1.421174971542313870e-01 2.174676488048703504e-01 -7.909681670622603633e-02 2.673086779921050038e-01 -4.526030822705706669e-02 3.822954285550395070e-02 3.548336174994233261e-01 -2.263729013373563248e-01 -6.129440230415639235e-02 -1.115967416379817223e-01 -1.610518980066899530e-02 7.449162135975484489e-02 -1.020449910889169587e-01 3.375450190771402958e-01 4.255315160274903974e-01
