5.279756303394606221e+00 3.584198089865310521e+00 1.276329987375447672e+00 1.191738313788391679e+00 -5.026318604004131885e-01 -2.391517034826620147e-01 -8.120338186621438581e-01 -1.295952117142405768e+00 6.103580471898339965e-01 -7.789512586153364282e-01 -1.879623725509532051e+00 8.099634080284090487e-01 -6.912542316111398577e-01 -4.057990647373799220e-01 -1.017843104328107984e+00 -1.532082117568165813e+00 -4.388487589710052816e-01 -2.627111262317498586e-01 -1.732186249294841218e+00 1.236454282779277491e+00 -1.279474267617501937e-01 -1.490768666136943921e+00 1.179919854758225028e+00 -5.403782295996961693e-02 5.053238119616025870e-01 1.832279496077262593e-01 -4.343645266329758670e-01 6.045889710168239617e-02 -1.660943988026645002e+00 -5.605945700873462556e-01
3.584198089865310521e+00 3.753341797029861482e+00 1.361432759465913023e+00 8.034894647503847409e-01 -5.859414301835386141e-01 -6.571433451798043279e-01 -5.590934557008608863e-01 -1.729529697998259508e+00 2.588235209101981127e-01 -6.795173246530907818e-01 -1.782142789848080611e+00 7.616909567168477224e-01 -3.651741543746993557e-01 -2.967170369986433798e-01 -8.230850443246708892e-01 -1.200943374337668956e+00 3.181278303884482739e-03 -2.288478402774671849e-01 -1.149076287345422998e+00 1.223311136174459079e+00 -1.461995998522525042e-02 -9.157645485834962074e-01 8.606196463537116870e-01 -1.247857152762321675e-01 5.098217535920639421e-01 -6.572874156972829951e-03 -3.312629009598708762e-01 -2.793915425530713037e-02 -1.439549955668951498e+00 -2.022018034851953416e-01
1.276329987375447672e+00 1.361432759465913023e+00 1.915176725334788443e+00 4.660673545546956120e-01 2.844893854374959119e-01 -2.571356179923327545e-01 -1.765205269725242943e-01 -4.066636432373798016e-01 -5.563833758615146508e-01 -3.255844484681915674e-01 -9.591727316027345296e-01 -1.615359349347045281e-01 -3.967130775831151368e-01 1.008252849309201338e-01 -2.832224357314885310e-01 -1.025998731087270244e+00 3.538022946746650632e-01 -5.916809606442257063e-01 -9.104698453117521240e-01 7.164367938516420509e-01 4.920263676120839591e-02 -7.503103338058281224e-02 3.892942067381000015e-02 5.512886237158909353e-02 6.342454244066857427e-01 -4.233385298846314981e-01 8.485726601810483771e-02 5.336752998726979058e-01 -1.066740425482578303e+00 -2.544075241390260089e-01
1.191738313788391679e+00 8.034894647503847409e-01 4.660673545546956120e-01 4.284181776222339977e-01 -2.926237175944379487e-02 -2.712351156469594571e-02 -2.083463515007224487e-01 -2.321575035756495708e-01 1.322569245108411451e-01 -2.119022843864968308e-01 -4.668413840740299747e-01 1.475852324971924645e-01 -2.424970728057473934e-01 -7.865835412872002053e-02 -2.593172902486458042e-01 -4.526375766930641475e-01 -1.028427129654119199e-01 -1.408530015101518984e-01 -4.962704102127304395e-01 2.928584827752160891e-01 -3.586509320973618742e-02 -3.299288365165580217e-01 2.621867617619386692e-01 5.296169648602244706e-03 2.050917465030579478e-01 5.472784803203012416e-03 -1.125838440945017283e-01 1.163352847860892325e-01 -4.542439753322469187e-01 -1.754627113613196343e-01
-5.026318604004131885e-01 -5.859414301835386141e-01 2.844893854374959119e-01 -2.926237175944379487e-02 8.536401466773213542e-01 1.823902778894535004e-01 -5.724187590544715931e-02 3.164642767409304724e-01 -5.035030824253112769e-01 1.101169075020607124e-01 -2.951197613330123204e-01 -1.403615561248443555e-01 1.364984913329294614e-01 -5.150464951134381408e-02 1.527247898380323932e-01 -1.480184873449275074e-01 1.847094888659057688e-01 -2.988151489802248761e-01 -1.724654965585443733e-01 2.591559594078489681e-01 -5.022711747324137832e-02 1.578717239436855380e-01 -1.982150808620986027e-01 1.424185749777961973e-02 2.016268217986976197e-01 -2.259487164404276882e-01 2.598757895463563727e-01 3.035057734743986657e-01 -2.572403669441882812e-01 9.918446957630067118e-02
-2.391517034826620147e-01 -6.571433451798043279e-01 -2.571356179923327545e-01 -2.712351156469594571e-02 1.823902778894535004e-01 5.022718631714724324e-01 3.073656630283494451e-02 5.376366793387887810e-01 -6.758218675599891867e-03 1.043456009826968511e-01 1.381224615822134183e-01 -2.784213156052146587e-01 -1.679242958067561631e-02 -4.374626931655711815e-02 1.128550682773266089e-02 -3.698347367168253186e-02 -1.437160314890206791e-01 -1.056825861084575990e-01 -5.836730471256146302e-02 -1.170127080334282255e-01 -3.755983828909847944e-03 8.312973496697395603e-02 -8.733592399948975071e-02 1.040595605288103798e-01 6.106044067109905882e-03 1.975405059829427046e-02 8.130587822910229079e-02 1.541000557285201467e-01 1.710505494459084730e-01 -4.716903233310176802e-02
-8.120338186621438581e-01 -5.590934557008608863e-01 -1.765205269725242943e-01 -2.083463515007224487e-01 -5.724187590544715931e-02 3.073656630283494451e-02 3.052692166098722737e-01 2.161125382642126169e-01 -1.524583997214108422e-01 1.520710172885628708e-01 4.346859897544277374e-01 -1.609095692783739651e-01 5.969898740488588373e-02 1.383497711619270376e-01 2.591842887600250833e-01 2.715258649658380818e-01 8.477922458877173995e-02 1.003667216078270030e-01 2.649344130637132366e-01 -3.190014983995865805e-01 9.223869083200497698e-03 1.967514303696589195e-01 -2.378989714772501429e-01 7.144740734645438351e-03 -1.703127355625042583e-01 -4.701437781574213659e-02 3.419908624118761509e-02 -5.955688646690759924e-02 3.463230123180665032e-01 4.903278056121962436e-02
-1.295952117142405768e+00 -1.729529697998259508e+00 -4.066636432373798016e-01 -2.321575035756495708e-01 3.164642767409304724e-01 5.376366793387887810e-01 2.161125382642126169e-01 1.179134681431150966e+00 -8.825830612255458618e-02 3.568942296359978172e-01 8.397352887780016317e-01 -6.322320488158652552e-01 6.798340910398792403e-02 1.445588492356364441e-02 3.263501302679401306e-01 3.665102799852775206e-01 -2.232232933858995239e-01 4.557420962566993694e-02 2.230622944775291217e-01 -4.498244036486767072e-01 -3.772212836400967717e-02 1.769657422394175228e-01 -2.802002692498604119e-01 1.594194004912310447e-01 -9.984038619154489425e-02 -3.233901290957419405e-02 2.169963480257592892e-01 2.204213173853872831e-01 3.653262807757187147e-01 -1.211009769833140126e-01
6.103580471898339965e-01 2.588235209101981127e-01 -5.563833758615146508e-01 1.322569245108411451e-01 -5.035030824253112769e-01 -6.758218675599891867e-03 -1.524583997214108422e-01 -8.825830612255458618e-02 7.134507484008167921e-01 -6.660205356297410617e-02 2.620966581264951856e-01 2.056120167382005093e-01 -9.113662900102781350e-02 -1.310095241318549597e-01 -2.343257930882032269e-01 1.548676828172119713e-01 -4.053899786079000478e-01 3.251059541860854551e-01 8.047712510281712639e-02 -1.733741603586054225e-01 -2.808408589601185668e-03 -3.430910634596102682e-01 3.667308912680482536e-01 -4.000392438285871322e-03 -1.117381438145343964e-01 3.083724428983032340e-01 -2.661442466256858097e-01 -2.129331950713435617e-01 1.055124532688296313e-01 -1.737474332619513007e-01
-7.789512586153364282e-01 -6.795173246530907818e-01 -3.255844484681915674e-01 -2.119022843864968308e-01 1.101169075020607124e-01 1.043456009826968511e-01 1.520710172885628708e-01 3.568942296359978172e-01 -6.660205356297410617e-02 2.528312572583217843e-01 3.999492931123995731e-01 -2.073651684121387007e-01 1.662561732036920148e-01 -1.663702956250290299e-03 2.503808794835435947e-01 3.078764409519862966e-01 -3.929392796283082134e-02 1.309095876510468770e-01 2.274735423093261488e-01 -2.081049435524278124e-01 -1.880369223982825133e-02 6.546888619561741507e-02 -1.375558368784481900e-01 3.014550626829759494e-02 -1.429857704050618850e-01 -1.608538435084483353e-02 9.040239696514618117e-02 -3.813738332360117056e-02 2.152603148538787536e-01 1.217030411095265663e-02
-1.879623725509532051e+00 -1.782142789848080611e+00 -9.591727316027345296e-01 -4.668413840740299747e-01 -2.951197613330123204e-01 1.381224615822134183e-01 4.346859897544277374e-01 8.397352887780016317e-01 2.620966581264951856e-01 3.999492931123995731e-01 1.535942032619459496e+00 -4.182408974499480792e-01 1.415068534259944499e-01 1.429726628950902523e-01 4.625525078711234528e-01 9.470436411884293193e-01 -2.603496565781711070e-01 5.144379013950128865e-01 8.133197051173794989e-01 -9.262327910006433740e-01 3.182894793894774921e-03 2.339188151148050565e-01 -2.574992781347305026e-01 6.822928720123400126e-02 -4.221945049437181297e-01 1.482735722591428384e-01 4.526303126283437450e-03 -2.017651777705395943e-01 8.544198913874083701e-01 -7.573440024265210013e-02
8.099634080284090487e-01 7.616909567168477224e-01 -1.615359349347045281e-01 1.475852324971924645e-01 -1.403615561248443555e-01 -2.784213156052146587e-01 -1.609095692783739651e-01 -6.322320488158652552e-01 2.056120167382005093e-01 -2.073651684121387007e-01 -4.182408974499480792e-01 6.141143140623626095e-01 -2.311217506752427653e-02 -3.650748739704567924e-02 -1.767469450147700627e-01 -6.601258590467296017e-02 2.087900269606279835e-02 8.105835492085589067e-02 -5.254794022610553839e-02 1.517562581746005890e-01 -2.933124524906816077e-02 -2.048496255546012890e-01 2.261684520674975829e-01 -1.335893630633222529e-01 -3.240526476989202820e-02 1.386298077056835609e-01 -2.160498733050530973e-01 -2.103471357777380035e-01 -7.178294782721650336e-02 9.488992149141495247e-02
-6.912542316111398577e-01 -3.651741543746993557e-01 -3.967130775831151368e-01 -2.424970728057473934e-01 1.364984913329294614e-01 -1.679242958067561631e-02 5.969898740488588373e-02 6.798340910398792403e-02 -9.113662900102781350e-02 1.662561732036920148e-01 1.415068534259944499e-01 -2.311217506752427653e-02 3.186493087771395949e-01 -9.324195326246353943e-02 1.714287282691770997e-01 2.796247459947949210e-01 6.961941491414336269e-02 8.991759729616433106e-02 2.826080326701401191e-01 -2.434665074298436593e-02 -1.999184319174673874e-03 1.106354662907733655e-01 -1.284698363398888432e-01 -2.952903191948053063e-02 -1.603802294854972388e-01 -5.216690298027515382e-03 1.209080754020988024e-01 -1.233416027865246178e-01 2.008407501825786312e-01 1.770280496598957143e-01
-4.057990647373799220e-01 -2.967170369986433798e-01 1.008252849309201338e-01 -7.865835412872002053e-02 -5.150464951134381408e-02 -4.374626931655711815e-02 1.383497711619270376e-01 1.445588492356364441e-02 -1.310095241318549597e-01 -1.663702956250290299e-03 1.429726628950902523e-01 -3.650748739704567924e-02 -9.324195326246353943e-02 2.797149465728807627e-01 6.932553681326680817e-02 7.768841735435216833e-02 1.718289695989483334e-01 -2.090247929618271883e-02 1.555720374595068733e-01 -2.558251419980592800e-01 5.273727799522021087e-02 2.597391010731939787e-01 -1.983083862924672758e-01 1.050679481613769894e-02 -4.204874438181605001e-02 -4.012549486043326397e-02 -3.451731719894723938e-02 -9.935927543608613632e-03 2.335067942156570098e-01 3.328830115401615330e-02
-1.017843104328107984e+00 -8.230850443246708892e-01 -2.832224357314885310e-01 -2.593172902486458042e-01 1.527247898380323932e-01 1.128550682773266089e-02 2.591842887600250833e-01 3.263501302679401306e-01 -2.343257930882032269e-01 2.503808794835435947e-01 4.625525078711234528e-01 -1.767469450147700627e-01 1.714287282691770997e-01 6.932553681326680817e-02 4.881737459001556090e-01 3.957537148932601667e-01 7.516275739743605300e-02 1.362707459697958257e-01 2.976802750419835775e-01 -2.953779434480452437e-01 -6.022141391304103308e-02 1.653977645373743144e-01 -2.421995328225534649e-01 -2.416718198276157636e-02 -1.943318920125989280e-01 -5.243945883267997488e-02 8.278986505013108399e-02 -6.833389343177032060e-02 3.269863838111177756e-01 6.016375391828887587e-02
-1.532082117568165813e+00 -1.200943374337668956e+00 -1.025998731087270244e+00 -4.526375766930641475e-01 -1.480184873449275074e-01 -3.698347367168253186e-02 2.715258649658380818e-01 3.665102799852775206e-01 1.548676828172119713e-01 3.078764409519862966e-01 9.470436411884293193e-01 -6.601258590467296017e-02 2.796247459947949210e-01 7.768841735435216833e-02 3.957537148932601667e-01 9.238228633108462873e-01 -1.226037032394060589e-01 4.774682163250361100e-01 7.915866789199981213e-01 -5.970464266746375870e-01 -2.909002936502247394e-02 1.549324368054385559e-01 -1.697579272479288193e-01 -2.588686702245013294e-02 -4.268848654196801817e-01 1.667319707116234895e-01 3.746715225480556910e-02 -3.177639411200061659e-01 6.803954600597990066e-01 1.184151930226562399e-01
-4.388487589710052816e-01 3.181278303884482739e-03 3.538022946746650632e-01 -1.028427129654119199e-01 1.847094888659057688e-01 -1.437160314890206791e-01 8.477922458877173995e-02 -2.232232933858995239e-01 -4.053899786079000478e-01 -3.929392796283082134e-02 -2.603496565781711070e-01 2.087900269606279835e-02 6.961941491414336269e-02 1.718289695989483334e-01 7.516275739743605300e-02 -1.226037032394060589e-01 4.591470926720830903e-01 -2.074355018386881966e-01 8.681112990265660301e-02 3.818570757135830718e-02 8.974593557934440469e-02 4.075669672839978830e-01 -3.111393988857003023e-01 -5.690777517816059117e-02 2.260687581775755461e-02 -1.782030178194986547e-01 7.055705309261384173e-02 3.220593826131334936e-02 1.158627432189973661e-01 2.033019297518308122e-01
-2.627111262317498586e-01 -2.288478402774671849e-01 -5.916809606442257063e-01 -1.408530015101518984e-01 -2.988151489802248761e-01 -1.056825861084575990e-01 1.003667216078270030e-01 4.557420962566993694e-02 3.251059541860854551e-01 1.309095876510468770e-01 5.144379013950128865e-01 8.105835492085589067e-02 8.991759729616433106e-02 -2.090247929618271883e-02 1.362707459697958257e-01 4.774682163250361100e-01 -2.074355018386881966e-01 5.120644090707173746e-01 3.460880543657651742e-01 -2.962330649838236241e-01 -3.288038565921169720e-02 -2.353732352387112314e-01 1.395301421298427158e-01 -6.647843809855658037e-02 -2.424840506320151690e-01 1.573426011456717788e-01 -1.418191814394731409e-01 -2.633283961673100748e-01 1.953504186604391180e-01 -1.159580809430735826e-01
-1.732186249294841218e+00 -1.149076287345422998e+00 -9.104698453117521240e-01 -4.962704102127304395e-01 -1.724654965585443733e-01 -5.836730471256146302e-02 2.649344130637132366e-01 2.230622944775291217e-01 8.047712510281712639e-02 2.274735423093261488e-01 8.133197051173794989e-01 -5.254794022610553839e-02 2.826080326701401191e-01 1.555720374595068733e-01 2.976802750419835775e-01 7.915866789199981213e-01 8.681112990265660301e-02 3.460880543657651742e-01 9.060061892073463241e-01 -5.952442637728836416e-01 6.794062158107294636e-02 4.655459986286132334e-01 -3.090990552868220220e-01 -4.467216256267647623e-02 -3.988123916190886575e-01 1.145560753799941267e-01 3.792194476886834309e-02 -3.108859356698587817e-01 8.325630092601841170e-01 2.359488938286062876e-01
1.236454282779277491e+00 1.223311136174459079e+00 7.164367938516420509e-01 2.928584827752160891e-01 2.591559594078489681e-01 -1.170127080334282255e-01 -3.190014983995865805e-01 -4.498244036486767072e-01 -1.733741603586054225e-01 -2.081049435524278124e-01 -9.262327910006433740e-01 1.517562581746005890e-01 -2.434665074298436593e-02 -2.558251419980592800e-01 -2.953779434480452437e-01 -5.970464266746375870e-01 3.818570757135830718e-02 -2.962330649838236241e-01 -5.952442637728836416e-01 8.192636389986205359e-01 -2.544987248023744542e-02 -2.961905187565037068e-01 2.199579865138616697e-01 -1.579563156315089145e-02 3.280796759131590079e-01 -1.589855417416856653e-01 7.069286008146491440e-02 1.825415487394934644e-01 -7.690057948976800617e-01 -1.564276615147264238e-02
-1.279474267617501937e-01 -1.461995998522525042e-02 4.920263676120839591e-02 -3.586509320973618742e-02 -5.022711747324137832e-02 -3.755983828909847944e-03 9.223869083200497698e-03 -3.772212836400967717e-02 -2.808408589601185668e-03 -1.880369223982825133e-02 3.182894793894774921e-03 -2.933124524906816077e-02 -1.999184319174673874e-03 5.273727799522021087e-02 -6.022141391304103308e-02 -2.909002936502247394e-02 8.974593557934440469e-02 -3.288038565921169720e-02 6.794062158107294636e-02 -2.544987248023744542e-02 8.395156257097369235e-02 1.519363593673972446e-01 -8.448296058173809797e-02 8.870534293237142265e-04 -2.870508405692362430e-03 -1.951485087846549504e-02 -2.585958978090729943e-02 -1.252506897242255945e-02 8.634973033088044758e-02 2.081575086373277372e-02
-1.490768666136943921e+00 -9.157645485834962074e-01 -7.503103338058281224e-02 -3.299288365165580217e-01 1.578717239436855380e-01 8.312973496697395603e-02 1.967514303696589195e-01 1.769657422394175228e-01 -3.430910634596102682e-01 6.546888619561741507e-02 2.339188151148050565e-01 -2.048496255546012890e-01 1.106354662907733655e-01 2.597391010731939787e-01 1.653977645373743144e-01 1.549324368054385559e-01 4.075669672839978830e-01 -2.353732352387112314e-01 4.655459986286132334e-01 -2.961905187565037068e-01 1.519363593673972446e-01 8.880832636070863373e-01 -5.492945788058136714e-01 3.425264787608739425e-03 -7.635567426896727738e-02 -1.294192422961373268e-01 1.231615835440607043e-01 1.563571169893407387e-02 6.546063871802516587e-01 3.312939617338201970e-01
1.179919854758225028e+00 8.606196463537116870e-01 3.892942067381000015e-02 2.621867617619386692e-01 -1.982150808620986027e-01 -8.733592399948975071e-02 -2.378989714772501429e-01 -2.802002692498604119e-01 3.667308912680482536e-01 -1.375558368784481900e-01 -2.574992781347305026e-01 2.261684520674975829e-01 -1.284698363398888432e-01 -1.983083862924672758e-01 -2.421995328225534649e-01 -1.697579272479288193e-01 -3.111393988857003023e-01 1.395301421298427158e-01 -3.090990552868220220e-01 2.199579865138616697e-01 -8.448296058173809797e-02 -5.492945788058136714e-01 5.183364110517914014e-01 -2.228219003592357694e-02 1.284653332470497844e-01 1.448485622192947631e-01 -1.212635412898066534e-01 -3.849556615159599460e-02 -4.983998412135406397e-01 -2.137953469967897036e-01
-5.403782295996961693e-02 -1.247857152762321675e-01 5.512886237158909353e-02 5.296169648602244706e-03 1.424185749777961973e-02 1.040595605288103798e-01 7.144740734645438351e-03 1.594194004912310447e-01 -4.000392438285871322e-03 3.014550626829759494e-02 6.822928720123400126e-02 -1.335893630633222529e-01 -2.952903191948053063e-02 1.050679481613769894e-02 -2.416718198276157636e-02 -2.588686702245013294e-02 -5.690777517816059117e-02 -6.647843809855658037e-02 -4.467216256267647623e-02 -1.579563156315089145e-02 8.870534293237142265e-04 3.425264787608739425e-03 -2.228219003592357694e-02 9.275022538679422723e-02 4.005356036742568904e-02 -1.072162249801067446e-02 2.900553561840979455e-02 6.806077546144706503e-02 -2.190543983056159050e-02 -5.359579037974526727e-02
5.053238119616025870e-01 5.098217535920639421e-01 6.342454244066857427e-01 2.050917465030579478e-01 2.016268217986976197e-01 6.106044067109905882e-03 -1.703127355625042583e-01 -9.984038619154489425e-02 -1.117381438145343964e-01 -1.429857704050618850e-01 -4.221945049437181297e-01 -3.240526476989202820e-02 -1.603802294854972388e-01 -4.204874438181605001e-02 -1.943318920125989280e-01 -4.268848654196801817e-01 2.260687581775755461e-02 -2.424840506320151690e-01 -3.988123916190886575e-01 3.280796759131590079e-01 -2.870508405692362430e-03 -7.635567426896727738e-02 1.284653332470497844e-01 4.005356036742568904e-02 3.822837808381223113e-01 -1.249013800615443870e-01 -6.373279097260819981e-03 2.830321789518848163e-01 -5.016152397701034715e-01 -9.020213738119764457e-02
1.832279496077262593e-01 -6.572874156972829951e-03 -4.233385298846314981e-01 5.472784803203012416e-03 -2.259487164404276882e-01 1.975405059829427046e-02 -4.701437781574213659e-02 -3.233901290957419405e-02 3.083724428983032340e-01 -1.608538435084483353e-02 1.482735722591428384e-01 1.386298077056835609e-01 -5.216690298027515382e-03 -4.012549486043326397e-02 -5.243945883267997488e-02 1.667319707116234895e-01 -1.782030178194986547e-01 1.573426011456717788e-01 1.145560753799941267e-01 -1.589855417416856653e-01 -1.951485087846549504e-02 -1.294192422961373268e-01 1.448485622192947631e-01 -1.072162249801067446e-02 -1.249013800615443870e-01 2.139495909807465068e-01 -1.005237013652049427e-01 -1.473522854315660879e-01 1.351023674031921473e-01 -1.756074716604416608e-02
-4.343645266329758670e-01 -3.312629009598708762e-01 8.485726601810483771e-02 -1.125838440945017283e-01 2.598757895463563727e-01 8.130587822910229079e-02 3.419908624118761509e-02 2.169963480257592892e-01 -2.661442466256858097e-01 9.040239696514618117e-02 4.526303126283437450e-03 -2.160498733050530973e-01 1.209080754020988024e-01 -3.451731719894723938e-02 8.278986505013108399e-02 3.746715225480556910e-02 7.055705309261384173e-02 -1.418191814394731409e-01 3.792194476886834309e-02 7.069286008146491440e-02 -2.585958978090729943e-02 1.231615835440607043e-01 -1.212635412898066534e-01 2.900553561840979455e-02 -6.373279097260819981e-03 -1.005237013652049427e-01 3.077021432288802316e-01 1.092619739912947807e-01 -3.508095654439102873e-02 6.421301986722482980e-02
6.045889710168239617e-02 -2.793915425530713037e-02 5.336752998726979058e-01 1.163352847860892325e-01 3.035057734743986657e-01 1.541000557285201467e-01 -5.955688646690759924e-02 2.204213173853872831e-01 -2.129331950713435617e-01 -3.813738332360117056e-02 -2.017651777705395943e-01 -2.103471357777380035e-01 -1.233416027865246178e-01 -9.935927543608613632e-03 -6.833389343177032060e-02 -3.177639411200061659e-01 3.220593826131334936e-02 -2.633283961673100748e-01 -3.108859356698587817e-01 1.825415487394934644e-01 -1.252506897242255945e-02 1.563571169893407387e-02 -3.849556615159599460e-02 6.806077546144706503e-02 2.830321789518848163e-01 -1.473522854315660879e-01 1.092619739912947807e-01 3.742233751827939159e-01 -3.131862525976316647e-01 -9.763090557584064300e-02
-1.660943988026645002e+00 -1.439549955668951498e+00 -1.066740425482578303e+00 -4.542439753322469187e-01 -2.572403669441882812e-01 1.710505494459084730e-01 3.463230123180665032e-01 3.653262807757187147e-01 1.055124532688296313e-01 2.152603148538787536e-01 8.544198913874083701e-01 -7.178294782721650336e-02 2.008407501825786312e-01 2.335067942156570098e-01 3.269863838111177756e-01 6.803954600597990066e-01 1.158627432189973661e-01 1.953504186604391180e-01 8.325630092601841170e-01 -7.690057948976800617e-01 8.634973033088044758e-02 6.546063871802516587e-01 -4.983998412135406397e-01 -2.190543983056159050e-02 -5.016152397701034715e-01 1.351023674031921473e-01 -3.508095654439102873e-02 -3.131862525976316647e-01 1.259976977975838963e+00 3.102604771914343473e-01
-5.605945700873462556e-01 -2.022018034851953416e-01 -2.544075241390260089e-01 -1.754627113613196343e-01 9.918446957630067118e-02 -4.716903233310176802e-02 4.903278056121962436e-02 -1.211009769833140126e-01 -1.737474332619513007e-01 1.217030411095265663e-02 -7.573440024265210013e-02 9.488992149141495247e-02 1.770280496598957143e-01 3.328830115401615330e-02 6.016375391828887587e-02 1.184151930226562399e-01 2.033019297518308122e-01 -1.159580809430735826e-01 2.359488938286062876e-01 -1.564276615147264238e-02 2.081575086373277372e-02 3.312939617338201970e-01 -2.137953469967897036e-01 -5.359579037974526727e-02 -9.020213738119764457e-02 -1.756074716604416608e-02 6.421301986722482980e-02 -9.763090557584064300e-02 3.102604771914343473e-01 4.047967958952085610e-01
