5.432330555662701954e+00 3.624516040614366830e+00 1.666935811181645022e+00 1.198271896233450207e+00 -1.512488829681615243e-01 -1.603552129584500108e-01 -8.800470148466956744e-01 -1.129068889241693796e+00 6.872346662099744208e-01 -6.533357089472247026e-01 -1.843644276334430288e+00 6.093759632105957280e-01 -8.399649079553910269e-01 -2.038958359407274656e-01 -9.288855874323189710e-01 -1.559531476047538945e+00 -3.050755598283672043e-01 -3.977834393494958931e-01 -1.764040693986601127e+00 1.116024855875195954e+00 -2.764860425025972290e-02 -1.443954151951118092e+00 8.345661837721536358e-01 -1.581132401003060295e-02 4.497922750828706739e-01 -8.558996838837629184e-02 -5.102556502753259338e-01 6.047973134673156892e-02 -1.856584363341539756e+00 -9.228055259396796828e-01
3.624516040614366830e+00 4.174223307763099911e+00 1.636135080675842346e+00 6.497205710733737760e-01 -1.938781295937701543e-01 -6.934725964154040412e-01 -6.205113247148688060e-01 -1.688454349866788107e+00 3.556967819279748255e-01 -5.257649807556958876e-01 -1.714211301250884389e+00 7.336085674295986792e-01 -4.471621709304827164e-01 -1.813470923941622459e-01 -8.062698674248736097e-01 -1.018119235382528132e+00 -5.943221620066196920e-02 -2.534780202118440684e-01 -1.003100090848050741e+00 8.606209196578902265e-01 2.341401978117119143e-02 -8.729501888558957035e-01 5.021744910634424741e-01 -1.389289303830878453e-01 3.362296437496752333e-01 -2.159918227580988059e-01 -4.484681570273778561e-01 -1.228572428558436513e-01 -1.483703698292458739e+00 -4.082366817220304256e-01
1.666935811181645022e+00 1.636135080675842346e+00 2.672926247898715246e+00 4.477584706459083463e-01 4.552861510252910193e-01 -3.426672760173232746e-02 -3.250565677824397426e-01 -4.687697470074567718e-01 -3.332362714867258546e-01 -2.813928223869766043e-01 -1.029410244056521151e+00 -1.030704798379247222e-01 -3.890471762418883372e-01 1.900560068402228353e-01 -3.309571623846636612e-01 -1.106222353559758176e+00 4.887602761083371661e-01 -6.946388453349072734e-01 -9.148149842940256349e-01 7.144425984187705581e-01 -1.063561628471347831e-01 -1.012396379479696407e-01 -1.187303849539489420e-01 -2.953288152561412971e-01 5.960232455871050661e-01 -6.145870316639729936e-01 -2.429243506496732152e-01 4.070565535216132957e-01 -1.253183562960884956e+00 -5.321462723985064258e-01
1.198271896233450207e+00 6.497205710733737760e-01 4.477584706459083463e-01 4.319296947924158303e-01 1.738140548144428976e-02 6.644833530555160905e-02 -2.163748812871517657e-01 -1.316561355779413134e-01 2.121606452171818091e-01 -1.604286554463101311e-01 -3.987346295629663473e-01 8.586473010268491635e-02 -2.592668890317781916e-01 -3.345480023705249550e-02 -2.173436345588584118e-01 -4.372456841326766153e-01 -8.449390232146924973e-02 -1.458570067505888801e-01 -4.876604273956104407e-01 2.541200290833671716e-01 -2.038399948889946245e-02 -3.329790459246169121e-01 1.950916227923471524e-01 2.891484217798279133e-03 1.641627059403845124e-01 -2.036319339833880804e-02 -1.494570314102929842e-01 9.959232319545208156e-02 -4.476102307894507248e-01 -2.820820582575152002e-01
-1.512488829681615243e-01 -1.938781295937701543e-01 4.552861510252910193e-01 1.738140548144428976e-02 7.349578515817256630e-01 2.118193023232493033e-01 -1.241090899346204424e-01 9.796041505239827529e-02 -3.462968829434771578e-01 9.403880861759716936e-02 -4.520896748893505901e-01 -2.748611231402264821e-02 1.658079738515993995e-01 -8.482651397474683108e-02 2.696409747699135551e-02 -2.238524528773950806e-01 1.825346912377199260e-01 -2.623834758668408540e-01 -2.199943665086436795e-01 3.587971858574405815e-01 -7.268732035419134263e-02 3.914156717041805678e-02 -8.834216423019825015e-02 -1.019668819706112117e-01 2.068809158427029615e-01 -2.069493749348794154e-01 8.582754183322549579e-02 1.959537213222120045e-01 -3.481639785582046898e-01 3.092362130377068752e-02
-1.603552129584500108e-01 -6.934725964154040412e-01 -3.426672760173232746e-02 6.644833530555160905e-02 2.118193023232493033e-01 5.679864978781665741e-01 -2.504642171072646306e-02 5.197896673038258086e-01 -7.696439943930499794e-02 6.054410157111078661e-02 6.007245187106491358e-03 -3.246264493507169391e-01 7.198841984575210518e-03 -7.913249640978392563e-03 2.570345932878126405e-02 -2.288186049397609167e-01 5.081308183275723422e-02 -1.920785674594185366e-01 -1.874784409379515182e-01 1.149896683122051400e-01 6.131574193091182678e-04 1.024150255487370487e-01 -9.477397390094211005e-02 1.654106712442171556e-02 1.249886698884665748e-01 -7.823947267871744771e-02 9.725004749725485453e-02 2.401044803544891693e-01 -2.901942410557012408e-02 -8.015774575886780440e-02
-8.800470148466956744e-01 -6.205113247148688060e-01 -3.250565677824397426e-01 -2.163748812871517657e-01 -1.241090899346204424e-01 -2.504642171072646306e-02 3.109333371268121482e-01 2.069642907891307004e-01 -1.573466304417934225e-01 1.214031765696859111e-01 4.714042599675281053e-01 -8.878161279426421970e-02 9.061592675334395608e-02 8.046068635786696177e-02 2.642596407799828739e-01 3.257154084537319250e-01 3.580612802733185163e-02 1.438769020770109819e-01 3.077115887589911836e-01 -3.305647019325874680e-01 -2.078088638933195398e-02 1.954065870250474291e-01 -1.721865981828045733e-01 1.283317686738882912e-02 -1.768014322962585538e-01 2.890550429509630703e-02 5.550254838965429371e-02 -7.856213603815831448e-02 4.238315765748552622e-01 1.405401792932821081e-01
-1.129068889241693796e+00 -1.688454349866788107e+00 -4.687697470074567718e-01 -1.316561355779413134e-01 9.796041505239827529e-02 5.197896673038258086e-01 2.069642907891307004e-01 1.014442636728006164e+00 -8.619146822650236572e-02 2.514647490083348202e-01 7.275652126776890327e-01 -5.489848746701682103e-01 1.420319542708625704e-01 -2.806086350835812482e-02 3.169516850178979439e-01 2.498936931480670864e-01 -1.048749580402272841e-01 4.615096753497027748e-02 1.258276165277720793e-01 -1.821397819004459961e-01 -4.005799969604595390e-02 1.069216311368563765e-01 -1.377028066137881979e-01 1.221168682338316103e-01 -2.638531521859022178e-02 9.330319351249727333e-03 2.206326758799264098e-01 2.040072700491464275e-01 2.919348373810066732e-01 -8.163819345571710073e-02
6.872346662099744208e-01 3.556967819279748255e-01 -3.332362714867258546e-01 2.121606452171818091e-01 -3.462968829434771578e-01 -7.696439943930499794e-02 -1.573466304417934225e-01 -8.619146822650236572e-02 5.240311595994739946e-01 -1.069542730085686344e-01 1.058162672905496038e-01 8.969541810432701823e-02 -1.806284757279286168e-01 -8.595489663343869324e-02 -2.224131623737548580e-01 -1.687944153326270680e-02 -3.249160887644393370e-01 1.699676208850746661e-01 -1.044217958600768270e-01 -2.673501219254603711e-02 6.953186511447029261e-02 -3.182299482642179100e-01 3.119645915822957249e-01 1.366254419794472597e-01 2.200287853924010051e-02 2.033508916803725697e-01 -1.254881260229581130e-01 -3.693758213779574362e-02 -1.067341348789341282e-01 -2.317485084942632056e-01
-6.533357089472247026e-01 -5.257649807556958876e-01 -2.813928223869766043e-01 -1.604286554463101311e-01 9.403880861759716936e-02 6.054410157111078661e-02 1.214031765696859111e-01 2.514647490083348202e-01 -1.069542730085686344e-01 1.749906994248249248e-01 2.669846164538967059e-01 -1.364649654300933435e-01 1.677547077233043638e-01 -4.174631116916316387e-02 1.863408911389115019e-01 2.208919119420897914e-01 -1.830900534281454384e-02 8.444298645321168806e-02 1.592727148556036809e-01 -1.054980571336727735e-01 -1.212146995123930537e-02 6.141307549080465833e-02 -8.207471908315255860e-02 3.927067085260205204e-02 -7.776396791746265080e-02 -6.617986005608145206e-03 1.033635985527894263e-01 -1.419789995151177209e-02 1.675233954995860586e-01 6.297165914207880633e-02
-1.843644276334430288e+00 -1.714211301250884389e+00 -1.029410244056521151e+00 -3.987346295629663473e-01 -4.520896748893505901e-01 6.007245187106491358e-03 4.714042599675281053e-01 7.275652126776890327e-01 1.058162672905496038e-01 2.669846164538967059e-01 1.431949350768491058e+00 -3.889001334869135462e-01 1.598002318968951840e-01 4.668514296361081506e-02 4.396576890318897313e-01 8.407272988915792666e-01 -2.595850206787417846e-01 4.572501424079291610e-01 6.889179372415412672e-01 -7.032138234598050985e-01 9.956609646224023891e-03 2.097566066216813851e-01 -1.019416168770135300e-01 2.013733701292608202e-01 -2.913943486512380332e-01 2.174632665967806133e-01 1.592234538600791893e-01 -1.038170197963950159e-01 8.073779728252929999e-01 3.902589163504899261e-02
6.093759632105957280e-01 7.336085674295986792e-01 -1.030704798379247222e-01 8.586473010268491635e-02 -2.748611231402264821e-02 -3.246264493507169391e-01 -8.878161279426421970e-02 -5.489848746701682103e-01 8.969541810432701823e-02 -1.364649654300933435e-01 -3.889001334869135462e-01 5.162113317454668504e-01 -8.641185696910724801e-02 -5.618056444234298397e-03 -1.483346515906873719e-01 -2.581301621231091303e-02 -3.578549170214273545e-02 5.818414848471320511e-02 -2.559800306244142121e-02 2.096805554293723617e-02 3.362779837459584087e-03 -1.319121162605085829e-01 1.505092061343589194e-01 -3.455394322924121298e-02 -4.253256423453422030e-02 1.233175657637843869e-01 -1.620542695765152530e-01 -1.577261408943400056e-01 -2.162888764985382295e-02 1.051867548638938388e-01
-8.399649079553910269e-01 -4.471621709304827164e-01 -3.890471762418883372e-01 -2.592668890317781916e-01 1.658079738515993995e-01 7.198841984575210518e-03 9.061592675334395608e-02 1.420319542708625704e-01 -1.806284757279286168e-01 1.677547077233043638e-01 1.598002318968951840e-01 -8.641185696910724801e-02 3.276344096565253494e-01 -1.162081677061905793e-01 1.594450633174346876e-01 2.690689588064287818e-01 4.858815767511259764e-02 7.565737223438873116e-02 2.739779787439715619e-01 -4.509223391164596251e-02 1.030908136999642011e-02 1.589425802894197659e-01 -1.302964460561497617e-01 -2.587755175795791729e-04 -1.232280055032788368e-01 -1.304007110519478374e-02 1.738513781609754005e-01 -6.553494771742407465e-02 2.355706108060644510e-01 2.298842781409007330e-01
-2.038958359407274656e-01 -1.813470923941622459e-01 1.900560068402228353e-01 -3.345480023705249550e-02 -8.482651397474683108e-02 -7.913249640978392563e-03 8.046068635786696177e-02 -2.806086350835812482e-02 -8.595489663343869324e-02 -4.174631116916316387e-02 4.668514296361081506e-02 -5.618056444234298397e-03 -1.162081677061905793e-01 2.636138347785390579e-01 1.276197411158364048e-02 -1.183392924997406226e-02 1.740356004738714546e-01 -4.850374068956853080e-02 9.811952306105808930e-02 -1.774181841543054361e-01 8.908968145590279164e-03 2.263495185865167514e-01 -1.448874684099337173e-01 -3.964670032064532279e-02 -6.538820064804440335e-03 -2.490234854150230603e-02 -5.603524422514283287e-02 8.747249483974428585e-03 1.571079645558484117e-01 3.194535183098423659e-02
-9.288855874323189710e-01 -8.062698674248736097e-01 -3.309571623846636612e-01 -2.173436345588584118e-01 2.696409747699135551e-02 2.570345932878126405e-02 2.642596407799828739e-01 3.169516850178979439e-01 -2.224131623737548580e-01 1.863408911389115019e-01 4.396576890318897313e-01 -1.483346515906873719e-01 1.594450633174346876e-01 1.276197411158364048e-02 4.267591435886401996e-01 3.530604102991219406e-01 2.290776561238772047e-02 1.304835398548220837e-01 2.576995111527082827e-01 -2.656350379843388509e-01 -7.387810084134116551e-02 1.487765297546275178e-01 -1.513267093822037168e-01 1.108114913859026274e-02 -1.605251562067451232e-01 2.555725159714938854e-02 7.989067720023967922e-02 -6.282785319876893482e-02 3.784321992034733739e-01 1.016644486001609948e-01
-1.559531476047538945e+00 -1.018119235382528132e+00 -1.106222353559758176e+00 -4.372456841326766153e-01 -2.238524528773950806e-01 -2.288186049397609167e-01 3.257154084537319250e-01 2.498936931480670864e-01 -1.687944153326270680e-02 2.208919119420897914e-01 8.407272988915792666e-01 -2.581301621231091303e-02 2.690689588064287818e-01 -1.183392924997406226e-02 3.530604102991219406e-01 8.903156197151247397e-01 -1.957394719152034668e-01 4.663408838971747628e-01 7.254931224350968932e-01 -5.087888742691575317e-01 2.642721885933951853e-03 1.388700617888218858e-01 -4.379275635082535700e-02 1.262697008559712231e-01 -3.350567195668361364e-01 2.322063543469994329e-01 1.766006260877475142e-01 -2.385209517353814590e-01 6.792989856061808496e-01 2.528187773989998277e-01
-3.050755598283672043e-01 -5.943221620066196920e-02 4.887602761083371661e-01 -8.449390232146924973e-02 1.825346912377199260e-01 5.081308183275723422e-02 3.580612802733185163e-02 -1.048749580402272841e-01 -3.249160887644393370e-01 -1.830900534281454384e-02 -2.595850206787417846e-01 -3.578549170214273545e-02 4.858815767511259764e-02 1.740356004738714546e-01 2.290776561238772047e-02 -1.957394719152034668e-01 4.287233428233889754e-01 -2.238816451489924475e-01 5.310509946770025635e-02 8.964464416123973933e-03 1.821902093968219560e-02 4.007560911763050626e-01 -3.035658664722973299e-01 -1.685977165387839705e-01 1.929870043255732526e-02 -1.771091239439215315e-01 7.106160394982907746e-04 4.606399836490027155e-02 1.103092016775235606e-01 1.717720277487728708e-01
-3.977834393494958931e-01 -2.534780202118440684e-01 -6.946388453349072734e-01 -1.458570067505888801e-01 -2.623834758668408540e-01 -1.920785674594185366e-01 1.438769020770109819e-01 4.615096753497027748e-02 1.699676208850746661e-01 8.444298645321168806e-02 4.572501424079291610e-01 5.818414848471320511e-02 7.565737223438873116e-02 -4.850374068956853080e-02 1.304835398548220837e-01 4.663408838971747628e-01 -2.238816451489924475e-01 4.285597111116032920e-01 3.192571317706551781e-01 -2.877315466535037558e-01 2.274070720955023717e-02 -1.530488735886876839e-01 1.219404138001323190e-01 9.557840930511929400e-02 -2.032868331632755599e-01 1.799140691977640927e-01 -7.572347076973073854e-03 -1.895989382326206396e-01 2.707234011044192812e-01 -1.122557572421101213e-02
-1.764040693986601127e+00 -1.003100090848050741e+00 -9.148149842940256349e-01 -4.876604273956104407e-01 -2.199943665086436795e-01 -1.874784409379515182e-01 3.077115887589911836e-01 1.258276165277720793e-01 -1.044217958600768270e-01 1.592727148556036809e-01 6.889179372415412672e-01 -2.559800306244142121e-02 2.739779787439715619e-01 9.811952306105808930e-02 2.576995111527082827e-01 7.254931224350968932e-01 5.310509946770025635e-02 3.192571317706551781e-01 8.342889868493159611e-01 -5.190637295800115680e-01 6.366346361934915876e-02 4.788374047766694730e-01 -2.086714239121931769e-01 2.675327900257684632e-02 -3.122225246103198515e-01 1.640949415122747723e-01 1.586552487849530735e-01 -2.156577139006117250e-01 8.207650813624809416e-01 4.062843130072337772e-01
1.116024855875195954e+00 8.606209196578902265e-01 7.144425984187705581e-01 2.541200290833671716e-01 3.587971858574405815e-01 1.149896683122051400e-01 -3.305647019325874680e-01 -1.821397819004459961e-01 -2.673501219254603711e-02 -1.054980571336727735e-01 -7.032138234598050985e-01 2.096805554293723617e-02 -4.509223391164596251e-02 -1.774181841543054361e-01 -2.656350379843388509e-01 -5.087888742691575317e-01 8.964464416123973933e-03 -2.877315466535037558e-01 -5.190637295800115680e-01 6.362555668161462563e-01 -6.892504047925740451e-03 -2.610063344691582188e-01 9.311699136446804914e-02 -6.614777799023840998e-02 2.490600889743177504e-01 -2.124551759545170171e-01 -1.688220260376738224e-02 1.508081482921852512e-01 -6.825275630192777498e-01 -1.803763800888305013e-01
-2.764860425025972290e-02 2.341401978117119143e-02 -1.063561628471347831e-01 -2.038399948889946245e-02 -7.268732035419134263e-02 6.131574193091182678e-04 -2.078088638933195398e-02 -4.005799969604595390e-02 6.953186511447029261e-02 -1.212146995123930537e-02 9.956609646224023891e-03 3.362779837459584087e-03 1.030908136999642011e-02 8.908968145590279164e-03 -7.387810084134116551e-02 2.642721885933951853e-03 1.821902093968219560e-02 2.274070720955023717e-02 6.366346361934915876e-02 -6.892504047925740451e-03 7.717143232736134451e-02 6.783450992031703208e-02 -2.724584256912976343e-02 -7.173546470653491269e-04 -2.954997966895689387e-02 1.964935641558440693e-02 -2.318644066536990067e-02 -3.396479875470959087e-02 6.673522763867367757e-02 3.071926764960153378e-02
-1.443954151951118092e+00 -8.729501888558957035e-01 -1.012396379479696407e-01 -3.329790459246169121e-01 3.914156717041805678e-02 1.024150255487370487e-01 1.954065870250474291e-01 1.069216311368563765e-01 -3.182299482642179100e-01 6.141307549080465833e-02 2.097566066216813851e-01 -1.319121162605085829e-01 1.589425802894197659e-01 2.263495185865167514e-01 1.487765297546275178e-01 1.388700617888218858e-01 4.007560911763050626e-01 -1.530488735886876839e-01 4.788374047766694730e-01 -2.610063344691582188e-01 6.783450992031703208e-02 8.302547038623515618e-01 -4.380683261618969482e-01 -1.391769271194789326e-01 -8.524693368838143215e-02 -5.966373182639017614e-02 8.363797791440674700e-02 -1.544298203725702479e-03 6.487635338853863232e-01 4.409430935941145435e-01
8.345661837721536358e-01 5.021744910634424741e-01 -1.187303849539489420e-01 1.950916227923471524e-01 -8.834216423019825015e-02 -9.477397390094211005e-02 -1.721865981828045733e-01 -1.377028066137881979e-01 3.119645915822957249e-01 -8.207471908315255860e-02 -1.019416168770135300e-01 1.505092061343589194e-01 -1.302964460561497617e-01 -1.448874684099337173e-01 -1.513267093822037168e-01 -4.379275635082535700e-02 -3.035658664722973299e-01 1.219404138001323190e-01 -2.086714239121931769e-01 9.311699136446804914e-02 -2.724584256912976343e-02 -4.380683261618969482e-01 3.954801124017421898e-01 9.109820024679038397e-02 7.693150197229670084e-02 1.298350373569405747e-01 -5.273717332403293767e-02 -3.149946384559143553e-02 -3.441674233320668463e-01 -2.306982421333714228e-01
-1.581132401003060295e-02 -1.389289303830878453e-01 -2.953288152561412971e-01 2.891484217798279133e-03 -1.019668819706112117e-01 1.654106712442171556e-02 1.283317686738882912e-02 1.221168682338316103e-01 1.366254419794472597e-01 3.927067085260205204e-02 2.013733701292608202e-01 -3.455394322924121298e-02 -2.587755175795791729e-04 -3.964670032064532279e-02 1.108114913859026274e-02 1.262697008559712231e-01 -1.685977165387839705e-01 9.557840930511929400e-02 2.675327900257684632e-02 -6.614777799023840998e-02 -7.173546470653491269e-04 -1.391769271194789326e-01 9.109820024679038397e-02 1.232685221685869692e-01 -2.923026583113141896e-02 8.686809156728259040e-02 1.928171628111385871e-02 -2.354077061744419552e-02 1.383134810464525799e-02 -7.177656510276619883e-02
4.497922750828706739e-01 3.362296437496752333e-01 5.960232455871050661e-01 1.641627059403845124e-01 2.068809158427029615e-01 1.249886698884665748e-01 -1.768014322962585538e-01 -2.638531521859022178e-02 2.200287853924010051e-02 -7.776396791746265080e-02 -2.913943486512380332e-01 -4.253256423453422030e-02 -1.232280055032788368e-01 -6.538820064804440335e-03 -1.605251562067451232e-01 -3.350567195668361364e-01 1.929870043255732526e-02 -2.032868331632755599e-01 -3.122225246103198515e-01 2.490600889743177504e-01 -2.954997966895689387e-02 -8.524693368838143215e-02 7.693150197229670084e-02 -2.923026583113141896e-02 2.933068731623791336e-01 -1.259941716766093123e-01 -8.824206619846108879e-02 2.030581655755554493e-01 -4.380889459201284808e-01 -1.896476124335890745e-01
-8.558996838837629184e-02 -2.159918227580988059e-01 -6.145870316639729936e-01 -2.036319339833880804e-02 -2.069493749348794154e-01 -7.823947267871744771e-02 2.890550429509630703e-02 9.330319351249727333e-03 2.033508916803725697e-01 -6.617986005608145206e-03 2.174632665967806133e-01 1.233175657637843869e-01 -1.304007110519478374e-02 -2.490234854150230603e-02 2.555725159714938854e-02 2.322063543469994329e-01 -1.771091239439215315e-01 1.799140691977640927e-01 1.640949415122747723e-01 -2.124551759545170171e-01 1.964935641558440693e-02 -5.966373182639017614e-02 1.298350373569405747e-01 8.686809156728259040e-02 -1.259941716766093123e-01 2.492110173455444055e-01 -1.661627470105031534e-02 -1.139372420598192548e-01 2.315677821908366241e-01 7.078444053524890478e-02
-5.102556502753259338e-01 -4.484681570273778561e-01 -2.429243506496732152e-01 -1.494570314102929842e-01 8.582754183322549579e-02 9.725004749725485453e-02 5.550254838965429371e-02 2.206326758799264098e-01 -1.254881260229581130e-01 1.033635985527894263e-01 1.592234538600791893e-01 -1.620542695765152530e-01 1.738513781609754005e-01 -5.603524422514283287e-02 7.989067720023967922e-02 1.766006260877475142e-01 7.106160394982907746e-04 -7.572347076973073854e-03 1.586552487849530735e-01 -1.688220260376738224e-02 -2.318644066536990067e-02 8.363797791440674700e-02 -5.273717332403293767e-02 1.928171628111385871e-02 -8.824206619846108879e-02 -1.661627470105031534e-02 2.723450174309505201e-01 -3.657263087291084958e-03 1.243444889244074147e-01 9.245883236752661105e-02
6.047973134673156892e-02 -1.228572428558436513e-01 4.070565535216132957e-01 9.959232319545208156e-02 1.959537213222120045e-01 2.401044803544891693e-01 -7.856213603815831448e-02 2.040072700491464275e-01 -3.693758213779574362e-02 -1.419789995151177209e-02 -1.038170197963950159e-01 -1.577261408943400056e-01 -6.553494771742407465e-02 8.747249483974428585e-03 -6.282785319876893482e-02 -2.385209517353814590e-01 4.606399836490027155e-02 -1.895989382326206396e-01 -2.156577139006117250e-01 1.508081482921852512e-01 -3.396479875470959087e-02 -1.544298203725702479e-03 -3.149946384559143553e-02 -2.354077061744419552e-02 2.030581655755554493e-01 -1.139372420598192548e-01 -3.657263087291084958e-03 2.508886373288987670e-01 -2.334698585136720794e-01 -1.389071987658212493e-01
-1.856584363341539756e+00 -1.483703698292458739e+00 -1.253183562960884956e+00 -4.476102307894507248e-01 -3.481639785582046898e-01 -2.901942410557012408e-02 4.238315765748552622e-01 2.919348373810066732e-01 -1.067341348789341282e-01 1.675233954995860586e-01 8.073779728252929999e-01 -2.162888764985382295e-02 2.355706108060644510e-01 1.571079645558484117e-01 3.784321992034733739e-01 6.792989856061808496e-01 1.103092016775235606e-01 2.707234011044192812e-01 8.207650813624809416e-01 -6.825275630192777498e-01 6.673522763867367757e-02 6.487635338853863232e-01 -3.441674233320668463e-01 1.383134810464525799e-02 -4.380889459201284808e-01 2.315677821908366241e-01 1.243444889244074147e-01 -2.334698585136720794e-01 1.260263923929528573e+00 5.564981427218071985e-01
-9.228055259396796828e-01 -4.082366817220304256e-01 -5.321462723985064258e-01 -2.820820582575152002e-01 3.092362130377068752e-02 -8.015774575886780440e-02 1.405401792932821081e-01 -8.163819345571710073e-02 -2.317485084942632056e-01 6.297165914207880633e-02 3.902589163504899261e-02 1.051867548638938388e-01 2.298842781409007330e-01 3.194535183098423659e-02 1.016644486001609948e-01 2.528187773989998277e-01 1.717720277487728708e-01 -1.122557572421101213e-02 4.062843130072337772e-01 -1.803763800888305013e-01 3.071926764960153378e-02 4.409430935941145435e-01 -2.306982421333714228e-01 -7.177656510276619883e-02 -1.896476124335890745e-01 7.078444053524890478e-02 9.245883236752661105e-02 -1.389071987658212493e-01 5.564981427218071985e-01 5.970251037699085828e-01
