5.536692642234243067e+00 3.553854825618373070e+00 1.561588302773998294e+00 1.218544858715631563e+00 -3.210921481280593071e-02 -5.496053945247467709e-01 -9.307777452495429316e-01 -1.177667952276237884e+00 -8.825533058518431062e-02 -8.587825304534817406e-01 -2.264463398167038122e+00 2.604557967959522102e-01 -8.904660680039455656e-01 -4.621316859615376416e-01 -1.153747287212922856e+00 -1.684621865943142893e+00 -8.758067396580599961e-01 -2.970562700573964321e-02 -1.774904508003544379e+00 8.732342044192478170e-01 5.804698594325259364e-01 -1.380301163791841645e+00 1.185744897546499033e+00 6.320932254637341430e-01 5.875545679741094318e-01 4.426313078661223699e-01 -3.752544894721268065e-01 1.770630963137023173e-01 -1.243286394900280811e+00 -8.380394256066665548e-01
3.553854825618373070e+00 3.853171947867224389e+00 1.444264867020990550e+00 6.968016204228320021e-01 -1.084868545952417662e-01 -9.393641601995454948e-01 -6.072752466709516739e-01 -1.765694489970940140e+00 -3.133788730274318368e-01 -6.522088336154752142e-01 -2.172586587806335956e+00 5.346670558615755908e-01 -3.624978454968186270e-01 -6.019198480592535816e-01 -1.060011740592756269e+00 -1.005299301293689496e+00 -7.934448661945339154e-01 5.790453238631698696e-02 -9.537719449578219155e-01 6.434129528461198788e-01 4.275493984793570235e-01 -8.686900262356118674e-01 9.857247342215487151e-01 4.623827417389634320e-01 3.692805991607883698e-01 5.533319471876438911e-01 -4.289829588433917706e-01 -1.701940700711475074e-01 -5.935097957592461171e-01 -1.850305429534842006e-01
1.561588302773998294e+00 1.444264867020990550e+00 2.175940693144525540e+00 4.430662973136350047e-01 3.152552571014552996e-01 -3.111423930168371044e-01 -2.376675403201602421e-01 -5.414696546632171703e-01 -6.826568345331907040e-01 -3.665805941981830074e-01 -1.179628318400034459e+00 -2.071673129732403140e-01 -4.125488099198264536e-01 5.015430479420501797e-02 -4.045195473680109899e-01 -1.048150598978452308e+00 2.082742286077063909e-01 -4.433792832053882194e-01 -8.745851415195886602e-01 5.972881007515411511e-01 2.153767669630042292e-01 -8.181398210683710204e-02 1.348889988685755270e-01 1.215767164713383863e-01 6.055242638779532172e-01 -2.237579598569254813e-01 -1.271207632775599450e-01 4.111679383263435739e-01 -8.052694203329338052e-01 -3.369079954831590840e-01
1.218544858715631563e+00 6.968016204228320021e-01 4.430662973136350047e-01 4.308075237105413180e-01 8.069779008997102210e-02 -6.045554741848491176e-02 -2.291827459168871428e-01 -1.810237181258571582e-01 7.762993433061637916e-03 -2.134406931126591189e-01 -5.262299406078341235e-01 3.045943889799218596e-02 -2.646054298123203807e-01 -9.227823341109342437e-02 -2.514161258655462916e-01 -4.721364215797052566e-01 -1.774082047060687728e-01 -7.668265713408572992e-02 -5.001578000554331993e-01 2.258512965469776645e-01 1.121276172786451752e-01 -3.152263186266281991e-01 2.595670049258842482e-01 1.432498297585311775e-01 2.105802438114210418e-01 6.715172520739542961e-02 -9.947568923280414310e-02 1.348173429599910378e-01 -3.531298360864525421e-01 -2.486355486399816073e-01
-3.210921481280593071e-02 -1.084868545952417662e-01 3.152552571014552996e-01 8.069779008997102210e-02 6.242599481750517043e-01 1.644951849307858538e-01 -1.270743375583833767e-01 6.056418084460801765e-02 -2.646668231945454863e-01 2.104186784879402694e-02 -4.266166312216341794e-01 -7.617971212653174007e-03 1.076702230721480191e-01 -9.425246090120253939e-02 1.729017994256309976e-02 -2.287439258391827934e-01 1.776898611648221049e-01 -2.639470130005179271e-01 -2.418184670846130757e-01 3.683216084521063749e-01 -2.465118475680583288e-02 6.716291753548375709e-03 -6.094668431279615106e-02 -4.303063174910448652e-02 2.096853888415353140e-01 -1.997482167377029327e-01 1.181012521445268248e-01 2.039346309402390034e-01 -3.407845100746840217e-01 -1.122759919252303007e-02
-5.496053945247467709e-01 -9.393641601995454948e-01 -3.111423930168371044e-01 -6.045554741848491176e-02 1.644951849307858538e-01 6.487453410853731839e-01 3.641231382215437407e-02 6.796321206324478226e-01 4.419226580046142772e-02 1.440009526093035674e-01 2.889012556320267322e-01 -3.323677083072311689e-01 3.988876237792737811e-02 8.746424761466187192e-02 1.572011738634842004e-01 -7.909219411595813654e-02 2.411751864801203737e-01 -2.022344152616710744e-01 -5.342696653133316431e-02 8.185343941624978470e-02 -6.773815476196887175e-02 1.924586448374725478e-01 -2.467539510073493148e-01 -8.739911904950758981e-02 6.969129742958557472e-02 -2.477375801620382845e-01 1.851522893177275364e-01 2.601285522263765415e-01 -1.096652575952248299e-01 -3.440857766526050909e-02
-9.307777452495429316e-01 -6.072752466709516739e-01 -2.376675403201602421e-01 -2.291827459168871428e-01 -1.270743375583833767e-01 3.641231382215437407e-02 3.327585807812170060e-01 2.074493954192462297e-01 -4.252270777988087502e-02 1.696811654819043724e-01 5.430923732458836639e-01 -5.160831711845048630e-02 1.049302882059350850e-01 1.580033257117179346e-01 3.088207111060796706e-01 3.297257017051151706e-01 1.686927176303925080e-01 7.539728407272150434e-02 3.030056737769086794e-01 -2.769359357855591952e-01 -1.228140950922806951e-01 2.001606163615861078e-01 -2.570047730062015034e-01 -1.198722233130524728e-01 -1.923590132550998533e-01 -9.552060207477097720e-02 3.020848433197897975e-02 -8.794333381837304842e-02 2.865741047494907434e-01 1.236465472320560366e-01
-1.177667952276237884e+00 -1.765694489970940140e+00 -5.414696546632171703e-01 -1.810237181258571582e-01 6.056418084460801765e-02 6.796321206324478226e-01 2.074493954192462297e-01 1.198755838063107149e+00 2.095042032758556161e-01 3.239171806349077087e-01 1.029082036498493835e+00 -5.262713141867152444e-01 8.134053600502966219e-02 1.673528213015060828e-01 4.675770689235037025e-01 2.290962862047649651e-01 2.667604183490084324e-01 -7.712279035331448540e-02 1.083992917930913791e-01 -7.145319905146152450e-02 -1.770924549880419363e-01 1.413808480684224378e-01 -3.644550125920886785e-01 -1.301208907429440842e-01 -2.402981751299648749e-02 -3.840921317266747792e-01 2.866148476736043449e-01 2.911390369185369309e-01 -1.368210721174705213e-01 -1.912499861679179958e-01
-8.825533058518431062e-02 -3.133788730274318368e-01 -6.826568345331907040e-01 7.762993433061637916e-03 -2.646668231945454863e-01 4.419226580046142772e-02 -4.252270777988087502e-02 2.095042032758556161e-01 4.918513977874567900e-01 5.110010446423984831e-02 4.794145102363813749e-01 2.009365925454176249e-02 -1.901064754343906316e-02 -6.433403352832556266e-02 -2.084326854105711391e-02 2.529142041434511157e-01 -2.867880814149543767e-01 2.308294533545449667e-01 1.650602436905899140e-01 -2.069905303778796224e-01 -5.357390713527365733e-03 -1.535622650744130624e-01 1.522240904088789648e-01 7.106764742235327503e-02 -9.759511249922070419e-02 1.706883401948289247e-01 -3.652075857735326281e-02 -7.589119628676144202e-02 1.243278112304437855e-01 -1.126568418788451709e-01
-8.587825304534817406e-01 -6.522088336154752142e-01 -3.665805941981830074e-01 -2.134406931126591189e-01 2.104186784879402694e-02 1.440009526093035674e-01 1.696811654819043724e-01 3.239171806349077087e-01 5.110010446423984831e-02 2.388571150305551782e-01 4.785580048217639160e-01 -1.212034579669420964e-01 1.893987071298397495e-01 3.815555016103644448e-02 2.609203845264573829e-01 3.066568643183700260e-01 1.031492935667301936e-01 5.743124431853630085e-02 2.386611534920461963e-01 -1.193269688741906975e-01 -9.969530435290607784e-02 9.765932467411175821e-02 -1.821118691234460130e-01 -8.129618450226416826e-02 -1.318831194701033382e-01 -1.234414160996379906e-01 1.044994884007905966e-01 -3.680804393951575548e-02 1.122672480124151662e-01 5.082211152341642446e-02
-2.264463398167038122e+00 -2.172586587806335956e+00 -1.179628318400034459e+00 -5.262299406078341235e-01 -4.266166312216341794e-01 2.889012556320267322e-01 5.430923732458836639e-01 1.029082036498493835e+00 4.794145102363813749e-01 4.785580048217639160e-01 1.943677775611774905e+00 -3.244284269330819370e-01 2.247278038467470651e-01 2.849070781772979899e-01 7.123541055214559492e-01 9.861775167123596475e-01 1.321321774709076635e-01 3.260548063371402350e-01 7.978040841078950507e-01 -6.748754437668367245e-01 -2.827084565098516578e-01 2.757962196637322450e-01 -4.238223819438644568e-01 -1.863631949484556571e-01 -4.021093969946605284e-01 -1.853697875028501585e-01 1.845286738300160323e-01 -1.133536239092904907e-01 4.934721974966578273e-01 -1.812508818221658657e-02
2.604557967959522102e-01 5.346670558615755908e-01 -2.071673129732403140e-01 3.045943889799218596e-02 -7.617971212653174007e-03 -3.323677083072311689e-01 -5.160831711845048630e-02 -5.262713141867152444e-01 2.009365925454176249e-02 -1.212034579669420964e-01 -3.244284269330819370e-01 4.622954202301343685e-01 2.914653594967830941e-02 -8.599231143131191857e-02 -1.442175220660715240e-01 1.201611897128316286e-01 -1.822044956502395507e-01 1.204675294414983000e-01 1.268396412278036678e-01 -1.076131067607661862e-01 2.223388670194026417e-02 -7.204445035273465692e-02 1.562006343999655655e-01 3.573150335853370052e-02 -1.014288915685597203e-01 2.687564431188889102e-01 -1.508721752670112437e-01 -2.207783263770011217e-01 2.745037907801588517e-01 1.738024599042091722e-01
-8.904660680039455656e-01 -3.624978454968186270e-01 -4.125488099198264536e-01 -2.646054298123203807e-01 1.076702230721480191e-01 3.988876237792737811e-02 1.049302882059350850e-01 8.134053600502966219e-02 -1.901064754343906316e-02 1.893987071298397495e-01 2.247278038467470651e-01 2.914653594967830941e-02 3.712398682122852733e-01 -1.280646515030525734e-01 1.540486909622700296e-01 3.306284904519998236e-01 9.166090856007258481e-02 2.543095161382780134e-02 3.286203468303767750e-01 -2.211688959681623601e-02 -8.130214574873662059e-02 1.502481548091623154e-01 -1.639261864464174323e-01 -1.000544119939377197e-01 -1.815291661518472210e-01 -5.152108908032460022e-02 1.244740221829943039e-01 -1.384653596187490621e-01 2.227269299172576211e-01 2.399272439982382821e-01
-4.621316859615376416e-01 -6.019198480592535816e-01 5.015430479420501797e-02 -9.227823341109342437e-02 -9.425246090120253939e-02 8.746424761466187192e-02 1.580033257117179346e-01 1.673528213015060828e-01 -6.433403352832556266e-02 3.815555016103644448e-02 2.849070781772979899e-01 -8.599231143131191857e-02 -1.280646515030525734e-01 3.972496528182887232e-01 1.658386387977657250e-01 8.931933795497570827e-02 2.603884550966881761e-01 -1.993696052090854209e-02 1.428800536804999410e-01 -2.613555378518981342e-01 -4.745047778345679035e-02 2.604335253566887332e-01 -2.310799213131531360e-01 -8.154129151006372922e-02 -3.896775106204586336e-02 -8.372040430123206534e-02 -2.624912316741756513e-02 3.265020301671484049e-02 1.624303752757327857e-01 2.204740028003016050e-02
-1.153747287212922856e+00 -1.060011740592756269e+00 -4.045195473680109899e-01 -2.514161258655462916e-01 1.729017994256309976e-02 1.572011738634842004e-01 3.088207111060796706e-01 4.675770689235037025e-01 -2.084326854105711391e-02 2.609203845264573829e-01 7.123541055214559492e-01 -1.442175220660715240e-01 1.540486909622700296e-01 1.658386387977657250e-01 5.636758308186244903e-01 4.031834060887149462e-01 2.532274583442131188e-01 6.544968145061602627e-02 2.968670883106199199e-01 -2.487452792549333935e-01 -1.857593928142478035e-01 1.959478574418085373e-01 -3.222293643683542541e-01 -1.652673098762988957e-01 -1.872236299857377162e-01 -1.991032756365598289e-01 1.020977179577471361e-01 -2.740085585912765964e-02 2.138019022696653337e-01 3.218242132453497106e-02
-1.684621865943142893e+00 -1.005299301293689496e+00 -1.048150598978452308e+00 -4.721364215797052566e-01 -2.287439258391827934e-01 -7.909219411595813654e-02 3.297257017051151706e-01 2.290962862047649651e-01 2.529142041434511157e-01 3.066568643183700260e-01 9.861775167123596475e-01 1.201611897128316286e-01 3.306284904519998236e-01 8.931933795497570827e-02 4.031834060887149462e-01 9.586672338261053028e-01 -3.274427650291045211e-02 3.420330756860323618e-01 8.093657332576924546e-01 -4.825994351055555853e-01 -2.055026470633265490e-01 1.731418285348240715e-01 -1.935062117422603478e-01 -1.345731996451604573e-01 -4.222607739883414979e-01 6.917252238264381958e-02 9.883466970006793417e-02 -3.291674351481219674e-01 5.691277495178610479e-01 2.501924885944504240e-01
-8.758067396580599961e-01 -7.934448661945339154e-01 2.082742286077063909e-01 -1.774082047060687728e-01 1.776898611648221049e-01 2.411751864801203737e-01 1.686927176303925080e-01 2.667604183490084324e-01 -2.867880814149543767e-01 1.031492935667301936e-01 1.321321774709076635e-01 -1.822044956502395507e-01 9.166090856007258481e-02 2.603884550966881761e-01 2.532274583442131188e-01 -3.274427650291045211e-02 5.642874056455298160e-01 -2.373748958252690500e-01 1.412621596006999880e-01 -7.083605655293467862e-02 -6.246429335715220077e-02 4.988820901083386161e-01 -4.472709823857599076e-01 -2.076602836103234040e-01 -2.575928266077198714e-02 -2.623194852922097198e-01 8.913592868231035027e-02 1.080714199898693550e-01 1.726126885673124889e-01 1.846795489930741496e-01
-2.970562700573964321e-02 5.790453238631698696e-02 -4.433792832053882194e-01 -7.668265713408572992e-02 -2.639470130005179271e-01 -2.022344152616710744e-01 7.539728407272150434e-02 -7.712279035331448540e-02 2.308294533545449667e-01 5.743124431853630085e-02 3.260548063371402350e-01 1.204675294414983000e-01 2.543095161382780134e-02 -1.993696052090854209e-02 6.544968145061602627e-02 3.420330756860323618e-01 -2.373748958252690500e-01 4.113286906675739374e-01 2.353252192524166730e-01 -2.416974674403604695e-01 -2.834775560415891960e-03 -2.198256412585806174e-01 1.517885888337104916e-01 1.864340683715681735e-02 -1.882749636166067830e-01 1.536766614889302218e-01 -1.085235440743872459e-01 -2.211294865542186017e-01 1.506551265567281916e-01 -8.974793587867679889e-02
-1.774904508003544379e+00 -9.537719449578219155e-01 -8.745851415195886602e-01 -5.001578000554331993e-01 -2.418184670846130757e-01 -5.342696653133316431e-02 3.030056737769086794e-01 1.083992917930913791e-01 1.650602436905899140e-01 2.386611534920461963e-01 7.978040841078950507e-01 1.268396412278036678e-01 3.286203468303767750e-01 1.428800536804999410e-01 2.968670883106199199e-01 8.093657332576924546e-01 1.412621596006999880e-01 2.353252192524166730e-01 8.842974272785681933e-01 -4.854510245882295294e-01 -1.596642943194410691e-01 4.357947805955575404e-01 -2.867901910244654573e-01 -1.964600768355069249e-01 -4.024660898365937101e-01 7.096916451146739746e-02 6.030374025203855126e-02 -3.222169918802535449e-01 7.065175026930603508e-01 3.997401473170043573e-01
8.732342044192478170e-01 6.434129528461198788e-01 5.972881007515411511e-01 2.258512965469776645e-01 3.683216084521063749e-01 8.185343941624978470e-02 -2.769359357855591952e-01 -7.145319905146152450e-02 -2.069905303778796224e-01 -1.193269688741906975e-01 -6.748754437668367245e-01 -1.076131067607661862e-01 -2.211688959681623601e-02 -2.613555378518981342e-01 -2.487452792549333935e-01 -4.825994351055555853e-01 -7.083605655293467862e-02 -2.416974674403604695e-01 -4.854510245882295294e-01 5.944141548137054087e-01 1.139661189871503666e-01 -2.064002134571012448e-01 1.331772065971108532e-01 9.007469081052477122e-02 2.805591509172700171e-01 -1.359928219309267661e-01 7.098781738801562824e-02 2.131868935438205881e-01 -5.248131558351474268e-01 -1.491235071876531038e-01
5.804698594325259364e-01 4.275493984793570235e-01 2.153767669630042292e-01 1.121276172786451752e-01 -2.465118475680583288e-02 -6.773815476196887175e-02 -1.228140950922806951e-01 -1.770924549880419363e-01 -5.357390713527365733e-03 -9.969530435290607784e-02 -2.827084565098516578e-01 2.223388670194026417e-02 -8.130214574873662059e-02 -4.745047778345679035e-02 -1.857593928142478035e-01 -2.055026470633265490e-01 -6.246429335715220077e-02 -2.834775560415891960e-03 -1.596642943194410691e-01 1.139661189871503666e-01 1.296717255685280179e-01 -7.561999167737099015e-02 9.857340697146810271e-02 5.102398876022107288e-02 6.021748606724486308e-02 5.353302691304406835e-02 -8.770959182675142074e-02 -8.216388182688660891e-03 -9.925511452610180640e-02 -6.890696924148187463e-02
-1.380301163791841645e+00 -8.686900262356118674e-01 -8.181398210683710204e-02 -3.152263186266281991e-01 6.716291753548375709e-03 1.924586448374725478e-01 2.001606163615861078e-01 1.413808480684224378e-01 -1.535622650744130624e-01 9.765932467411175821e-02 2.757962196637322450e-01 -7.204445035273465692e-02 1.502481548091623154e-01 2.604335253566887332e-01 1.959478574418085373e-01 1.731418285348240715e-01 4.988820901083386161e-01 -2.198256412585806174e-01 4.357947805955575404e-01 -2.064002134571012448e-01 -7.561999167737099015e-02 7.701984583340788504e-01 -4.712516446127779091e-01 -2.508966745922975861e-01 -1.071501876510012607e-01 -1.292713625776400477e-01 4.249832943753517611e-02 -2.452571555181748408e-02 4.924044818872346241e-01 4.228582421571900340e-01
1.185744897546499033e+00 9.857247342215487151e-01 1.348889988685755270e-01 2.595670049258842482e-01 -6.094668431279615106e-02 -2.467539510073493148e-01 -2.570047730062015034e-01 -3.644550125920886785e-01 1.522240904088789648e-01 -1.821118691234460130e-01 -4.238223819438644568e-01 1.562006343999655655e-01 -1.639261864464174323e-01 -2.310799213131531360e-01 -3.222293643683542541e-01 -1.935062117422603478e-01 -4.472709823857599076e-01 1.517885888337104916e-01 -2.867901910244654573e-01 1.331772065971108532e-01 9.857340697146810271e-02 -4.712516446127779091e-01 5.140136238209720432e-01 2.029716144925828303e-01 1.457826144435898641e-01 2.233875485413250317e-01 -9.041371848962853619e-02 -3.650331713032528569e-02 -3.287282325906062397e-01 -2.372499994744998730e-01
6.320932254637341430e-01 4.623827417389634320e-01 1.215767164713383863e-01 1.432498297585311775e-01 -4.303063174910448652e-02 -8.739911904950758981e-02 -1.198722233130524728e-01 -1.301208907429440842e-01 7.106764742235327503e-02 -8.129618450226416826e-02 -1.863631949484556571e-01 3.573150335853370052e-02 -1.000544119939377197e-01 -8.154129151006372922e-02 -1.652673098762988957e-01 -1.345731996451604573e-01 -2.076602836103234040e-01 1.864340683715681735e-02 -1.964600768355069249e-01 9.007469081052477122e-02 5.102398876022107288e-02 -2.508966745922975861e-01 2.029716144925828303e-01 1.537949635846302954e-01 9.218536344826588902e-02 8.870793172621915801e-02 -4.361646375184591307e-02 1.562355965626238685e-02 -1.954205589002526722e-01 -1.555563980825809267e-01
5.875545679741094318e-01 3.692805991607883698e-01 6.055242638779532172e-01 2.105802438114210418e-01 2.096853888415353140e-01 6.969129742958557472e-02 -1.923590132550998533e-01 -2.402981751299648749e-02 -9.759511249922070419e-02 -1.318831194701033382e-01 -4.021093969946605284e-01 -1.014288915685597203e-01 -1.815291661518472210e-01 -3.896775106204586336e-02 -1.872236299857377162e-01 -4.222607739883414979e-01 -2.575928266077198714e-02 -1.882749636166067830e-01 -4.024660898365937101e-01 2.805591509172700171e-01 6.021748606724486308e-02 -1.071501876510012607e-01 1.457826144435898641e-01 9.218536344826588902e-02 3.676059137858374015e-01 -7.467490616568284167e-02 -4.717627482659736415e-02 2.719080092127228454e-01 -4.397666268839657278e-01 -2.059205135230968153e-01
4.426313078661223699e-01 5.533319471876438911e-01 -2.237579598569254813e-01 6.715172520739542961e-02 -1.997482167377029327e-01 -2.477375801620382845e-01 -9.552060207477097720e-02 -3.840921317266747792e-01 1.706883401948289247e-01 -1.234414160996379906e-01 -1.853697875028501585e-01 2.687564431188889102e-01 -5.152108908032460022e-02 -8.372040430123206534e-02 -1.991032756365598289e-01 6.917252238264381958e-02 -2.623194852922097198e-01 1.536766614889302218e-01 7.096916451146739746e-02 -1.359928219309267661e-01 5.353302691304406835e-02 -1.292713625776400477e-01 2.233875485413250317e-01 8.870793172621915801e-02 -7.467490616568284167e-02 3.216262454934621928e-01 -1.378406963282259312e-01 -1.754960592507472938e-01 1.528959963509350928e-01 7.307649135339033819e-02
-3.752544894721268065e-01 -4.289829588433917706e-01 -1.271207632775599450e-01 -9.947568923280414310e-02 1.181012521445268248e-01 1.851522893177275364e-01 3.020848433197897975e-02 2.866148476736043449e-01 -3.652075857735326281e-02 1.044994884007905966e-01 1.845286738300160323e-01 -1.508721752670112437e-01 1.244740221829943039e-01 -2.624912316741756513e-02 1.020977179577471361e-01 9.883466970006793417e-02 8.913592868231035027e-02 -1.085235440743872459e-01 6.030374025203855126e-02 7.098781738801562824e-02 -8.770959182675142074e-02 4.249832943753517611e-02 -9.041371848962853619e-02 -4.361646375184591307e-02 -4.717627482659736415e-02 -1.378406963282259312e-01 2.663588707458188765e-01 6.108900357355651067e-02 -6.588109200123426490e-02 7.542455671227799030e-04
1.770630963137023173e-01 -1.701940700711475074e-01 4.111679383263435739e-01 1.348173429599910378e-01 2.039346309402390034e-01 2.601285522263765415e-01 -8.794333381837304842e-02 2.911390369185369309e-01 -7.589119628676144202e-02 -3.680804393951575548e-02 -1.133536239092904907e-01 -2.207783263770011217e-01 -1.384653596187490621e-01 3.265020301671484049e-02 -2.740085585912765964e-02 -3.291674351481219674e-01 1.080714199898693550e-01 -2.211294865542186017e-01 -3.222169918802535449e-01 2.131868935438205881e-01 -8.216388182688660891e-03 -2.452571555181748408e-02 -3.650331713032528569e-02 1.562355965626238685e-02 2.719080092127228454e-01 -1.754960592507472938e-01 6.108900357355651067e-02 3.553375635630118268e-01 -3.534354950235751858e-01 -1.945924685035151924e-01
-1.243286394900280811e+00 -5.935097957592461171e-01 -8.052694203329338052e-01 -3.531298360864525421e-01 -3.407845100746840217e-01 -1.096652575952248299e-01 2.865741047494907434e-01 -1.368210721174705213e-01 1.243278112304437855e-01 1.122672480124151662e-01 4.934721974966578273e-01 2.745037907801588517e-01 2.227269299172576211e-01 1.624303752757327857e-01 2.138019022696653337e-01 5.691277495178610479e-01 1.726126885673124889e-01 1.506551265567281916e-01 7.065175026930603508e-01 -5.248131558351474268e-01 -9.925511452610180640e-02 4.924044818872346241e-01 -3.287282325906062397e-01 -1.954205589002526722e-01 -4.397666268839657278e-01 1.528959963509350928e-01 -6.588109200123426490e-02 -3.534354950235751858e-01 9.432455370293268970e-01 5.122032129135050127e-01
-8.380394256066665548e-01 -1.850305429534842006e-01 -3.369079954831590840e-01 -2.486355486399816073e-01 -1.122759919252303007e-02 -3.440857766526050909e-02 1.236465472320560366e-01 -1.912499861679179958e-01 -1.126568418788451709e-01 5.082211152341642446e-02 -1.812508818221658657e-02 1.738024599042091722e-01 2.399272439982382821e-01 2.204740028003016050e-02 3.218242132453497106e-02 2.501924885944504240e-01 1.846795489930741496e-01 -8.974793587867679889e-02 3.997401473170043573e-01 -1.491235071876531038e-01 -6.890696924148187463e-02 4.228582421571900340e-01 -2.372499994744998730e-01 -1.555563980825809267e-01 -2.059205135230968153e-01 7.307649135339033819e-02 7.542455671227799030e-04 -1.945924685035151924e-01 5.122032129135050127e-01 5.914445477548611052e-01
