5.179461961583001539e+00 3.351835582284820703e+00 2.202545998554910511e+00 1.067595291331826957e+00 7.251103689191609192e-01 -5.327305768719270418e-02 -9.598533389669228200e-01 -6.235943364201830263e-01 -1.162497696613627340e+00 -6.414185048839158299e-01 -2.866279796386152157e+00 -8.997704980791922935e-01 -8.913198561701278777e-01 -7.806265384157882181e-01 -1.920878320916415305e+00 -1.371888512569228169e+00 -2.234676252683641451e+00 -1.137409203598167551e-01 -1.533427015725067122e+00 -3.733360702797767772e-01 1.031533096464102073e+00 -1.264592718343806155e+00 1.067245791241020925e+00 1.620992327063731864e+00 3.702411929859863449e-01 1.471259327163636499e+00 -3.174331925765727647e-01 4.520040835211602825e-02 2.630623304792152339e-01 -3.874768770876926283e-01
3.351835582284820703e+00 4.152634950356684840e+00 1.676589029869774095e+00 5.227325316541850952e-01 2.484572716628008493e-01 -9.715294306419082204e-01 -5.387846818618413636e-01 -1.836133803241693840e+00 -1.056277914014799535e+00 -3.780043335390246284e-01 -2.809661379994395247e+00 5.703631966298416955e-02 -2.580702435672037609e-01 -1.006794555216629306e+00 -1.669637279086600756e+00 -4.404395452067433325e-01 -2.307289424273335499e+00 8.808007136155993066e-02 -6.184176423977021386e-01 -2.558196705878685862e-01 5.131326166652456777e-01 -1.043485523367110090e+00 1.288879324755725975e+00 1.344460732197376274e+00 -3.450193123057943012e-02 1.748864213886520247e+00 -3.725727074086080393e-01 -5.628643525691927607e-01 7.768632524760619162e-01 3.907201327976395078e-01
2.202545998554910511e+00 1.676589029869774095e+00 2.385943547925933217e+00 5.168472600955169582e-01 4.956620793146271353e-01 -1.966638035311234489e-01 -3.809606135812373395e-01 -5.408880807287346215e-01 -1.192840248929940117e+00 -3.980181412081265080e-01 -1.788450883656992119e+00 -6.240488384053719528e-01 -4.262032649966158715e-01 -5.292643260877412104e-01 -1.179677454779607615e+00 -8.804502811295833453e-01 -1.165562296246378082e+00 -9.993481044750751607e-02 -8.153070539173086217e-01 -2.407881986328561652e-01 6.268258583247074966e-01 -3.580026696664901920e-01 6.194099164554813797e-01 8.201942724157902376e-01 4.145812071141108390e-01 9.547854688618144792e-01 -4.433060464966729342e-01 1.249676782679216558e-01 5.185083203696194687e-01 -9.649193328135652337e-02
1.067595291331826957e+00 5.227325316541850952e-01 5.168472600955169582e-01 3.853433037472768774e-01 2.310000343876481566e-01 1.171120500242750495e-01 -2.291873480766071225e-01 -1.593665479879291524e-02 -1.948228131662972373e-01 -1.771103985242916679e-01 -6.033424846834236632e-01 -2.506245356606768837e-01 -2.413915470156098309e-01 -1.636259421684940207e-01 -4.084122728603460928e-01 -4.040158867024388201e-01 -4.100264218680536032e-01 -7.061430359897258313e-02 -4.248272909567276656e-01 -7.433769290003056085e-02 2.350684191235359322e-01 -2.447353668443952301e-01 2.000717902835731365e-01 3.228556125495174456e-01 1.609635703732692491e-01 2.847407334654690203e-01 -1.106941985065077461e-01 1.073656696609646133e-01 2.872473955147825109e-02 -1.567150444427625189e-01
7.251103689191609192e-01 2.484572716628008493e-01 4.956620793146271353e-01 2.310000343876481566e-01 4.739048188013157414e-01 1.756752044776135335e-01 -2.581005215001255237e-01 -8.768647536203388881e-02 -2.915539812909742068e-01 -1.231445240307493805e-01 -6.764041192614058673e-01 -1.875480454309013112e-01 -2.537285163657543308e-02 -2.444136065564066485e-01 -4.216894643137720777e-01 -3.476385362153564529e-01 -3.066722970858108965e-01 -1.429275233734301764e-01 -3.255922422062553778e-01 9.136086589904834909e-02 2.628077665864338996e-01 -1.625101831600090918e-01 1.834015202864520688e-01 2.744548679775107303e-01 1.901176129295549799e-01 2.389412064187013129e-01 -5.958793357166314308e-02 9.613117357042710864e-02 7.911061116146811401e-02 -1.052927805887975410e-01
-5.327305768719270418e-02 -9.715294306419082204e-01 -1.966638035311234489e-01 1.171120500242750495e-01 1.756752044776135335e-01 8.316087452687384030e-01 -1.141443977805352006e-01 8.741165026938801930e-01 1.633254408236552990e-01 1.173851207886400516e-02 3.044027853798070282e-01 -5.106676112824288793e-01 -6.566094553176071713e-02 9.042537493149893635e-02 7.913313127619403531e-02 -3.740392629294433391e-01 4.386461697881145483e-01 -1.628723420254232224e-01 -3.025376543304787447e-01 1.833953132925785212e-01 1.581319251319541763e-01 1.226745902775405739e-01 -2.759036652875579421e-01 -1.193831150611117664e-01 2.527767467013291025e-01 -4.319099411907814101e-01 9.585348323827247441e-02 4.053527960140854702e-01 -3.873185506161007652e-01 -3.384664632702651943e-01
-9.598533389669228200e-01 -5.387846818618413636e-01 -3.809606135812373395e-01 -2.291873480766071225e-01 -2.581005215001255237e-01 -1.141443977805352006e-01 3.620424500862213790e-01 7.313866620421549669e-02 1.535641758691212999e-01 1.727215470027090305e-01 6.603477369504844319e-01 2.060982045705372911e-01 1.301722381420518104e-01 2.181072240466619405e-01 4.912363005038287156e-01 3.454293782262993773e-01 4.067238276083458004e-01 1.042560073951221966e-01 2.923939065472609400e-01 -1.961846008140355480e-02 -2.518276791584526109e-01 1.551666581535755540e-01 -2.339816784022445972e-01 -3.186078875371549657e-01 -1.807063265929400586e-01 -2.972202620681514418e-01 4.308112526297236400e-02 -8.817881097303370552e-02 -1.061212679741174725e-02 6.730376974348928343e-02
-6.235943364201830263e-01 -1.836133803241693840e+00 -5.408880807287346215e-01 -1.593665479879291524e-02 -8.768647536203388881e-02 8.741165026938801930e-01 7.313866620421549669e-02 1.508603070471679075e+00 4.942249207812210443e-01 1.389239533304476026e-01 1.224095245773185070e+00 -6.221164655602819948e-01 -1.182730350959673160e-01 3.469621543239895800e-01 5.873195431933027066e-01 -1.976945362827677855e-01 8.893545439817671650e-01 -4.266203096352683133e-02 -1.710554916332398534e-01 1.777663502757036440e-01 -1.497691992426553043e-03 2.202596310933131463e-01 -5.470774560337758885e-01 -4.135904845485356418e-01 1.877320320914463991e-01 -9.213136744553480639e-01 2.155732793477795894e-01 5.065002953060684376e-01 -7.545711348543022723e-01 -5.504782801667715830e-01
-1.162497696613627340e+00 -1.056277914014799535e+00 -1.192840248929940117e+00 -1.948228131662972373e-01 -2.915539812909742068e-01 1.633254408236552990e-01 1.535641758691212999e-01 4.942249207812210443e-01 8.441453633974447257e-01 1.936404321740496925e-01 1.174280211286259146e+00 2.327087696102694281e-01 1.381705778692321473e-01 2.485917334532246059e-01 5.822950400486774925e-01 4.212039655411672356e-01 5.564593928943963874e-01 4.378289779003807780e-02 3.482458300505300031e-01 1.171347332572167943e-01 -3.360776903460873655e-01 1.318618241232911714e-01 -2.864980012799946962e-01 -4.019799187055923539e-01 -9.137019174994520654e-02 -5.234657163640008548e-01 1.962458437618579410e-01 6.200427763690186111e-02 -4.328956124078899848e-01 -1.316058428119504242e-01
-6.414185048839158299e-01 -3.780043335390246284e-01 -3.980181412081265080e-01 -1.771103985242916679e-01 -1.231445240307493805e-01 1.173851207886400516e-02 1.727215470027090305e-01 1.389239533304476026e-01 1.936404321740496925e-01 2.603003586600607377e-01 4.370413337288141520e-01 3.788266758817826485e-03 1.648556432328405208e-01 1.006539008060940432e-01 3.433841556781089821e-01 3.079475093480823489e-01 2.169737694503055536e-01 6.750399030653397858e-02 1.586323155212880920e-01 1.027801113201576300e-01 -1.510354237991577975e-01 -5.381988697195083660e-02 -1.240078218580720204e-01 -1.299790955826551908e-01 -1.247483825874837748e-01 -2.405831269911118397e-01 1.102054243136763034e-01 -6.735910691440949449e-02 -1.306333154230969740e-01 -5.122825760037130749e-02
-2.866279796386152157e+00 -2.809661379994395247e+00 -1.788450883656992119e+00 -6.033424846834236632e-01 -6.764041192614058673e-01 3.044027853798070282e-01 6.603477369504844319e-01 1.224095245773185070e+00 1.174280211286259146e+00 4.370413337288141520e-01 2.846338659287596329e+00 2.709111423098420346e-01 2.754578887953016419e-01 7.494844124336168534e-01 1.505975244262344859e+00 8.085788132515290272e-01 1.589679484454961766e+00 1.626528798412891774e-01 7.700731374364124804e-01 9.499164082114930352e-02 -6.469251619245142138e-01 6.010020182541779832e-01 -8.943556071824332321e-01 -1.087030437255407378e+00 -2.439503983462145698e-01 -1.385030054945559641e+00 3.601925755536967699e-01 1.610715634126904661e-01 -7.391398530637616204e-01 -2.560083881678565376e-01
-8.997704980791922935e-01 5.703631966298416955e-02 -6.240488384053719528e-01 -2.506245356606768837e-01 -1.875480454309013112e-01 -5.106676112824288793e-01 2.060982045705372911e-01 -6.221164655602819948e-01 2.327087696102694281e-01 3.788266758817826485e-03 2.709111423098420346e-01 8.681161862746762381e-01 2.444153872403944661e-01 6.842283667964466076e-02 2.055925497760995313e-01 4.957237169373343022e-01 1.024498070166259822e-01 6.700961459040399859e-02 5.508468747182462266e-01 -6.343536063053534235e-02 -3.481206259677378512e-01 1.794805519357680623e-01 5.154463309850143560e-03 -2.514044655652014626e-01 -2.423818511921354002e-01 9.415198137270408552e-02 -1.202364990189153104e-02 -2.875759868705927147e-01 2.749734929757323698e-01 3.728378098256257545e-01
-8.913198561701278777e-01 -2.580702435672037609e-01 -4.262032649966158715e-01 -2.413915470156098309e-01 -2.537285163657543308e-02 -6.566094553176071713e-02 1.301722381420518104e-01 -1.182730350959673160e-01 1.381705778692321473e-01 1.648556432328405208e-01 2.754578887953016419e-01 2.444153872403944661e-01 4.348489098710501821e-01 -1.313272314754954095e-01 1.574333844027933083e-01 3.058424314340300043e-01 2.106634524054697977e-01 -2.801012721550932838e-02 2.803923010723963216e-01 2.227246903893842500e-01 -1.252364666549965477e-01 7.726332942908697987e-02 -8.064177819068163444e-02 -1.667526423870526742e-01 -1.285320724362577494e-01 -1.451295751618886243e-01 1.109663974528984909e-01 -1.321313530864358654e-01 4.996874821711116965e-02 1.608794230572812012e-01
-7.806265384157882181e-01 -1.006794555216629306e+00 -5.292643260877412104e-01 -1.636259421684940207e-01 -2.444136065564066485e-01 9.042537493149893635e-02 2.181072240466619405e-01 3.469621543239895800e-01 2.485917334532246059e-01 1.006539008060940432e-01 7.494844124336168534e-01 6.842283667964466076e-02 -1.313272314754954095e-01 6.343483914764078690e-01 6.061689262459140082e-01 2.200891936757898293e-01 6.714087958593495387e-01 8.605314593108914778e-02 2.600611108393593440e-01 -1.775054763100456512e-01 -2.271186234611377586e-01 3.397498221694377207e-01 -4.012891885367366740e-01 -3.989728234187737144e-01 -1.078388120085946866e-01 -4.276460528122925098e-01 6.514785308337422975e-02 4.475668134705301782e-02 -1.445555759090666470e-01 -9.454729693857188977e-03
-1.920878320916415305e+00 -1.669637279086600756e+00 -1.179677454779607615e+00 -4.084122728603460928e-01 -4.216894643137720777e-01 7.913313127619403531e-02 4.912363005038287156e-01 5.873195431933027066e-01 5.822950400486774925e-01 3.433841556781089821e-01 1.505975244262344859e+00 2.055925497760995313e-01 1.574333844027933083e-01 6.061689262459140082e-01 1.282040668630145319e+00 5.827673816364153936e-01 1.166168764703854777e+00 2.108403175012085740e-01 5.399978710396169390e-01 2.866521544723354964e-02 -4.989215009945837664e-01 4.439949547264632201e-01 -6.220224934202178702e-01 -7.827981514112138939e-01 -2.452722327093397325e-01 -8.722158455369140029e-01 1.678742889059208210e-01 1.574827423797842130e-02 -3.087318458984213976e-01 -6.637840559068308721e-02
-1.371888512569228169e+00 -4.404395452067433325e-01 -8.804502811295833453e-01 -4.040158867024388201e-01 -3.476385362153564529e-01 -3.740392629294433391e-01 3.454293782262993773e-01 -1.976945362827677855e-01 4.212039655411672356e-01 3.079475093480823489e-01 8.085788132515290272e-01 4.957237169373343022e-01 3.058424314340300043e-01 2.200891936757898293e-01 5.827673816364153936e-01 8.566344711721569638e-01 2.557382915132961898e-01 1.274931365468034983e-01 6.003551036739906976e-01 9.042601076185974307e-02 -4.313517133547861704e-01 -1.953015839251293073e-02 -1.060098974115248893e-01 -2.524726368208689564e-01 -3.211578223674678156e-01 -2.342022942964376853e-01 1.952306567783921309e-01 -2.996161144213829175e-01 -4.884768816026507920e-02 1.158949423777926313e-01
-2.234676252683641451e+00 -2.307289424273335499e+00 -1.165562296246378082e+00 -4.100264218680536032e-01 -3.066722970858108965e-01 4.386461697881145483e-01 4.067238276083458004e-01 8.893545439817671650e-01 5.564593928943963874e-01 2.169737694503055536e-01 1.589679484454961766e+00 1.024498070166259822e-01 2.106634524054697977e-01 6.714087958593495387e-01 1.166168764703854777e+00 2.557382915132961898e-01 1.666583984426438292e+00 1.483549664266092805e-02 5.390570823829534675e-01 6.002461665173086658e-02 -3.733659689016803895e-01 9.185881942586320292e-01 -9.044093734592024703e-01 -1.016006904120729359e+00 -1.229620627125314059e-01 -1.070111231885277903e+00 1.831597584608175566e-01 2.199205654643492380e-01 -2.885695232591842796e-01 9.321638692210854060e-02
-1.137409203598167551e-01 8.808007136155993066e-02 -9.993481044750751607e-02 -7.061430359897258313e-02 -1.429275233734301764e-01 -1.628723420254232224e-01 1.042560073951221966e-01 -4.266203096352683133e-02 4.378289779003807780e-02 6.750399030653397858e-02 1.626528798412891774e-01 6.700961459040399859e-02 -2.801012721550932838e-02 8.605314593108914778e-02 2.108403175012085740e-01 1.274931365468034983e-01 1.483549664266092805e-02 2.442169440079169362e-01 1.069273857225994107e-01 -6.664348122967567178e-02 -9.791111117255013596e-02 -3.256521397725009592e-02 3.286642089108227083e-02 -1.036581706925971957e-01 -8.158145327240617917e-02 -6.563760266618601236e-02 -5.999029286647328263e-02 -7.966772628282114965e-02 -6.661708627660800630e-02 -4.148331394139859185e-02
-1.533427015725067122e+00 -6.184176423977021386e-01 -8.153070539173086217e-01 -4.248272909567276656e-01 -3.255922422062553778e-01 -3.025376543304787447e-01 2.923939065472609400e-01 -1.710554916332398534e-01 3.482458300505300031e-01 1.586323155212880920e-01 7.700731374364124804e-01 5.508468747182462266e-01 2.803923010723963216e-01 2.600611108393593440e-01 5.399978710396169390e-01 6.003551036739906976e-01 5.390570823829534675e-01 1.069273857225994107e-01 7.047800735628015900e-01 3.427613293959552720e-02 -3.910494853192858500e-01 4.002530454515067504e-01 -2.270329060905851293e-01 -4.726476414784031022e-01 -2.618388358413596961e-01 -3.019822508142908646e-01 1.260920827925247067e-01 -2.167142432072068914e-01 4.061270116122273066e-02 3.094311918287075969e-01
-3.733360702797767772e-01 -2.558196705878685862e-01 -2.407881986328561652e-01 -7.433769290003056085e-02 9.136086589904834909e-02 1.833953132925785212e-01 -1.961846008140355480e-02 1.777663502757036440e-01 1.171347332572167943e-01 1.027801113201576300e-01 9.499164082114930352e-02 -6.343536063053534235e-02 2.227246903893842500e-01 -1.775054763100456512e-01 2.866521544723354964e-02 9.042601076185974307e-02 6.002461665173086658e-02 -6.664348122967567178e-02 3.427613293959552720e-02 3.149755042069841693e-01 7.794875588501781749e-03 -5.006336622082585563e-02 -4.372117848106427118e-02 -3.792485241416443387e-02 1.902639208520895409e-02 -1.493955414932202075e-01 1.011039319461701780e-01 4.812237458986601268e-02 -1.126775773998360819e-01 -2.930158964778684094e-02
1.031533096464102073e+00 5.131326166652456777e-01 6.268258583247074966e-01 2.350684191235359322e-01 2.628077665864338996e-01 1.581319251319541763e-01 -2.518276791584526109e-01 -1.497691992426553043e-03 -3.360776903460873655e-01 -1.510354237991577975e-01 -6.469251619245142138e-01 -3.481206259677378512e-01 -1.252364666549965477e-01 -2.271186234611377586e-01 -4.989215009945837664e-01 -4.313517133547861704e-01 -3.733659689016803895e-01 -9.791111117255013596e-02 -3.910494853192858500e-01 7.794875588501781749e-03 3.770797906542497913e-01 -1.402914540686595046e-01 1.480484330621720801e-01 3.042560486911156659e-01 1.471039422614808245e-01 2.522728533941176465e-01 -1.005733481564448084e-01 7.708664879606885734e-02 6.485199301783950432e-02 -8.468937258106734589e-02
-1.264592718343806155e+00 -1.043485523367110090e+00 -3.580026696664901920e-01 -2.447353668443952301e-01 -1.625101831600090918e-01 1.226745902775405739e-01 1.551666581535755540e-01 2.202596310933131463e-01 1.318618241232911714e-01 -5.381988697195083660e-02 6.010020182541779832e-01 1.794805519357680623e-01 7.726332942908697987e-02 3.397498221694377207e-01 4.439949547264632201e-01 -1.953015839251293073e-02 9.185881942586320292e-01 -3.256521397725009592e-02 4.002530454515067504e-01 -5.006336622082585563e-02 -1.402914540686595046e-01 8.715381875165348902e-01 -4.670484571659585527e-01 -6.446473482200190119e-01 -1.603369928909614828e-02 -4.268052412786005334e-01 -2.725073573020608819e-02 9.449024725324761675e-02 7.031311307227383622e-02 3.247445765740053503e-01
1.067245791241020925e+00 1.288879324755725975e+00 6.194099164554813797e-01 2.000717902835731365e-01 1.834015202864520688e-01 -2.759036652875579421e-01 -2.339816784022445972e-01 -5.470774560337758885e-01 -2.864980012799946962e-01 -1.240078218580720204e-01 -8.943556071824332321e-01 5.154463309850143560e-03 -8.064177819068163444e-02 -4.012891885367366740e-01 -6.220224934202178702e-01 -1.060098974115248893e-01 -9.044093734592024703e-01 3.286642089108227083e-02 -2.270329060905851293e-01 -4.372117848106427118e-02 1.480484330621720801e-01 -4.670484571659585527e-01 5.998110984951949831e-01 5.169658374580876625e-01 1.006453765257901978e-01 5.870243925182307976e-01 -1.085294834336423264e-01 -1.292402873568789801e-01 1.317378877126316183e-01 -2.949119571349001490e-02
1.620992327063731864e+00 1.344460732197376274e+00 8.201942724157902376e-01 3.228556125495174456e-01 2.744548679775107303e-01 -1.193831150611117664e-01 -3.186078875371549657e-01 -4.135904845485356418e-01 -4.019799187055923539e-01 -1.299790955826551908e-01 -1.087030437255407378e+00 -2.514044655652014626e-01 -1.667526423870526742e-01 -3.989728234187737144e-01 -7.827981514112138939e-01 -2.524726368208689564e-01 -1.016006904120729359e+00 -1.036581706925971957e-01 -4.726476414784031022e-01 -3.792485241416443387e-02 3.042560486911156659e-01 -6.446473482200190119e-01 5.169658374580876625e-01 7.621692433631324093e-01 1.226673390395376373e-01 6.637310736762174201e-01 -7.109007143753842684e-02 -8.140810909918627658e-02 1.539139219260050595e-01 -1.563054818624323161e-01
3.702411929859863449e-01 -3.450193123057943012e-02 4.145812071141108390e-01 1.609635703732692491e-01 1.901176129295549799e-01 2.527767467013291025e-01 -1.807063265929400586e-01 1.877320320914463991e-01 -9.137019174994520654e-02 -1.247483825874837748e-01 -2.439503983462145698e-01 -2.423818511921354002e-01 -1.285320724362577494e-01 -1.078388120085946866e-01 -2.452722327093397325e-01 -3.211578223674678156e-01 -1.229620627125314059e-01 -8.158145327240617917e-02 -2.618388358413596961e-01 1.902639208520895409e-02 1.471039422614808245e-01 -1.603369928909614828e-02 1.006453765257901978e-01 1.226673390395376373e-01 2.808923431796017667e-01 8.368660232764568718e-02 -1.151260050327778117e-01 2.209198082915122541e-01 -7.195480285884059413e-02 -1.613978547660508411e-01
1.471259327163636499e+00 1.748864213886520247e+00 9.547854688618144792e-01 2.847407334654690203e-01 2.389412064187013129e-01 -4.319099411907814101e-01 -2.972202620681514418e-01 -9.213136744553480639e-01 -5.234657163640008548e-01 -2.405831269911118397e-01 -1.385030054945559641e+00 9.415198137270408552e-02 -1.451295751618886243e-01 -4.276460528122925098e-01 -8.722158455369140029e-01 -2.342022942964376853e-01 -1.070111231885277903e+00 -6.563760266618601236e-02 -3.019822508142908646e-01 -1.493955414932202075e-01 2.522728533941176465e-01 -4.268052412786005334e-01 5.870243925182307976e-01 6.637310736762174201e-01 8.368660232764568718e-02 9.435012086813117094e-01 -2.275278388216293024e-01 -1.937641832140002407e-01 4.351660672837169841e-01 1.558163262939160632e-01
-3.174331925765727647e-01 -3.725727074086080393e-01 -4.433060464966729342e-01 -1.106941985065077461e-01 -5.958793357166314308e-02 9.585348323827247441e-02 4.308112526297236400e-02 2.155732793477795894e-01 1.962458437618579410e-01 1.102054243136763034e-01 3.601925755536967699e-01 -1.202364990189153104e-02 1.109663974528984909e-01 6.514785308337422975e-02 1.678742889059208210e-01 1.952306567783921309e-01 1.831597584608175566e-01 -5.999029286647328263e-02 1.260920827925247067e-01 1.011039319461701780e-01 -1.005733481564448084e-01 -2.725073573020608819e-02 -1.085294834336423264e-01 -7.109007143753842684e-02 -1.151260050327778117e-01 -2.275278388216293024e-01 2.835292152579427238e-01 -1.507136227542105189e-02 -1.569591677890684878e-01 -5.651897582504261663e-02
4.520040835211602825e-02 -5.628643525691927607e-01 1.249676782679216558e-01 1.073656696609646133e-01 9.613117357042710864e-02 4.053527960140854702e-01 -8.817881097303370552e-02 5.065002953060684376e-01 6.200427763690186111e-02 -6.735910691440949449e-02 1.610715634126904661e-01 -2.875759868705927147e-01 -1.321313530864358654e-01 4.475668134705301782e-02 1.574827423797842130e-02 -2.996161144213829175e-01 2.199205654643492380e-01 -7.966772628282114965e-02 -2.167142432072068914e-01 4.812237458986601268e-02 7.708664879606885734e-02 9.449024725324761675e-02 -1.292402873568789801e-01 -8.140810909918627658e-02 2.209198082915122541e-01 -1.937641832140002407e-01 -1.507136227542105189e-02 3.360231023684150387e-01 -1.906339801686272040e-01 -2.214361793690500235e-01
2.630623304792152339e-01 7.768632524760619162e-01 5.185083203696194687e-01 2.872473955147825109e-02 7.911061116146811401e-02 -3.873185506161007652e-01 -1.061212679741174725e-02 -7.545711348543022723e-01 -4.328956124078899848e-01 -1.306333154230969740e-01 -7.391398530637616204e-01 2.749734929757323698e-01 4.996874821711116965e-02 -1.445555759090666470e-01 -3.087318458984213976e-01 -4.884768816026507920e-02 -2.885695232591842796e-01 -6.661708627660800630e-02 4.061270116122273066e-02 -1.126775773998360819e-01 6.485199301783950432e-02 7.031311307227383622e-02 1.317378877126316183e-01 1.539139219260050595e-01 -7.195480285884059413e-02 4.351660672837169841e-01 -1.569591677890684878e-01 -1.906339801686272040e-01 6.166363510015457905e-01 3.402744218600446402e-01
-3.874768770876926283e-01 3.907201327976395078e-01 -9.649193328135652337e-02 -1.567150444427625189e-01 -1.052927805887975410e-01 -3.384664632702651943e-01 6.730376974348928343e-02 -5.504782801667715830e-01 -1.316058428119504242e-01 -5.122825760037130749e-02 -2.560083881678565376e-01 3.728378098256257545e-01 1.608794230572812012e-01 -9.454729693857188977e-03 -6.637840559068308721e-02 1.158949423777926313e-01 9.321638692210854060e-02 -4.148331394139859185e-02 3.094311918287075969e-01 -2.930158964778684094e-02 -8.468937258106734589e-02 3.247445765740053503e-01 -2.949119571349001490e-02 -1.563054818624323161e-01 -1.613978547660508411e-01 1.558163262939160632e-01 -5.651897582504261663e-02 -2.214361793690500235e-01 3.402744218600446402e-01 5.991021877691196096e-01
