4.502824911695824994e+00 2.668372523645473393e+00 1.890188172901218877e+00 9.487614099507482024e-01 2.394084997120558000e-01 7.665820042409450252e-01 -1.201467816027388835e+00 -1.412727992061491022e-02 9.270934076196226670e-01 -5.202226732582175828e-01 -9.327274408672110440e-01 -1.206166859346922138e-01 -9.467342507806506546e-01 2.397427575556321244e-02 -8.413811584249515363e-01 -8.728519912420438231e-01 -5.979532314593143383e-01 -6.319689418818938975e-01 -1.059018646693800747e+00 -1.730975204369542553e-01 -5.843695372176966885e-01 -9.380638125736595612e-01 4.672612419290089747e-02 -3.162624352547709350e-01 1.356843059272136998e-01 -6.003503771114537813e-02 -5.446354291522084168e-01 -4.891119983449243591e-02 -1.200540626613928907e+00 -5.446299272597343588e-01
2.668372523645473393e+00 6.976317154317825953e+00 4.603778902975363962e-01 3.675019369570691197e-01 5.560875283628661236e-01 -1.580723325562701120e+00 -4.261938822439788055e-01 -2.204066544552517826e+00 2.079261176254703969e+00 -4.274932586523050304e-01 -6.977193298176302960e-01 2.782760726332753620e+00 -1.395784473796197744e-01 -2.118646704737443542e-01 1.068485197620816507e-01 -5.374278830697107878e-01 1.389254874849768839e+00 -2.755779607496720018e-01 -6.264280683118954585e-01 1.340795122124063710e+00 -6.623891420608742919e-01 -8.924659675171255913e-01 -6.221425070916666300e-01 -1.545436291888222513e+00 1.655637212047622597e-01 -2.737013836969197200e+00 -2.747431743362085399e-01 -1.518508504453848218e-01 -3.789647251729604704e+00 -1.090378612421602611e+00
1.890188172901218877e+00 4.603778902975363962e-01 2.965043578231245647e+00 3.380878129097482088e-01 1.411418047573533840e-01 5.199526513457612964e-01 -5.698572199536897642e-01 -7.841938172288109854e-02 -8.381496926170370898e-01 -2.322656694027500635e-01 -1.041892477864337252e+00 -1.031226942159946702e+00 -7.579245123496889391e-01 3.310200667804679142e-01 -6.648289693796414213e-01 -5.837455603307262209e-01 -5.261478172844817891e-01 -3.250938585043741114e-01 -4.504044654871961484e-01 -3.843415405995074252e-01 3.299688892809626850e-03 -7.180547851675100901e-02 1.979644379314322578e-01 1.508202101902611503e-01 2.944130512346418982e-01 6.668453616528609018e-01 -5.443613533168445429e-01 1.433138047680131422e-01 2.334523589230457219e-01 -2.354555379355360856e-01
9.487614099507482024e-01 3.675019369570691197e-01 3.380878129097482088e-01 4.431735742052751448e-01 1.926516652343934766e-02 2.803728094041275654e-01 -2.355555550853978275e-01 1.125793340279415133e-01 3.518935735243076124e-01 -1.851376438640954802e-01 -1.084455840867804000e-01 -1.116024427568049759e-01 -2.165333374908300357e-01 -7.350153186428087793e-02 -3.566295133186940802e-01 -3.085903564917771291e-01 -1.987806061085279907e-01 -1.774178876999599197e-01 -3.141247110941662868e-01 -1.170093074049987081e-01 -4.348537923715412035e-02 -2.032896515298716622e-01 1.993917813484813450e-02 -1.089845580270321079e-02 4.208664536270134704e-02 1.026364598755549196e-01 -1.564838901791745229e-01 2.920950958167622957e-02 -1.241849226084354996e-01 -1.138369751782875028e-01
2.394084997120558000e-01 5.560875283628661236e-01 1.411418047573533840e-01 1.926516652343934766e-02 6.286305431285654777e-01 -1.668777139361168338e-01 -9.662991492632500012e-02 -2.752202175423121844e-01 -4.712599588231114467e-02 6.481304177606261874e-02 -4.210135747761682978e-01 4.075157560502589149e-01 1.566280597073159697e-01 -2.061864623040037259e-01 7.613486610125619336e-03 -5.899914146937135229e-02 1.842056979515405146e-01 2.071507966041963300e-02 -1.248622176911453607e-01 3.853927840415849460e-01 -4.374698794407549940e-02 -2.153170609904009325e-01 3.708647355512084687e-02 -2.066561530670014690e-01 4.278920561824861579e-02 -3.071635255825526656e-01 -2.024570684181981051e-02 -2.709569551882395899e-02 -5.818192431885904625e-01 -9.233373858995719274e-02
7.665820042409450252e-01 -1.580723325562701120e+00 5.199526513457612964e-01 2.803728094041275654e-01 -1.668777139361168338e-01 1.164933635371198761e+00 -3.851654208314698735e-01 8.475486442684427857e-01 -3.668031043811765812e-01 -8.558965816723684839e-02 -1.961148739564464449e-01 -1.304828107270054716e+00 -3.328416475769131466e-01 1.269668140487283381e-01 -5.090140893874490757e-01 -2.635516581674437475e-01 -7.661364910017027796e-01 -2.192105031883215815e-01 -2.066932044815814606e-01 -5.658805079160060814e-01 1.230687064283415566e-01 4.903581914953747400e-02 2.368080644504857446e-01 5.242384845180936281e-01 6.777473324564198265e-02 1.056963053348624726e+00 -1.022753781845153753e-01 1.100761725317056516e-01 1.007446896637929967e+00 1.699374551409960077e-01
-1.201467816027388835e+00 -4.261938822439788055e-01 -5.698572199536897642e-01 -2.355555550853978275e-01 -9.662991492632500012e-02 -3.851654208314698735e-01 5.598630475592472067e-01 -8.790505200300913202e-02 -2.109864700927346348e-01 1.855250048801622142e-01 3.572924043670013816e-01 2.529003256630062424e-01 2.654775207277566551e-01 -3.464071165046789247e-02 3.434277491903685586e-01 2.516832575855119103e-01 2.862700705788938649e-01 2.439155189230177712e-01 2.360235116409512557e-01 3.185380658794656483e-02 1.201061417477262694e-01 1.608382521599196480e-01 -1.069234048995895137e-01 -1.195900604989219573e-02 -1.580189423514184455e-01 -1.580716679577562900e-01 1.269315000342317035e-01 -6.436737297900663179e-02 2.349483291848741828e-01 9.068686263157132998e-02
-1.412727992061491022e-02 -2.204066544552517826e+00 -7.841938172288109854e-02 1.125793340279415133e-01 -2.752202175423121844e-01 8.475486442684427857e-01 -8.790505200300913202e-02 1.139038487271307076e+00 -4.218163631784364043e-01 1.258783936457916752e-01 2.194048258826342135e-01 -1.236672744457735007e+00 -1.031950820838574145e-01 1.571203759311856629e-02 -1.544540925781916485e-01 1.112902633063868052e-01 -7.968223577644266697e-01 5.731241600415160065e-05 -4.568733793610135763e-02 -5.376029282973604495e-01 7.507836124489131180e-02 -5.093520648051708122e-02 2.687599982893971173e-01 6.108639828520381343e-01 -8.795752898993214330e-02 1.044621367750664831e+00 9.561717656913515384e-02 4.005945474409600138e-02 1.126175148893992173e+00 2.621967509181786227e-01
9.270934076196226670e-01 2.079261176254703969e+00 -8.381496926170370898e-01 3.518935735243076124e-01 -4.712599588231114467e-02 -3.668031043811765812e-01 -2.109864700927346348e-01 -4.218163631784364043e-01 1.532936882554622571e+00 -2.666788304328520098e-01 3.280330271954881027e-01 1.103331171554373213e+00 2.255734304026191239e-02 -3.056846466880642765e-01 -1.457675675068799137e-01 -1.796381393338037924e-01 2.364188276656591370e-01 -1.361778121442398515e-01 -2.683139621296390942e-01 4.158479055853945283e-01 -2.378564333419035393e-01 -4.471814981764055119e-01 -1.298180925177234712e-01 -4.261062997188105328e-01 6.982692767667231237e-02 -8.734063235494318178e-01 -3.864013026964130404e-02 1.427961786362175189e-03 -1.281710534502792598e+00 -4.467668072929882328e-01
-5.202226732582175828e-01 -4.274932586523050304e-01 -2.322656694027500635e-01 -1.851376438640954802e-01 6.481304177606261874e-02 -8.558965816723684839e-02 1.855250048801622142e-01 1.258783936457916752e-01 -2.666788304328520098e-01 2.625615179869100757e-01 3.600596311650861026e-02 -9.879792936118292346e-02 1.347118696525058112e-01 1.338518670212351935e-02 2.829182936216625421e-01 2.304042127940988394e-01 2.041225560509474235e-02 1.841089373642716964e-01 9.885748101086733186e-02 1.769964669011869773e-02 2.673022785245393607e-03 -4.589133885775709132e-02 1.994282653117807058e-02 7.304391135005516844e-02 -1.056683077654838598e-01 2.340478012843050237e-02 1.007777752478205002e-01 -5.513970086008157523e-02 1.059510354836561419e-01 3.981056118726655768e-02
-9.327274408672110440e-01 -6.977193298176302960e-01 -1.041892477864337252e+00 -1.084455840867804000e-01 -4.210135747761682978e-01 -1.961148739564464449e-01 3.572924043670013816e-01 2.194048258826342135e-01 3.280330271954881027e-01 3.600596311650861026e-02 9.508016835762873598e-01 1.608512876046575002e-01 2.322831334928991964e-01 -2.009825382423855444e-01 2.068027294632202029e-01 2.808404046513146568e-01 -8.362130071014917121e-02 1.607351714379774421e-01 2.051110209160071918e-01 -5.987209771399193414e-02 3.386704524928063620e-02 3.721866405368245978e-02 1.037219874422135035e-02 1.254105801008904564e-01 -9.360287257618438161e-02 8.767527774239169958e-03 1.729827129171894740e-01 -1.397533480269430584e-02 2.738618255269784640e-01 4.932520196251743982e-02
-1.206166859346922138e-01 2.782760726332753620e+00 -1.031226942159946702e+00 -1.116024427568049759e-01 4.075157560502589149e-01 -1.304828107270054716e+00 2.529003256630062424e-01 -1.236672744457735007e+00 1.103331171554373213e+00 -9.879792936118292346e-02 1.608512876046575002e-01 2.268785096594740480e+00 3.657514781964437134e-01 -3.483912143848328924e-01 4.037910670041355843e-01 9.187349062884209161e-02 9.823737897372097905e-01 1.244864207034765968e-01 3.610571874511947499e-02 8.739936038431892484e-01 -2.652791147673383421e-01 -2.709042466146627248e-01 -2.960016903531368371e-01 -8.718151850777644540e-01 -2.117785925042880990e-02 -1.587770735603839967e+00 -2.168825556719866654e-02 -1.235318134369549625e-01 -1.738658619611271661e+00 -4.055556627338887665e-01
-9.467342507806506546e-01 -1.395784473796197744e-01 -7.579245123496889391e-01 -2.165333374908300357e-01 1.566280597073159697e-01 -3.328416475769131466e-01 2.654775207277566551e-01 -1.031950820838574145e-01 2.255734304026191239e-02 1.347118696525058112e-01 2.322831334928991964e-01 3.657514781964437134e-01 4.937804372501659600e-01 -2.426867167389445967e-01 2.135325428860141983e-01 1.388327056740479293e-01 3.384530224343507143e-01 1.494277415634996942e-01 1.547374754689769816e-01 3.314525531399112879e-01 1.137109677928833662e-01 7.007242423634352235e-02 -8.904467771145618826e-02 -7.480595024316016861e-02 -5.862622131616035404e-02 -3.252761841229698803e-01 2.231702426427659702e-01 -3.571810470845093732e-02 -1.590354548981736116e-01 7.742194970541049770e-02
2.397427575556321244e-02 -2.118646704737443542e-01 3.310200667804679142e-01 -7.350153186428087793e-02 -2.061864623040037259e-01 1.269668140487283381e-01 -3.464071165046789247e-02 1.571203759311856629e-02 -3.056846466880642765e-01 1.338518670212351935e-02 -2.009825382423855444e-01 -3.483912143848328924e-01 -2.426867167389445967e-01 4.161671678773473104e-01 4.166903413204181561e-02 7.311987251199525417e-02 -5.473329188453135430e-02 -1.186646379522926509e-02 1.162971983673912746e-01 -3.066549022550475456e-01 -1.825675479074106988e-02 1.865678343544914242e-01 -2.824401983957613993e-02 1.115470339330499883e-01 -3.225774501709111064e-02 2.218269306754336867e-01 -4.127804010050795114e-02 -3.025822853118143030e-02 3.549601366560750648e-01 1.142741772351882901e-01
-8.413811584249515363e-01 1.068485197620816507e-01 -6.648289693796414213e-01 -3.566295133186940802e-01 7.613486610125619336e-03 -5.090140893874490757e-01 3.434277491903685586e-01 -1.544540925781916485e-01 -1.457675675068799137e-01 2.829182936216625421e-01 2.068027294632202029e-01 4.037910670041355843e-01 2.135325428860141983e-01 4.166903413204181561e-02 7.614884144063012172e-01 4.491502752969154244e-01 3.284858315461747225e-01 2.664800234739459484e-01 2.524862023562377544e-01 1.673906756711289745e-01 -1.544420528171031037e-01 -1.687423505802598811e-02 -1.163129804393179256e-01 -1.518198187800976484e-01 -1.907033098734700616e-01 -3.893809039545885753e-01 1.745884329259865808e-01 -1.359259388635791765e-01 -1.986622063054710452e-01 1.952472612731526169e-02
-8.728519912420438231e-01 -5.374278830697107878e-01 -5.837455603307262209e-01 -3.085903564917771291e-01 -5.899914146937135229e-02 -2.635516581674437475e-01 2.516832575855119103e-01 1.112902633063868052e-01 -1.796381393338037924e-01 2.304042127940988394e-01 2.808404046513146568e-01 9.187349062884209161e-02 1.388327056740479293e-01 7.311987251199525417e-02 4.491502752969154244e-01 5.280522182827951383e-01 -4.457301412065817203e-02 2.817370437915656112e-01 2.894579346406658260e-01 1.508475106106743624e-02 -7.949007784515060848e-02 -6.740491271483506353e-02 1.023046520828359007e-01 1.092764631734439718e-01 -1.088300572687046497e-01 -1.681566116388921728e-02 1.775000263743891082e-01 -8.075222566600359642e-02 7.517514543917513947e-02 -3.111498008252056025e-03
-5.979532314593143383e-01 1.389254874849768839e+00 -5.261478172844817891e-01 -1.987806061085279907e-01 1.842056979515405146e-01 -7.661364910017027796e-01 2.862700705788938649e-01 -7.968223577644266697e-01 2.364188276656591370e-01 2.041225560509474235e-02 -8.362130071014917121e-02 9.823737897372097905e-01 3.384530224343507143e-01 -5.473329188453135430e-02 3.284858315461747225e-01 -4.457301412065817203e-02 9.596510879710535846e-01 5.013652483864916576e-02 1.545237320601415831e-01 4.565518072603254041e-01 3.240688542797443006e-02 2.432897937242728403e-01 -4.239485703521381765e-01 -5.360318947433597714e-01 -1.009162678526536183e-01 -9.316019392267662624e-01 1.058366991318848704e-01 -1.007256984286186707e-01 -6.989347757711357190e-01 9.265762792881560017e-02
-6.319689418818938975e-01 -2.755779607496720018e-01 -3.250938585043741114e-01 -1.774178876999599197e-01 2.071507966041963300e-02 -2.192105031883215815e-01 2.439155189230177712e-01 5.731241600415160065e-05 -1.361778121442398515e-01 1.841089373642716964e-01 1.607351714379774421e-01 1.244864207034765968e-01 1.494277415634996942e-01 -1.186646379522926509e-02 2.664800234739459484e-01 2.817370437915656112e-01 5.013652483864916576e-02 2.564707855739243314e-01 1.511104987338569572e-01 2.694105205449659479e-02 -8.658294512770225992e-03 -4.722554691969094165e-02 4.699724161545759671e-02 2.195949860680457277e-02 -8.297381901169842422e-02 -5.232279677596807232e-02 5.407670916474671685e-02 -7.071371588159536259e-02 3.418485708806429102e-02 -3.433210596847402485e-02
-1.059018646693800747e+00 -6.264280683118954585e-01 -4.504044654871961484e-01 -3.141247110941662868e-01 -1.248622176911453607e-01 -2.066932044815814606e-01 2.360235116409512557e-01 -4.568733793610135763e-02 -2.683139621296390942e-01 9.885748101086733186e-02 2.051110209160071918e-01 3.610571874511947499e-02 1.547374754689769816e-01 1.162971983673912746e-01 2.524862023562377544e-01 2.894579346406658260e-01 1.545237320601415831e-01 1.511104987338569572e-01 3.832054967352007679e-01 -2.272413591805388933e-02 9.990820650199339070e-02 3.100934818926077696e-01 -1.167119783121961518e-02 6.789313005464236994e-02 -6.071990878609767606e-02 2.186101327575329378e-02 1.494027646973563606e-01 -3.851160758296146014e-02 3.335796048916961354e-01 1.685051383660152169e-01
-1.730975204369542553e-01 1.340795122124063710e+00 -3.843415405995074252e-01 -1.170093074049987081e-01 3.853927840415849460e-01 -5.658805079160060814e-01 3.185380658794656483e-02 -5.376029282973604495e-01 4.158479055853945283e-01 1.769964669011869773e-02 -5.987209771399193414e-02 8.739936038431892484e-01 3.314525531399112879e-01 -3.066549022550475456e-01 1.673906756711289745e-01 1.508475106106743624e-02 4.565518072603254041e-01 2.694105205449659479e-02 -2.272413591805388933e-02 7.387381250897533391e-01 -4.042430409930375390e-02 -1.705221254956086341e-01 -1.484443046433057134e-01 -3.821757406585675199e-01 7.270662927328430669e-02 -8.518030068424309320e-01 1.070916318946046886e-01 1.455584913128404878e-02 -1.017100835176677265e+00 -2.184425644260272747e-01
-5.843695372176966885e-01 -6.623891420608742919e-01 3.299688892809626850e-03 -4.348537923715412035e-02 -4.374698794407549940e-02 1.230687064283415566e-01 1.201061417477262694e-01 7.507836124489131180e-02 -2.378564333419035393e-01 2.673022785245393607e-03 3.386704524928063620e-02 -2.652791147673383421e-01 1.137109677928833662e-01 -1.825675479074106988e-02 -1.544420528171031037e-01 -7.949007784515060848e-02 3.240688542797443006e-02 -8.658294512770225992e-03 9.990820650199339070e-02 -4.042430409930375390e-02 2.627580444221848666e-01 2.875797498383576567e-01 -2.212241964753047796e-02 1.290947440581362571e-01 2.863354346368396364e-02 2.096697577932786771e-01 8.403734963394526858e-03 5.473338179564279926e-02 4.359175979875544726e-01 1.396102317298186790e-01
-9.380638125736595612e-01 -8.924659675171255913e-01 -7.180547851675100901e-02 -2.032896515298716622e-01 -2.153170609904009325e-01 4.903581914953747400e-02 1.608382521599196480e-01 -5.093520648051708122e-02 -4.471814981764055119e-01 -4.589133885775709132e-02 3.721866405368245978e-02 -2.709042466146627248e-01 7.007242423634352235e-02 1.865678343544914242e-01 -1.687423505802598811e-02 -6.740491271483506353e-02 2.432897937242728403e-01 -4.722554691969094165e-02 3.100934818926077696e-01 -1.705221254956086341e-01 2.875797498383576567e-01 7.152228522171242275e-01 -1.564975121809482062e-01 6.148178638056833734e-02 -2.187171375825869291e-02 2.444545343793151915e-01 4.675584208638383643e-02 2.029395886177098873e-02 7.742073972692082862e-01 4.091380359204208617e-01
4.672612419290089747e-02 -6.221425070916666300e-01 1.979644379314322578e-01 1.993917813484813450e-02 3.708647355512084687e-02 2.368080644504857446e-01 -1.069234048995895137e-01 2.687599982893971173e-01 -1.298180925177234712e-01 1.994282653117807058e-02 1.037219874422135035e-02 -2.960016903531368371e-01 -8.904467771145618826e-02 -2.824401983957613993e-02 -1.163129804393179256e-01 1.023046520828359007e-01 -4.239485703521381765e-01 4.699724161545759671e-02 -1.167119783121961518e-02 -1.484443046433057134e-01 -2.212241964753047796e-02 -1.564975121809482062e-01 3.417648596154094776e-01 2.383990775600182133e-01 1.108482873613922948e-01 3.836829511481596455e-01 -2.621539359415692161e-02 6.437540313686440641e-02 1.811132395039294352e-01 -1.296977465079862668e-01
-3.162624352547709350e-01 -1.545436291888222513e+00 1.508202101902611503e-01 -1.089845580270321079e-02 -2.066561530670014690e-01 5.242384845180936281e-01 -1.195900604989219573e-02 6.108639828520381343e-01 -4.261062997188105328e-01 7.304391135005516844e-02 1.254105801008904564e-01 -8.718151850777644540e-01 -7.480595024316016861e-02 1.115470339330499883e-01 -1.518198187800976484e-01 1.092764631734439718e-01 -5.360318947433597714e-01 2.195949860680457277e-02 6.789313005464236994e-02 -3.821757406585675199e-01 1.290947440581362571e-01 6.148178638056833734e-02 2.383990775600182133e-01 5.164797057075816156e-01 3.472851042386082554e-02 7.485901240176531246e-01 2.235468498906811874e-02 6.750154489179749362e-02 8.354887975563656255e-01 8.479405591640443163e-02
1.356843059272136998e-01 1.655637212047622597e-01 2.944130512346418982e-01 4.208664536270134704e-02 4.278920561824861579e-02 6.777473324564198265e-02 -1.580189423514184455e-01 -8.795752898993214330e-02 6.982692767667231237e-02 -1.056683077654838598e-01 -9.360287257618438161e-02 -2.117785925042880990e-02 -5.862622131616035404e-02 -3.225774501709111064e-02 -1.907033098734700616e-01 -1.088300572687046497e-01 -1.009162678526536183e-01 -8.297381901169842422e-02 -6.071990878609767606e-02 7.270662927328430669e-02 2.863354346368396364e-02 -2.187171375825869291e-02 1.108482873613922948e-01 3.472851042386082554e-02 2.100730552812706264e-01 4.809009009022702230e-02 -9.291421822564416289e-02 1.258908226209882741e-01 -1.252638116976072524e-01 -1.076075733552102065e-01
-6.003503771114537813e-02 -2.737013836969197200e+00 6.668453616528609018e-01 1.026364598755549196e-01 -3.071635255825526656e-01 1.056963053348624726e+00 -1.580716679577562900e-01 1.044621367750664831e+00 -8.734063235494318178e-01 2.340478012843050237e-02 8.767527774239169958e-03 -1.587770735603839967e+00 -3.252761841229698803e-01 2.218269306754336867e-01 -3.893809039545885753e-01 -1.681566116388921728e-02 -9.316019392267662624e-01 -5.232279677596807232e-02 2.186101327575329378e-02 -8.518030068424309320e-01 2.096697577932786771e-01 2.444545343793151915e-01 3.836829511481596455e-01 7.485901240176531246e-01 4.809009009022702230e-02 1.541716569994150632e+00 -1.184562614683386528e-01 1.197515040839789435e-01 1.626967755019222750e+00 3.392686690914956671e-01
-5.446354291522084168e-01 -2.747431743362085399e-01 -5.443613533168445429e-01 -1.564838901791745229e-01 -2.024570684181981051e-02 -1.022753781845153753e-01 1.269315000342317035e-01 9.561717656913515384e-02 -3.864013026964130404e-02 1.007777752478205002e-01 1.729827129171894740e-01 -2.168825556719866654e-02 2.231702426427659702e-01 -4.127804010050795114e-02 1.745884329259865808e-01 1.775000263743891082e-01 1.058366991318848704e-01 5.407670916474671685e-02 1.494027646973563606e-01 1.070916318946046886e-01 8.403734963394526858e-03 4.675584208638383643e-02 -2.621539359415692161e-02 2.235468498906811874e-02 -9.291421822564416289e-02 -1.184562614683386528e-01 3.385013694591521016e-01 -3.050446790780370065e-02 -5.902676335836076760e-04 1.090394095651845419e-01
-4.891119983449243591e-02 -1.518508504453848218e-01 1.433138047680131422e-01 2.920950958167622957e-02 -2.709569551882395899e-02 1.100761725317056516e-01 -6.436737297900663179e-02 4.005945474409600138e-02 1.427961786362175189e-03 -5.513970086008157523e-02 -1.397533480269430584e-02 -1.235318134369549625e-01 -3.571810470845093732e-02 -3.025822853118143030e-02 -1.359259388635791765e-01 -8.075222566600359642e-02 -1.007256984286186707e-01 -7.071371588159536259e-02 -3.851160758296146014e-02 1.455584913128404878e-02 5.473338179564279926e-02 2.029395886177098873e-02 6.437540313686440641e-02 6.750154489179749362e-02 1.258908226209882741e-01 1.197515040839789435e-01 -3.050446790780370065e-02 1.480052017241746398e-01 8.516372658078807945e-02 -1.637712400491864173e-02
-1.200540626613928907e+00 -3.789647251729604704e+00 2.334523589230457219e-01 -1.241849226084354996e-01 -5.818192431885904625e-01 1.007446896637929967e+00 2.349483291848741828e-01 1.126175148893992173e+00 -1.281710534502792598e+00 1.059510354836561419e-01 2.738618255269784640e-01 -1.738658619611271661e+00 -1.590354548981736116e-01 3.549601366560750648e-01 -1.986622063054710452e-01 7.517514543917513947e-02 -6.989347757711357190e-01 3.418485708806429102e-02 3.335796048916961354e-01 -1.017100835176677265e+00 4.359175979875544726e-01 7.742073972692082862e-01 1.811132395039294352e-01 8.354887975563656255e-01 -1.252638116976072524e-01 1.626967755019222750e+00 -5.902676335836076760e-04 8.516372658078807945e-02 2.524423908461983501e+00 6.731309631369981616e-01
-5.446299272597343588e-01 -1.090378612421602611e+00 -2.354555379355360856e-01 -1.138369751782875028e-01 -9.233373858995719274e-02 1.699374551409960077e-01 9.068686263157132998e-02 2.621967509181786227e-01 -4.467668072929882328e-01 3.981056118726655768e-02 4.932520196251743982e-02 -4.055556627338887665e-01 7.742194970541049770e-02 1.142741772351882901e-01 1.952472612731526169e-02 -3.111498008252056025e-03 9.265762792881560017e-02 -3.433210596847402485e-02 1.685051383660152169e-01 -2.184425644260272747e-01 1.396102317298186790e-01 4.091380359204208617e-01 -1.296977465079862668e-01 8.479405591640443163e-02 -1.076075733552102065e-01 3.392686690914956671e-01 1.090394095651845419e-01 -1.637712400491864173e-02 6.731309631369981616e-01 5.992039733075102959e-01
