4.477953277075584992e+00 2.812623007677132136e+00 1.457839509159782665e+00 8.736162729720717834e-01 -1.667131451441150602e-01 2.119076434059365965e-01 -8.664981151947586113e-01 -6.658763028144676355e-01 1.010546160457522546e+00 -5.218214324116843272e-01 -1.063589734545701049e+00 6.079952637348355893e-01 -6.862195342006884857e-01 9.067883225623063481e-02 -6.599479767943989827e-01 -1.049847190694947585e+00 6.901334958115512563e-02 -5.515209852217708431e-01 -1.264110116151698548e+00 8.213595874644283867e-01 -5.628083231285927468e-01 -1.169910078187967883e+00 3.870499631537427376e-01 -5.027747099304065159e-01 2.784518568039402453e-01 -4.246409906359644992e-01 -4.155063874017059788e-01 -7.161432075486118265e-02 -1.859904748507915428e+00 -5.957292562501379507e-01
2.812623007677132136e+00 4.053464520788168102e+00 7.295581376061477386e-01 6.258907394396260315e-01 -3.282522626012678302e-01 -8.864134608763833967e-01 -4.322589840577961695e-01 -1.811605528394522935e+00 1.248463669370948992e+00 -5.168097228918782093e-01 -7.382669633965406319e-01 1.449256678662834474e+00 -1.531175279412195778e-01 -1.197284518515289164e-01 -3.438235169184622464e-01 -7.835277240560003520e-01 9.018846364863861709e-01 -4.680699982173450735e-01 -7.199853987755773232e-01 1.391918682947164143e+00 -4.714563862668228467e-01 -8.140438492133057480e-01 1.191819194958156913e-01 -8.338246482475710764e-01 2.113350069466832792e-01 -1.053785837915768298e+00 -1.245802195795704392e-01 -2.301052828298111308e-01 -2.414809462659150086e+00 -2.991099085397763702e-01
1.457839509159782665e+00 7.295581376061477386e-01 3.159380520819183857e+00 2.935423739550628852e-01 4.656949432877013351e-01 2.503623204203790920e-01 -4.128883741654476580e-01 -3.689748573104338902e-01 -1.147433958076817362e+00 -3.692378410357832763e-01 -9.974650754871845493e-01 -8.351287394501696326e-01 -8.799416707299201335e-01 5.577765480379071050e-01 -6.564198343037332961e-01 -1.226280001136501596e+00 3.170213303141053984e-01 -3.236598184087711161e-01 -7.822057807479723124e-01 1.850525240805609428e-01 4.880375705623691829e-01 2.277216385742804050e-01 -5.713052913102956154e-02 4.721874704188167016e-02 9.149939559477502371e-01 -2.038818406634277380e-01 -3.966386669712278490e-01 7.764567327706686228e-01 -6.276515919491316708e-01 -5.857179016691134166e-01
8.736162729720717834e-01 6.258907394396260315e-01 2.935423739550628852e-01 3.947520365263699205e-01 1.259553481691000343e-02 1.881504257181632056e-02 -1.443663893339817150e-01 -1.341051596565421278e-01 3.477462940119835366e-01 -1.627012223096926391e-01 -1.520903869522385321e-01 2.037727437879652825e-01 -1.402150561112875948e-01 -1.165675252428286512e-01 -1.918497201639297600e-01 -3.214023236286607244e-01 2.480996553600789412e-02 -1.891942253162142151e-01 -3.481950108349565198e-01 2.158044678161559204e-01 -9.812033037439960026e-02 -2.544032843446188963e-01 6.261598949402014114e-02 -1.183847777639925880e-01 8.181631477657447249e-02 -1.216834956816796876e-01 -1.202070807770496685e-01 2.109994886649246837e-02 -4.172697801236608939e-01 -1.461200134555156183e-01
-1.667131451441150602e-01 -3.282522626012678302e-01 4.656949432877013351e-01 1.259553481691000343e-02 7.864696630613821071e-01 1.253794705580730806e-01 -1.192694242706124896e-01 9.505995311928927549e-02 -5.253450886118571361e-01 3.402971923395625709e-02 -3.669589574224119133e-01 -1.241291598890370551e-01 5.412965574419104087e-02 -1.515174906016909517e-01 -4.545895753813056217e-02 -2.388804320452777574e-01 9.901441509009600850e-02 -8.805648079038519427e-02 -1.689203730347514920e-01 2.389907880229884540e-01 1.218220197143295991e-01 6.935873879336895698e-02 -3.685639478516122836e-02 5.854024024927184655e-03 2.590576185348822946e-01 -1.015186753694479194e-01 5.032812976872946820e-02 2.646117857286185426e-01 -2.344310523213266606e-01 1.391063806397596636e-02
2.119076434059365965e-01 -8.864134608763833967e-01 2.503623204203790920e-01 1.881504257181632056e-02 1.253794705580730806e-01 7.543431804535885021e-01 -1.484099887063052847e-01 6.358705043590475725e-01 -2.765907828426747983e-01 3.587009713112365716e-02 -1.631658060039171687e-01 -6.524976913134423739e-01 -1.864200807690963302e-01 8.131368031632746352e-02 -2.109596362629417854e-01 -1.491843495896887362e-01 -3.979989848116929352e-01 -3.857590197679883204e-02 -1.598890911380976831e-01 -2.953345459642378046e-01 1.296633776213411693e-01 4.760839085861334752e-02 9.190012379804102238e-02 2.731283384301264050e-01 1.293994469635890709e-01 3.462323307600740918e-01 -1.017938156588229504e-01 2.003025771242050723e-01 4.622163737581104215e-01 -1.270788551190094040e-01
-8.664981151947586113e-01 -4.322589840577961695e-01 -4.128883741654476580e-01 -1.443663893339817150e-01 -1.192694242706124896e-01 -1.484099887063052847e-01 4.083333423270119056e-01 6.611610020041780444e-02 -1.530585543077336297e-01 1.508070774975749373e-01 3.470684458108053150e-01 -7.550024483293782396e-03 1.393620338318442009e-01 -2.481412114696013305e-02 2.430754587998649185e-01 2.585341777696612553e-01 4.606066227080418685e-02 1.421655168850293194e-01 2.311269347383131390e-01 -2.305732712648023153e-01 6.761306689026014283e-02 1.521318322094771247e-01 -1.485076203166499909e-01 7.481638165296544685e-02 -2.228873099180077588e-01 5.154076571301402510e-02 7.375603979079414785e-02 -1.065440287058549984e-01 4.446378504034100843e-01 1.204800505744287875e-01
-6.658763028144676355e-01 -1.811605528394522935e+00 -3.689748573104338902e-01 -1.341051596565421278e-01 9.505995311928927549e-02 6.358705043590475725e-01 6.611610020041780444e-02 1.265988581379417610e+00 -3.543714926772167928e-01 2.992351785733831093e-01 2.180733980958393659e-01 -8.628240557169419844e-01 2.947847935394065644e-02 2.119728275602028589e-03 1.941074893139784763e-01 3.655107206205343573e-01 -6.802627374925691583e-01 1.690207105273771049e-01 7.086930842541505626e-02 -5.540969969792968186e-01 4.051710684268527984e-02 -1.590722468523608768e-02 8.737674623966995568e-02 4.799017198993169586e-01 -1.138902761273357100e-01 5.145063285021933552e-01 9.882894015674992261e-02 9.856984339108976201e-02 8.628404402535352347e-01 -3.207592103814249640e-02
1.010546160457522546e+00 1.248463669370948992e+00 -1.147433958076817362e+00 3.477462940119835366e-01 -5.253450886118571361e-01 -2.765907828426747983e-01 -1.530585543077336297e-01 -3.543714926772167928e-01 1.534956940793904323e+00 -1.569000592635347857e-01 3.766200098827994225e-01 9.508258178315713849e-01 1.936384549582044201e-01 -4.374422689898551653e-01 -8.713783433239541409e-02 1.446444892240492663e-01 -1.240961046343045382e-01 -7.532586288016318576e-02 -7.985647575856091862e-02 3.966619391799213190e-01 -4.762355664012147827e-01 -6.391997652252143780e-01 2.823038955401102612e-01 -3.059010510779103242e-01 -2.591325445941379257e-01 -1.683099125829130571e-01 -4.167997959154945420e-02 -4.084280123634016491e-01 -6.944844181677467532e-01 -7.547702597105399036e-02
-5.218214324116843272e-01 -5.168097228918782093e-01 -3.692378410357832763e-01 -1.627012223096926391e-01 3.402971923395625709e-02 3.587009713112365716e-02 1.508070774975749373e-01 2.992351785733831093e-01 -1.569000592635347857e-01 2.783761820979293589e-01 1.117171522611215551e-01 -2.083474344793785349e-01 1.106835078064136724e-01 6.011607921556105794e-02 2.593363878751233642e-01 3.075031670211956225e-01 -1.012950264255891852e-01 1.777910287225381580e-01 1.384506641056191256e-01 -1.982823277817828966e-01 -1.876859268782027357e-02 -3.907802184602360285e-02 -4.232266495807834872e-02 1.277634289504590015e-01 -1.752456763687177954e-01 9.650335138940135948e-02 1.031509402039887391e-01 -8.697481612091451098e-02 2.571084521833313374e-01 4.934219316226062801e-02
-1.063589734545701049e+00 -7.382669633965406319e-01 -9.974650754871845493e-01 -1.520903869522385321e-01 -3.669589574224119133e-01 -1.631658060039171687e-01 3.470684458108053150e-01 2.180733980958393659e-01 3.766200098827994225e-01 1.117171522611215551e-01 1.069174004286708168e+00 1.003411619513485675e-01 2.895660858199562426e-01 -3.667601133756761556e-01 1.933223454013841547e-01 4.785972618521441291e-01 -3.268388623332612042e-01 2.635977623886560650e-01 4.042824806689111483e-01 -3.093821818155220171e-01 -2.525737288652862844e-02 2.294587625846133960e-02 5.131660499188228641e-02 9.966983107136684339e-02 -2.633957173033536492e-01 2.228702936871513884e-01 5.523966693505144576e-02 -1.751009238274718882e-01 5.467723771953956202e-01 9.709742864447434840e-02
6.079952637348355893e-01 1.449256678662834474e+00 -8.351287394501696326e-01 2.037727437879652825e-01 -1.241291598890370551e-01 -6.524976913134423739e-01 -7.550024483293782396e-03 -8.628240557169419844e-01 9.508258178315713849e-01 -2.083474344793785349e-01 1.003411619513485675e-01 1.377642679075847809e+00 2.678809397717145657e-01 -3.762115642500702961e-01 3.373844960003680171e-02 5.151974917939128318e-02 3.478035486194244186e-01 -1.079292413222390223e-01 1.107479987246051678e-02 5.498140244250748765e-01 -3.871311641356101063e-01 -3.428749405192093036e-01 7.259163041709371100e-02 -5.078079265082919846e-01 -2.104376742550186918e-01 -3.861983128856536496e-01 -2.817113017823658083e-02 -3.730334632331278044e-01 -7.704428766239743709e-01 1.564586296818788469e-01
-6.862195342006884857e-01 -1.531175279412195778e-01 -8.799416707299201335e-01 -1.402150561112875948e-01 5.412965574419104087e-02 -1.864200807690963302e-01 1.393620338318442009e-01 2.947847935394065644e-02 1.936384549582044201e-01 1.106835078064136724e-01 2.895660858199562426e-01 2.678809397717145657e-01 4.862396594523943349e-01 -3.483487987274997977e-01 2.275760159002970795e-01 2.635946720778292729e-01 8.251179268620489893e-02 5.832013487804488250e-02 2.228664242244349225e-01 1.503417066430188243e-01 -6.882469467888086001e-02 8.953538516038861417e-03 -6.646393191408606071e-02 -4.407651169429982474e-02 -2.201983412964523268e-01 -8.581721397456476552e-02 2.158967705370855583e-01 -1.850671349303070201e-01 4.772051385322129136e-02 2.159502396529546786e-01
9.067883225623063481e-02 -1.197284518515289164e-01 5.577765480379071050e-01 -1.165675252428286512e-01 -1.515174906016909517e-01 8.131368031632746352e-02 -2.481412114696013305e-02 2.119728275602028589e-03 -4.374422689898551653e-01 6.011607921556105794e-02 -3.667601133756761556e-01 -3.762115642500702961e-01 -3.483487987274997977e-01 6.362100564291495175e-01 4.854934889465312153e-03 6.004305630943918004e-02 1.601870754041101463e-02 9.329479952600649995e-02 5.657841430902976754e-02 -3.577959905803140828e-01 8.901688040481303688e-02 1.620581603426103356e-01 -4.678134411273049409e-02 1.245892974087610128e-01 2.812440567311114137e-02 1.289205988869639441e-01 -8.597880408836999777e-02 3.213153711038785332e-02 2.593148212366145344e-01 -5.121383175998062143e-02
-6.599479767943989827e-01 -3.438235169184622464e-01 -6.564198343037332961e-01 -1.918497201639297600e-01 -4.545895753813056217e-02 -2.109596362629417854e-01 2.430754587998649185e-01 1.941074893139784763e-01 -8.713783433239541409e-02 2.593363878751233642e-01 1.933223454013841547e-01 3.373844960003680171e-02 2.275760159002970795e-01 4.854934889465312153e-03 5.624293388632395363e-01 4.593124920678519629e-01 7.363023388450073980e-03 1.734689360678771664e-01 2.140299104007965525e-01 -1.214928847580836191e-01 -1.592222850288749214e-01 -4.811543773891457931e-02 -8.938739574193732551e-02 3.246059623381825077e-02 -2.944612688158372293e-01 1.725431004558686254e-03 1.703576720448722881e-01 -2.089560520246891429e-01 1.987891706860978047e-01 1.412842681773440745e-01
-1.049847190694947585e+00 -7.835277240560003520e-01 -1.226280001136501596e+00 -3.214023236286607244e-01 -2.388804320452777574e-01 -1.491843495896887362e-01 2.585341777696612553e-01 3.655107206205343573e-01 1.446444892240492663e-01 3.075031670211956225e-01 4.785972618521441291e-01 5.151974917939128318e-02 2.635946720778292729e-01 6.004305630943918004e-02 4.593124920678519629e-01 8.635399218703696533e-01 -2.785596250499224880e-01 4.003058309758955602e-01 5.353123669173669441e-01 -3.794684073293979054e-01 -1.793755412990662990e-01 -8.376176080571440252e-02 5.940108382893072303e-02 1.225612999176632911e-01 -4.359645526044175767e-01 2.293788191003045540e-01 2.001346944108490788e-01 -3.375086853524180697e-01 4.875053408328540172e-01 1.763609777181613936e-01
6.901334958115512563e-02 9.018846364863861709e-01 3.170213303141053984e-01 2.480996553600789412e-02 9.901441509009600850e-02 -3.979989848116929352e-01 4.606066227080418685e-02 -6.802627374925691583e-01 -1.240961046343045382e-01 -1.012950264255891852e-01 -3.268388623332612042e-01 3.478035486194244186e-01 8.251179268620489893e-02 1.601870754041101463e-02 7.363023388450073980e-03 -2.785596250499224880e-01 6.405880404789172644e-01 -1.592684840449010153e-01 -3.951289990808959374e-02 3.321256070288995943e-01 9.073805018942948664e-02 1.999674534110056356e-01 -2.595478894750726795e-01 -2.534455677832738729e-01 3.083556169087842136e-02 -3.669434721782636188e-01 9.749367179267665051e-03 -3.383099020231838949e-02 -3.560379555544841423e-01 1.621339368807639403e-01
-5.515209852217708431e-01 -4.680699982173450735e-01 -3.236598184087711161e-01 -1.891942253162142151e-01 -8.805648079038519427e-02 -3.857590197679883204e-02 1.421655168850293194e-01 1.690207105273771049e-01 -7.532586288016318576e-02 1.777910287225381580e-01 2.635977623886560650e-01 -1.079292413222390223e-01 5.832013487804488250e-02 9.329479952600649995e-02 1.734689360678771664e-01 4.003058309758955602e-01 -1.592684840449010153e-01 3.412189273116155164e-01 2.720975673897214620e-01 -2.844385212852102995e-01 -1.166042071872652741e-02 -5.259770382420470014e-02 6.073494415170443972e-02 7.299504296577197238e-02 -1.443688346295743941e-01 1.492216338550065302e-01 7.946308261352896807e-04 -1.129991210859202511e-01 2.639638282066698594e-01 -3.132559004473023379e-02
-1.264110116151698548e+00 -7.199853987755773232e-01 -7.822057807479723124e-01 -3.481950108349565198e-01 -1.689203730347514920e-01 -1.598890911380976831e-01 2.311269347383131390e-01 7.086930842541505626e-02 -7.985647575856091862e-02 1.384506641056191256e-01 4.042824806689111483e-01 1.107479987246051678e-02 2.228664242244349225e-01 5.657841430902976754e-02 2.140299104007965525e-01 5.353123669173669441e-01 -3.951289990808959374e-02 2.720975673897214620e-01 6.008315288624999084e-01 -3.285798085774445099e-01 8.099336153227909563e-02 3.156398735052903248e-01 -6.615151272785624315e-02 7.799646562040152276e-02 -2.516772093176768976e-01 1.741513807228329824e-01 1.289467697236545973e-01 -1.802454790622221026e-01 6.172685927946020001e-01 2.368116805929503244e-01
8.213595874644283867e-01 1.391918682947164143e+00 1.850525240805609428e-01 2.158044678161559204e-01 2.389907880229884540e-01 -2.953345459642378046e-01 -2.305732712648023153e-01 -5.540969969792968186e-01 3.966619391799213190e-01 -1.982823277817828966e-01 -3.093821818155220171e-01 5.498140244250748765e-01 1.503417066430188243e-01 -3.577959905803140828e-01 -1.214928847580836191e-01 -3.794684073293979054e-01 3.321256070288995943e-01 -2.844385212852102995e-01 -3.285798085774445099e-01 8.882729268365778807e-01 -1.518686558654280816e-01 -2.827654990117025591e-01 5.084579975687120168e-03 -3.129488787404284267e-01 1.901718167026729134e-01 -5.337950266008988365e-01 9.190971643607781516e-02 4.199095282791631689e-02 -1.101322344593370417e+00 -5.735487036957920282e-02
-5.628083231285927468e-01 -4.714563862668228467e-01 4.880375705623691829e-01 -9.812033037439960026e-02 1.218220197143295991e-01 1.296633776213411693e-01 6.761306689026014283e-02 4.051710684268527984e-02 -4.762355664012147827e-01 -1.876859268782027357e-02 -2.525737288652862844e-02 -3.871311641356101063e-01 -6.882469467888086001e-02 8.901688040481303688e-02 -1.592222850288749214e-01 -1.793755412990662990e-01 9.073805018942948664e-02 -1.166042071872652741e-02 8.099336153227909563e-02 -1.518686558654280816e-01 3.452175261583647625e-01 4.116934702312846639e-01 -1.489596930420020726e-01 1.274010228645465759e-01 1.633018076122993989e-01 7.924175960101820237e-02 -6.643353523060113730e-02 2.042960675110521152e-01 3.762059776601063277e-01 1.036379759642613863e-02
-1.169910078187967883e+00 -8.140438492133057480e-01 2.277216385742804050e-01 -2.544032843446188963e-01 6.935873879336895698e-02 4.760839085861334752e-02 1.521318322094771247e-01 -1.590722468523608768e-02 -6.391997652252143780e-01 -3.907802184602360285e-02 2.294587625846133960e-02 -3.428749405192093036e-01 8.953538516038861417e-03 1.620581603426103356e-01 -4.811543773891457931e-02 -8.376176080571440252e-02 1.999674534110056356e-01 -5.259770382420470014e-02 3.156398735052903248e-01 -2.827654990117025591e-01 4.116934702312846639e-01 8.289388082233699606e-01 -2.860044248211863760e-01 1.310678071229745001e-01 8.360270916756462611e-02 1.378739512919082699e-01 6.463009486537885095e-03 1.578861886546292226e-01 8.065168189576183977e-01 2.582332775862141716e-01
3.870499631537427376e-01 1.191819194958156913e-01 -5.713052913102956154e-02 6.261598949402014114e-02 -3.685639478516122836e-02 9.190012379804102238e-02 -1.485076203166499909e-01 8.737674623966995568e-02 2.823038955401102612e-01 -4.232266495807834872e-02 5.131660499188228641e-02 7.259163041709371100e-02 -6.646393191408606071e-02 -4.678134411273049409e-02 -8.938739574193732551e-02 5.940108382893072303e-02 -2.595478894750726795e-01 6.073494415170443972e-02 -6.615151272785624315e-02 5.084579975687120168e-03 -1.489596930420020726e-01 -2.860044248211863760e-01 3.110551311185076884e-01 5.963831263784413750e-04 8.825600850335035830e-02 6.286006902581675604e-02 -1.282773703655948339e-02 1.212731389409782423e-02 -2.936897565043068425e-01 -1.998211517053505304e-01
-5.027747099304065159e-01 -8.338246482475710764e-01 4.721874704188167016e-02 -1.183847777639925880e-01 5.854024024927184655e-03 2.731283384301264050e-01 7.481638165296544685e-02 4.799017198993169586e-01 -3.059010510779103242e-01 1.277634289504590015e-01 9.966983107136684339e-02 -5.078079265082919846e-01 -4.407651169429982474e-02 1.245892974087610128e-01 3.246059623381825077e-02 1.225612999176632911e-01 -2.534455677832738729e-01 7.299504296577197238e-02 7.799646562040152276e-02 -3.129488787404284267e-01 1.274010228645465759e-01 1.310678071229745001e-01 5.963831263784413750e-04 3.055207339565981783e-01 2.410346745460856255e-02 2.310812609229628833e-01 1.866507495458336052e-02 1.069276353047712291e-01 4.585263891086128751e-01 -6.367983390703102486e-02
2.784518568039402453e-01 2.113350069466832792e-01 9.149939559477502371e-01 8.181631477657447249e-02 2.590576185348822946e-01 1.293994469635890709e-01 -2.228873099180077588e-01 -1.138902761273357100e-01 -2.591325445941379257e-01 -1.752456763687177954e-01 -2.633957173033536492e-01 -2.104376742550186918e-01 -2.201983412964523268e-01 2.812440567311114137e-02 -2.944612688158372293e-01 -4.359645526044175767e-01 3.083556169087842136e-02 -1.443688346295743941e-01 -2.516772093176768976e-01 1.901718167026729134e-01 1.633018076122993989e-01 8.360270916756462611e-02 8.825600850335035830e-02 2.410346745460856255e-02 4.843952981074437503e-01 -7.678545790059843057e-02 -1.335949312576190096e-01 3.777070787206184832e-01 -3.537092832713710777e-01 -1.898027586895523200e-01
-4.246409906359644992e-01 -1.053785837915768298e+00 -2.038818406634277380e-01 -1.216834956816796876e-01 -1.015186753694479194e-01 3.462323307600740918e-01 5.154076571301402510e-02 5.145063285021933552e-01 -1.683099125829130571e-01 9.650335138940135948e-02 2.228702936871513884e-01 -3.861983128856536496e-01 -8.581721397456476552e-02 1.289205988869639441e-01 1.725431004558686254e-03 2.293788191003045540e-01 -3.669434721782636188e-01 1.492216338550065302e-01 1.741513807228329824e-01 -5.337950266008988365e-01 7.924175960101820237e-02 1.378739512919082699e-01 6.286006902581675604e-02 2.310812609229628833e-01 -7.678545790059843057e-02 4.367587596128146288e-01 -6.498496404611842081e-02 1.947979475681904660e-02 6.901269215229035581e-01 1.587211747397532235e-02
-4.155063874017059788e-01 -1.245802195795704392e-01 -3.966386669712278490e-01 -1.202070807770496685e-01 5.032812976872946820e-02 -1.017938156588229504e-01 7.375603979079414785e-02 9.882894015674992261e-02 -4.167997959154945420e-02 1.031509402039887391e-01 5.523966693505144576e-02 -2.817113017823658083e-02 2.158967705370855583e-01 -8.597880408836999777e-02 1.703576720448722881e-01 2.001346944108490788e-01 9.749367179267665051e-03 7.946308261352896807e-04 1.289467697236545973e-01 9.190971643607781516e-02 -6.643353523060113730e-02 6.463009486537885095e-03 -1.282773703655948339e-02 1.866507495458336052e-02 -1.335949312576190096e-01 -6.498496404611842081e-02 3.362370613730263358e-01 -5.903993057847856107e-02 -1.768490870398409243e-02 1.086634109111059843e-01
-7.161432075486118265e-02 -2.301052828298111308e-01 7.764567327706686228e-01 2.109994886649246837e-02 2.646117857286185426e-01 2.003025771242050723e-01 -1.065440287058549984e-01 9.856984339108976201e-02 -4.084280123634016491e-01 -8.697481612091451098e-02 -1.751009238274718882e-01 -3.730334632331278044e-01 -1.850671349303070201e-01 3.213153711038785332e-02 -2.089560520246891429e-01 -3.375086853524180697e-01 -3.383099020231838949e-02 -1.129991210859202511e-01 -1.802454790622221026e-01 4.199095282791631689e-02 2.042960675110521152e-01 1.578861886546292226e-01 1.212731389409782423e-02 1.069276353047712291e-01 3.777070787206184832e-01 1.947979475681904660e-02 -5.903993057847856107e-02 4.112610359657651316e-01 -2.987415434512286083e-02 -1.255263122908445439e-01
-1.859904748507915428e+00 -2.414809462659150086e+00 -6.276515919491316708e-01 -4.172697801236608939e-01 -2.344310523213266606e-01 4.622163737581104215e-01 4.446378504034100843e-01 8.628404402535352347e-01 -6.944844181677467532e-01 2.571084521833313374e-01 5.467723771953956202e-01 -7.704428766239743709e-01 4.772051385322129136e-02 2.593148212366145344e-01 1.987891706860978047e-01 4.875053408328540172e-01 -3.560379555544841423e-01 2.639638282066698594e-01 6.172685927946020001e-01 -1.101322344593370417e+00 3.762059776601063277e-01 8.065168189576183977e-01 -2.936897565043068425e-01 4.585263891086128751e-01 -3.537092832713710777e-01 6.901269215229035581e-01 -1.768490870398409243e-02 -2.987415434512286083e-02 2.041236282077761643e+00 3.505613965618863404e-01
-5.957292562501379507e-01 -2.991099085397763702e-01 -5.857179016691134166e-01 -1.461200134555156183e-01 1.391063806397596636e-02 -1.270788551190094040e-01 1.204800505744287875e-01 -3.207592103814249640e-02 -7.547702597105399036e-02 4.934219316226062801e-02 9.709742864447434840e-02 1.564586296818788469e-01 2.159502396529546786e-01 -5.121383175998062143e-02 1.412842681773440745e-01 1.763609777181613936e-01 1.621339368807639403e-01 -3.132559004473023379e-02 2.368116805929503244e-01 -5.735487036957920282e-02 1.036379759642613863e-02 2.582332775862141716e-01 -1.998211517053505304e-01 -6.367983390703102486e-02 -1.898027586895523200e-01 1.587211747397532235e-02 1.086634109111059843e-01 -1.255263122908445439e-01 3.505613965618863404e-01 4.665095357503901141e-01
