4.363120976986124333e+00 2.711261086087233707e+00 1.823518543067280007e+00 7.012794060340183933e-01 1.016050304014015637e-02 3.941908026018268174e-01 -8.513814837656354939e-01 -8.386950510704309636e-01 8.328198258162728962e-01 -6.536819664054291934e-01 -9.838919092247806475e-01 5.100037444643703566e-01 -6.323923895957364039e-01 -2.224256736176926097e-01 -8.752277785053479420e-01 -1.200523960417456237e+00 4.242809437840833198e-02 -6.356905243890196289e-01 -1.234509076904544145e+00 9.320171155349612491e-01 -4.706276610841086949e-01 -1.061152928855790378e+00 4.332950730500328973e-01 -5.159740050011123458e-01 4.511558958304817679e-01 -3.208627906537913077e-01 -4.838075050352017570e-01 1.180857641609804887e-01 -1.763287158840000757e+00 -5.792040347070042117e-01
2.711261086087233707e+00 4.065376353526517050e+00 8.355385225754616840e-01 5.626244523483023841e-01 -3.158679314839218932e-01 -8.259775122756423116e-01 -3.537272272720883848e-01 -1.990613273015753748e+00 1.261519572250051624e+00 -5.339584066185238953e-01 -7.257479747763682099e-01 1.538083550496253338e+00 -8.360845791429483143e-02 -2.836258309002346323e-01 -3.908759035174398377e-01 -7.758556759178532047e-01 9.249069604881015039e-01 -4.768030295398943963e-01 -7.033567607764439344e-01 1.557122513713977696e+00 -5.073354492650423708e-01 -8.579397971965931902e-01 2.205709154933970240e-01 -9.075531925854534165e-01 2.285845359344875760e-01 -1.016156521275433988e+00 -1.886195272032296089e-01 -1.940244583400954070e-01 -2.435965373054045813e+00 -3.379760589581337626e-01
1.823518543067280007e+00 8.355385225754616840e-01 3.395850447082864321e+00 1.924314940935119012e-01 5.537129638058786441e-01 3.372275371051500770e-01 -4.405854184946633723e-01 -6.661470171767973625e-01 -1.165917368059069759e+00 -5.609776477872401301e-01 -9.340097161197036257e-01 -7.958086916889328677e-01 -8.546084031090117605e-01 1.149525305676206699e-01 -9.229645426029264854e-01 -1.479267650640963438e+00 2.387788548658136278e-01 -4.145427898313869264e-01 -8.416776537173120687e-01 4.081346409855655111e-01 5.513692752763859062e-01 1.945216452979821042e-01 1.103275882524030749e-01 2.898788345510183717e-02 1.085374176027471549e+00 -4.599072479538790503e-02 -4.869664515223348644e-01 8.812705123446562538e-01 -6.152977197188533864e-01 -5.272346404053678270e-01
7.012794060340183933e-01 5.626244523483023841e-01 1.924314940935119012e-01 4.223028686681118415e-01 -6.826641945957589996e-02 -9.020209852735661116e-03 -1.004132835333848561e-01 -8.195548656658502296e-02 3.711716008680809864e-01 -6.450999987379191225e-02 -1.640352992346265637e-01 1.726641852617945005e-01 -1.169320656840113770e-01 7.949565473950315209e-04 -1.390043500022102307e-01 -2.153459342294468115e-01 1.859191348955846479e-03 -1.398365320465586592e-01 -3.188191108916385019e-01 9.499001944669771547e-02 -1.117895339659185083e-01 -2.592584648332945108e-01 3.794963489133351686e-02 -1.018214723051755755e-01 -5.180729903486280818e-03 -7.976633405178290559e-02 -1.129072288405268409e-01 -4.312225825634641296e-02 -3.041936962865179339e-01 -1.218869545693905820e-01
1.016050304014015637e-02 -3.158679314839218932e-01 5.537129638058786441e-01 -6.826641945957589996e-02 7.948404503046617720e-01 1.760110754282209200e-01 -1.322009065726206245e-01 -3.015951802461813713e-02 -5.121221116083916058e-01 -7.112454977169591075e-02 -2.741560844903006000e-01 -1.068733015163729760e-01 5.287167397625580634e-02 -3.314729064115908841e-01 -1.586079496161119096e-01 -3.198673019063562606e-01 6.747677790559691857e-02 -1.083129244395308888e-01 -1.690368128037107454e-01 3.206462952065294303e-01 1.573833229247156851e-01 5.987241819252631103e-02 3.455645366631188153e-02 -5.648269377502401767e-03 3.267956124736883794e-01 -4.429980299710223335e-02 -2.243668521884956135e-03 3.107954319553414280e-01 -2.215645528840468614e-01 6.700471817623565585e-03
3.941908026018268174e-01 -8.259775122756423116e-01 3.372275371051500770e-01 -9.020209852735661116e-03 1.760110754282209200e-01 8.019838851733425145e-01 -2.105395967682284208e-01 6.007205640078723263e-01 -2.664857880672002466e-01 -5.543720866086232490e-02 -1.234747214973594964e-01 -6.652534412286286170e-01 -1.922355189979612078e-01 -4.362607981590826967e-02 -3.115866295349860593e-01 -2.476092553738453717e-01 -4.301830702525535344e-01 -1.007248468631019023e-01 -1.862217078949299776e-01 -2.592451053664035499e-01 1.501368300838521463e-01 5.429691064654207366e-02 1.030351724044180628e-01 2.775205589230154146e-01 2.032783069799393161e-01 3.694763629371777824e-01 -1.128232492841902967e-01 2.492978210415230933e-01 4.332632695461029471e-01 -1.099946514441398904e-01
-8.513814837656354939e-01 -3.537272272720883848e-01 -4.405854184946633723e-01 -1.004132835333848561e-01 -1.322009065726206245e-01 -2.105395967682284208e-01 4.054983938435725577e-01 5.907819028220728796e-02 -1.254276842571471207e-01 1.791692977126899677e-01 3.012277795422733107e-01 3.321747847479628035e-02 1.176142059742915080e-01 6.290039789979573470e-02 2.804770096171864679e-01 2.623670381159968201e-01 9.907182592246499553e-02 1.571235951269045472e-01 2.170263673896783985e-01 -2.291860797782874215e-01 5.770866931158025182e-02 1.472138834395195772e-01 -1.738415293554567143e-01 5.171499377780719442e-02 -2.421963567255716043e-01 -1.242502745753881754e-02 8.177473337497076500e-02 -1.348993348184990282e-01 3.791024188578262510e-01 1.145365244468621313e-01
-8.386950510704309636e-01 -1.990613273015753748e+00 -6.661470171767973625e-01 -8.195548656658502296e-02 -3.015951802461813713e-02 6.007205640078723263e-01 5.907819028220728796e-02 1.552500312748691158e+00 -3.141577615600681384e-01 4.326669050120131033e-01 2.483670361983740804e-01 -9.573227261278134392e-01 6.967475108581311360e-03 2.396894265642117716e-01 3.331907934392575044e-01 5.624839942544781479e-01 -7.909303944244356899e-01 2.557586482008105122e-01 1.354418439745472824e-01 -8.498697811201623153e-01 2.012750863309520355e-02 -1.099434412060418254e-02 2.914322252138390468e-03 5.764483762400800515e-01 -2.567162635183990460e-01 5.660168241261658295e-01 1.583543205850332924e-01 -8.277436365574430965e-03 1.052084353012787687e+00 -6.973017632844857872e-03
8.328198258162728962e-01 1.261519572250051624e+00 -1.165917368059069759e+00 3.711716008680809864e-01 -5.121221116083916058e-01 -2.664857880672002466e-01 -1.254276842571471207e-01 -3.141577615600681384e-01 1.546642045979297109e+00 -1.046991956167744320e-01 3.437213268409777811e-01 9.761747515778438355e-01 2.206981004486578968e-01 -3.296874099022488735e-01 -2.567125031538353142e-02 2.240181957454296935e-01 -6.943812000668003748e-02 -8.837846044872321727e-02 -6.365852086432255419e-02 3.601380469883110891e-01 -5.219457560176579136e-01 -6.202876440378872758e-01 2.101363245711809213e-01 -3.444269503585815073e-01 -3.145529922111336418e-01 -2.382195535391247176e-01 -2.498094430853825543e-02 -4.200808720385680317e-01 -7.118904786107691507e-01 -8.500945251478242426e-02
-6.536819664054291934e-01 -5.339584066185238953e-01 -5.609776477872401301e-01 -6.450999987379191225e-02 -7.112454977169591075e-02 -5.543720866086232490e-02 1.791692977126899677e-01 4.326669050120131033e-01 -1.046991956167744320e-01 4.324803442252118657e-01 4.462435918014762137e-02 -2.158120377137606738e-01 9.069273513790676589e-02 2.910277057620191954e-01 3.970895685114328444e-01 4.374154998513404280e-01 -1.145710334466798486e-01 2.473988096122070601e-01 1.359141334772004939e-01 -3.447460967545907806e-01 -5.266982957846266800e-02 -7.327820735548584707e-02 -9.469840435639298448e-02 1.606541492720339193e-01 -2.967707687126903693e-01 8.114937416598877462e-02 1.359282701237702895e-01 -1.874306499314002394e-01 3.096301223872046648e-01 4.852505814596952405e-02
-9.838919092247806475e-01 -7.257479747763682099e-01 -9.340097161197036257e-01 -1.640352992346265637e-01 -2.741560844903006000e-01 -1.234747214973594964e-01 3.012277795422733107e-01 2.483670361983740804e-01 3.437213268409777811e-01 4.462435918014762137e-02 1.073435519075530920e+00 9.423134315261449956e-02 2.551560304446525151e-01 -3.548030295530679723e-01 1.771010742513681180e-01 4.274983509579328711e-01 -2.919018778448503326e-01 2.155367177955440638e-01 3.924472768111115784e-01 -3.000404619584742250e-01 -2.279418141182532054e-02 7.281226465693180216e-02 -5.309364356435253285e-03 8.334722537892957916e-02 -2.201370721517150741e-01 1.462444530097286588e-01 6.845210032673776368e-02 -1.257015627732585017e-01 4.839111916148794990e-01 9.788927056166585317e-02
5.100037444643703566e-01 1.538083550496253338e+00 -7.958086916889328677e-01 1.726641852617945005e-01 -1.068733015163729760e-01 -6.652534412286286170e-01 3.321747847479628035e-02 -9.573227261278134392e-01 9.761747515778438355e-01 -2.158120377137606738e-01 9.423134315261449956e-02 1.467828441992878652e+00 3.074670221304245388e-01 -3.791696596055658119e-01 6.723849213256016810e-02 8.578701852661652083e-02 4.452457373221250236e-01 -1.169670243669145293e-01 3.588270688373995654e-02 6.604884411087255103e-01 -4.278687450922120661e-01 -3.456934559611397617e-01 7.009871027293002044e-02 -5.849323880775614271e-01 -2.186330767505069161e-01 -4.793540184037965446e-01 -3.094220504931399773e-02 -3.648837634930828244e-01 -8.854280752067325011e-01 1.105311649006921471e-01
-6.323923895957364039e-01 -8.360845791429483143e-02 -8.546084031090117605e-01 -1.169320656840113770e-01 5.287167397625580634e-02 -1.922355189979612078e-01 1.176142059742915080e-01 6.967475108581311360e-03 2.206981004486578968e-01 9.069273513790676589e-02 2.551560304446525151e-01 3.074670221304245388e-01 4.826574986703349168e-01 -3.067053150332412770e-01 2.229952689425545032e-01 2.501991278850255185e-01 1.288493071360221620e-01 4.660509842307192230e-02 1.985357993373497720e-01 1.964581563898377681e-01 -7.687830147239083090e-02 -1.262724439243356755e-03 -6.822869265585040921e-02 -6.996535301988160427e-02 -2.087412109136721483e-01 -1.398450278623499798e-01 2.139058415614272235e-01 -1.803709349007363016e-01 -4.191527587937571298e-02 1.820164801208647987e-01
-2.224256736176926097e-01 -2.836258309002346323e-01 1.149525305676206699e-01 7.949565473950315209e-04 -3.314729064115908841e-01 -4.362607981590826967e-02 6.290039789979573470e-02 2.396894265642117716e-01 -3.296874099022488735e-01 2.910277057620191954e-01 -3.548030295530679723e-01 -3.791696596055658119e-01 -3.067053150332412770e-01 8.531131219987173608e-01 2.353197146259162764e-01 3.020149502870594915e-01 -6.971687176030627597e-02 2.054471260719310521e-01 1.079594174179305810e-01 -5.855876560972319567e-01 1.505568594825490436e-02 1.066164338264457001e-01 -9.379296717844454179e-02 1.899365834612467552e-01 -1.921818698850756846e-01 1.835057953460932367e-01 -1.710418386807077695e-02 -1.500007588826974825e-01 4.426903194847113809e-01 8.875764701031130244e-03
-8.752277785053479420e-01 -3.908759035174398377e-01 -9.229645426029264854e-01 -1.390043500022102307e-01 -1.586079496161119096e-01 -3.115866295349860593e-01 2.804770096171864679e-01 3.331907934392575044e-01 -2.567125031538353142e-02 3.970895685114328444e-01 1.771010742513681180e-01 6.723849213256016810e-02 2.229952689425545032e-01 2.353197146259162764e-01 7.417606107754863842e-01 6.479773024358337352e-01 1.841593264157381782e-02 2.684658142802049952e-01 2.744079883382823937e-01 -2.566248973572555769e-01 -2.081921395748054238e-01 -6.463881650088865172e-02 -1.431362694505082800e-01 4.709484187407042555e-02 -4.298431395156967483e-01 -4.463490804192815631e-02 2.200985465904068406e-01 -3.142325626552633366e-01 2.298528172435680972e-01 1.237561933430129102e-01
-1.200523960417456237e+00 -7.758556759178532047e-01 -1.479267650640963438e+00 -2.153459342294468115e-01 -3.198673019063562606e-01 -2.476092553738453717e-01 2.623670381159968201e-01 5.624839942544781479e-01 2.240181957454296935e-01 4.374154998513404280e-01 4.274983509579328711e-01 8.578701852661652083e-02 2.501991278850255185e-01 3.020149502870594915e-01 6.479773024358337352e-01 1.034255838502588176e+00 -2.756232752144569531e-01 4.576711953338303829e-01 5.542076158674547059e-01 -5.083236978395007100e-01 -2.519550145696598520e-01 -1.199568940173207920e-01 -1.922621353190834270e-02 1.453686445534572158e-01 -5.675301025020473844e-01 1.456452114631474615e-01 2.694459818712857668e-01 -4.350882274099490132e-01 4.612534682806312958e-01 1.485639012470869602e-01
4.242809437840833198e-02 9.249069604881015039e-01 2.387788548658136278e-01 1.859191348955846479e-03 6.747677790559691857e-02 -4.301830702525535344e-01 9.907182592246499553e-02 -7.909303944244356899e-01 -6.943812000668003748e-02 -1.145710334466798486e-01 -2.919018778448503326e-01 4.452457373221250236e-01 1.288493071360221620e-01 -6.971687176030627597e-02 1.841593264157381782e-02 -2.756232752144569531e-01 7.046751233114036950e-01 -1.588666174183686053e-01 -2.561638899049967222e-02 4.349084078312444035e-01 6.970318647677231638e-02 1.853921102395474918e-01 -2.158215544230870364e-01 -3.027804008679026992e-01 1.789362448101883274e-02 -3.749854911608849761e-01 6.883221962539209926e-04 -5.968326440114424258e-02 -3.886118226295707245e-01 1.884358950724731585e-01
-6.356905243890196289e-01 -4.768030295398943963e-01 -4.145427898313869264e-01 -1.398365320465586592e-01 -1.083129244395308888e-01 -1.007248468631019023e-01 1.571235951269045472e-01 2.557586482008105122e-01 -8.837846044872321727e-02 2.473988096122070601e-01 2.155367177955440638e-01 -1.169670243669145293e-01 4.660509842307192230e-02 2.054471260719310521e-01 2.684658142802049952e-01 4.576711953338303829e-01 -1.588666174183686053e-01 3.588050108178322262e-01 2.690472172580484767e-01 -3.428801228383804300e-01 -2.967121848251963456e-02 -5.279039904482374368e-02 1.389610475058589145e-02 1.056167624537351912e-01 -1.988925271824655283e-01 1.195572337159660492e-01 4.354502406175697615e-02 -1.506358542268912970e-01 2.766672229000732841e-01 -2.614887515295549747e-02
-1.234509076904544145e+00 -7.033567607764439344e-01 -8.416776537173120687e-01 -3.188191108916385019e-01 -1.690368128037107454e-01 -1.862217078949299776e-01 2.170263673896783985e-01 1.354418439745472824e-01 -6.365852086432255419e-02 1.359141334772004939e-01 3.924472768111115784e-01 3.588270688373995654e-02 1.985357993373497720e-01 1.079594174179305810e-01 2.744079883382823937e-01 5.542076158674547059e-01 -2.561638899049967222e-02 2.690472172580484767e-01 5.990098685340115026e-01 -3.175036433834748095e-01 4.973476251589659114e-02 3.058673306487378341e-01 -8.272473140405622871e-02 8.209482411115232026e-02 -2.639048269383863499e-01 1.162489046447774399e-01 1.612253490924899779e-01 -1.933280079671533258e-01 5.461402287063492622e-01 2.191649001561017940e-01
9.320171155349612491e-01 1.557122513713977696e+00 4.081346409855655111e-01 9.499001944669771547e-02 3.206462952065294303e-01 -2.592451053664035499e-01 -2.291860797782874215e-01 -8.498697811201623153e-01 3.601380469883110891e-01 -3.447460967545907806e-01 -3.000404619584742250e-01 6.604884411087255103e-01 1.964581563898377681e-01 -5.855876560972319567e-01 -2.566248973572555769e-01 -5.083236978395007100e-01 4.349084078312444035e-01 -3.428801228383804300e-01 -3.175036433834748095e-01 1.129679576051671575e+00 -1.142401040922891298e-01 -2.598252705855657041e-01 7.660676562915114118e-02 -4.048335806209024668e-01 3.050668491867440935e-01 -5.611083054412233651e-01 2.990280782125864789e-02 1.310523810717540982e-01 -1.222358091019373205e+00 -8.084009583188844772e-02
-4.706276610841086949e-01 -5.073354492650423708e-01 5.513692752763859062e-01 -1.117895339659185083e-01 1.573833229247156851e-01 1.501368300838521463e-01 5.770866931158025182e-02 2.012750863309520355e-02 -5.219457560176579136e-01 -5.266982957846266800e-02 -2.279418141182532054e-02 -4.278687450922120661e-01 -7.687830147239083090e-02 1.505568594825490436e-02 -2.081921395748054238e-01 -2.519550145696598520e-01 6.970318647677231638e-02 -2.967121848251963456e-02 4.973476251589659114e-02 -1.142401040922891298e-01 3.760258710483981304e-01 4.143479688827369500e-01 -1.182594471264337699e-01 1.469589134414945875e-01 2.114483040191998953e-01 1.155238797784363669e-01 -7.090908046967570044e-02 2.306804486456712766e-01 3.848358714563460126e-01 3.409612802056471992e-02
-1.061152928855790378e+00 -8.579397971965931902e-01 1.945216452979821042e-01 -2.592584648332945108e-01 5.987241819252631103e-02 5.429691064654207366e-02 1.472138834395195772e-01 -1.099434412060418254e-02 -6.202876440378872758e-01 -7.327820735548584707e-02 7.281226465693180216e-02 -3.456934559611397617e-01 -1.262724439243356755e-03 1.066164338264457001e-01 -6.463881650088865172e-02 -1.199568940173207920e-01 1.853921102395474918e-01 -5.279039904482374368e-02 3.058673306487378341e-01 -2.598252705855657041e-01 4.143479688827369500e-01 8.164169438792612254e-01 -2.519740375921060149e-01 1.341432385064535993e-01 9.914614522108422534e-02 1.597054275037521620e-01 5.564868172768910881e-03 1.462651669052092984e-01 7.963341346825245637e-01 2.805351814743062278e-01
4.332950730500328973e-01 2.205709154933970240e-01 1.103275882524030749e-01 3.794963489133351686e-02 3.455645366631188153e-02 1.030351724044180628e-01 -1.738415293554567143e-01 2.914322252138390468e-03 2.101363245711809213e-01 -9.469840435639298448e-02 -5.309364356435253285e-03 7.009871027293002044e-02 -6.822869265585040921e-02 -9.379296717844454179e-02 -1.431362694505082800e-01 -1.922621353190834270e-02 -2.158215544230870364e-01 1.389610475058589145e-02 -8.272473140405622871e-02 7.660676562915114118e-02 -1.182594471264337699e-01 -2.519740375921060149e-01 2.936120720414692187e-01 -1.094365637817418246e-02 1.477564898657419690e-01 3.166869586942766546e-02 -2.060936995053452847e-02 7.169259608554057195e-02 -3.450060311448623906e-01 -2.145445612590606288e-01
-5.159740050011123458e-01 -9.075531925854534165e-01 2.898788345510183717e-02 -1.018214723051755755e-01 -5.648269377502401767e-03 2.775205589230154146e-01 5.171499377780719442e-02 5.764483762400800515e-01 -3.444269503585815073e-01 1.606541492720339193e-01 8.334722537892957916e-02 -5.849323880775614271e-01 -6.996535301988160427e-02 1.899365834612467552e-01 4.709484187407042555e-02 1.453686445534572158e-01 -3.027804008679026992e-01 1.056167624537351912e-01 8.209482411115232026e-02 -4.048335806209024668e-01 1.469589134414945875e-01 1.341432385064535993e-01 -1.094365637817418246e-02 3.520257547300502665e-01 1.449282983435296046e-02 2.665067995548611179e-01 3.312548261692427332e-02 9.929307780265617112e-02 5.155201090183254564e-01 -6.197111500961227648e-02
4.511558958304817679e-01 2.285845359344875760e-01 1.085374176027471549e+00 -5.180729903486280818e-03 3.267956124736883794e-01 2.032783069799393161e-01 -2.421963567255716043e-01 -2.567162635183990460e-01 -3.145529922111336418e-01 -2.967707687126903693e-01 -2.201370721517150741e-01 -2.186330767505069161e-01 -2.087412109136721483e-01 -1.921818698850756846e-01 -4.298431395156967483e-01 -5.675301025020473844e-01 1.789362448101883274e-02 -1.988925271824655283e-01 -2.639048269383863499e-01 3.050668491867440935e-01 2.114483040191998953e-01 9.914614522108422534e-02 1.477564898657419690e-01 1.449282983435296046e-02 5.819049146572297104e-01 -1.513139311026634459e-02 -1.782002818038108671e-01 4.521173548847059465e-01 -3.419305789931286199e-01 -1.744717675942979440e-01
-3.208627906537913077e-01 -1.016156521275433988e+00 -4.599072479538790503e-02 -7.976633405178290559e-02 -4.429980299710223335e-02 3.694763629371777824e-01 -1.242502745753881754e-02 5.660168241261658295e-01 -2.382195535391247176e-01 8.114937416598877462e-02 1.462444530097286588e-01 -4.793540184037965446e-01 -1.398450278623499798e-01 1.835057953460932367e-01 -4.463490804192815631e-02 1.456452114631474615e-01 -3.749854911608849761e-01 1.195572337159660492e-01 1.162489046447774399e-01 -5.611083054412233651e-01 1.155238797784363669e-01 1.597054275037521620e-01 3.166869586942766546e-02 2.665067995548611179e-01 -1.513139311026634459e-02 4.209179444795267955e-01 -5.789748946108375094e-02 6.528187898243231757e-02 6.481970153086535902e-01 -4.967698207792636822e-03
-4.838075050352017570e-01 -1.886195272032296089e-01 -4.869664515223348644e-01 -1.129072288405268409e-01 -2.243668521884956135e-03 -1.128232492841902967e-01 8.177473337497076500e-02 1.583543205850332924e-01 -2.498094430853825543e-02 1.359282701237702895e-01 6.845210032673776368e-02 -3.094220504931399773e-02 2.139058415614272235e-01 -1.710418386807077695e-02 2.200985465904068406e-01 2.694459818712857668e-01 6.883221962539209926e-04 4.354502406175697615e-02 1.612253490924899779e-01 2.990280782125864789e-02 -7.090908046967570044e-02 5.564868172768910881e-03 -2.060936995053452847e-02 3.312548261692427332e-02 -1.782002818038108671e-01 -5.789748946108375094e-02 3.325386571954140891e-01 -9.293024592818710516e-02 2.907611666984166732e-02 9.731419950185227208e-02
1.180857641609804887e-01 -1.940244583400954070e-01 8.812705123446562538e-01 -4.312225825634641296e-02 3.107954319553414280e-01 2.492978210415230933e-01 -1.348993348184990282e-01 -8.277436365574430965e-03 -4.200808720385680317e-01 -1.874306499314002394e-01 -1.257015627732585017e-01 -3.648837634930828244e-01 -1.803709349007363016e-01 -1.500007588826974825e-01 -3.142325626552633366e-01 -4.350882274099490132e-01 -5.968326440114424258e-02 -1.506358542268912970e-01 -1.933280079671533258e-01 1.310523810717540982e-01 2.306804486456712766e-01 1.462651669052092984e-01 7.169259608554057195e-02 9.929307780265617112e-02 4.521173548847059465e-01 6.528187898243231757e-02 -9.293024592818710516e-02 4.577710071251317459e-01 -4.113393986608571140e-02 -1.177784763189606565e-01
-1.763287158840000757e+00 -2.435965373054045813e+00 -6.152977197188533864e-01 -3.041936962865179339e-01 -2.215645528840468614e-01 4.332632695461029471e-01 3.791024188578262510e-01 1.052084353012787687e+00 -7.118904786107691507e-01 3.096301223872046648e-01 4.839111916148794990e-01 -8.854280752067325011e-01 -4.191527587937571298e-02 4.426903194847113809e-01 2.298528172435680972e-01 4.612534682806312958e-01 -3.886118226295707245e-01 2.766672229000732841e-01 5.461402287063492622e-01 -1.222358091019373205e+00 3.848358714563460126e-01 7.963341346825245637e-01 -3.450060311448623906e-01 5.155201090183254564e-01 -3.419305789931286199e-01 6.481970153086535902e-01 2.907611666984166732e-02 -4.113393986608571140e-02 1.986622899375674933e+00 3.434000099659897387e-01
-5.792040347070042117e-01 -3.379760589581337626e-01 -5.272346404053678270e-01 -1.218869545693905820e-01 6.700471817623565585e-03 -1.099946514441398904e-01 1.145365244468621313e-01 -6.973017632844857872e-03 -8.500945251478242426e-02 4.852505814596952405e-02 9.788927056166585317e-02 1.105311649006921471e-01 1.820164801208647987e-01 8.875764701031130244e-03 1.237561933430129102e-01 1.485639012470869602e-01 1.884358950724731585e-01 -2.614887515295549747e-02 2.191649001561017940e-01 -8.084009583188844772e-02 3.409612802056471992e-02 2.805351814743062278e-01 -2.145445612590606288e-01 -6.197111500961227648e-02 -1.744717675942979440e-01 -4.967698207792636822e-03 9.731419950185227208e-02 -1.177784763189606565e-01 3.434000099659897387e-01 4.446606388300438084e-01
