4.579861643407980409e+00 2.838086976814850004e+00 1.795972618211521876e+00 6.581616535687544456e-01 6.847040575672735940e-02 3.427751251995232451e-01 -8.468098050520893594e-01 -1.072303121705886042e+00 7.090488180019178799e-01 -7.823027059597507105e-01 -1.157239705976053301e+00 6.634903836884404882e-01 -5.821929742505744798e-01 -5.258549717437404070e-01 -1.021171140915328124e+00 -1.300857961535371032e+00 2.146185500868114104e-02 -6.073804023420734666e-01 -1.256760980856142851e+00 1.123054817004970118e+00 -4.257960415752108929e-01 -1.071284026456567062e+00 6.606200779455093652e-01 -4.934867832137115329e-01 5.177796522924609235e-01 -2.185437471999307490e-01 -5.230405901673975677e-01 8.440617526201776855e-02 -1.737753422613195653e+00 -4.404117764771626753e-01
2.838086976814850004e+00 3.539243071844623501e+00 1.063228200487401409e+00 4.817045705282794188e-01 -2.579964107158616571e-01 -6.000703520207366637e-01 -4.371798814577232406e-01 -1.865177489972325020e+00 8.355977443722508724e-01 -6.162492757537734178e-01 -8.801022422165374337e-01 1.157653384301113419e+00 -1.495321380178893378e-01 -5.316967935018510616e-01 -6.324177626098048677e-01 -9.056581434335271297e-01 5.530688014395650498e-01 -4.311457290874614046e-01 -6.981356013777428871e-01 1.392926550959202814e+00 -3.542557384880069549e-01 -7.462071626755744091e-01 4.608107370127640934e-01 -6.533803482824964703e-01 3.664377497918849258e-01 -5.253353880822828614e-01 -2.751500859944826516e-01 -1.332667172458741334e-01 -1.885742339325304329e+00 -1.100589423607516437e-01
1.795972618211521876e+00 1.063228200487401409e+00 3.511366051470190541e+00 1.118550491826226789e-01 8.052642341364730783e-01 3.779275224981688552e-01 -4.573121709312317762e-01 -8.107115500046120360e-01 -1.229410691921373200e+00 -7.047835262963531022e-01 -9.552627794270165396e-01 -6.893769148873047925e-01 -8.387484308396437882e-01 -7.883804608729860774e-02 -1.064152362509446448e+00 -1.587756330047852771e+00 4.480536817792426518e-01 -5.132101708384197991e-01 -8.541115441456099688e-01 5.529029930506794699e-01 6.020831070407552943e-01 3.343377155925963962e-01 3.885995227574312594e-02 -3.293387256258029083e-02 1.200550614433723240e+00 -2.671716924857037156e-01 -4.819162211001071228e-01 9.999960838891865933e-01 -7.963257853490404159e-01 -4.803757333139060393e-01
6.581616535687544456e-01 4.817045705282794188e-01 1.118550491826226789e-01 4.357088685502503722e-01 -9.635055637505729464e-02 -1.306377140048198271e-02 -8.335056266002993652e-02 -3.022600925214646850e-02 3.398902112841142298e-01 -2.687121785851331879e-02 -2.147791727609273948e-01 1.807870957699151404e-01 -9.215839583657725598e-02 2.194285289874642331e-03 -1.083994144272537596e-01 -1.645193260445125816e-01 -7.765913473423324831e-02 -1.114679085850411866e-01 -2.954914434482134311e-01 9.419107751955380081e-02 -1.341408290770687017e-01 -2.851480318490757782e-01 8.812545632343926627e-02 -7.100020426781838978e-02 -4.883049432368125053e-02 -2.055741419906098599e-02 -1.088979275806423175e-01 -9.750167348306604254e-02 -2.266434511515171835e-01 -8.556269451821663097e-02
6.847040575672735940e-02 -2.579964107158616571e-01 8.052642341364730783e-01 -9.635055637505729464e-02 9.951306024211703516e-01 2.308274778764030088e-01 -1.985167178469851024e-01 -3.361572659952116737e-02 -5.868467359518945159e-01 -1.942949529206998704e-01 -2.262298499560984055e-01 -1.635134171791605695e-01 -9.190379268261494872e-03 -4.071201633528289676e-01 -1.979704514416198435e-01 -4.590889944514060517e-01 2.095536857596584923e-01 -2.198664124671267928e-01 -1.996330579817140460e-01 3.679028894338784994e-01 1.872519457178327684e-01 1.828006641271713306e-01 -8.793949679193246993e-02 -5.155529723299423495e-02 4.536915915757049333e-01 -2.006131924646865627e-01 1.029347118935675098e-02 4.521118121026006520e-01 -3.590723707012557497e-01 -1.388428298741928302e-02
3.427751251995232451e-01 -6.000703520207366637e-01 3.779275224981688552e-01 -1.306377140048198271e-02 2.308274778764030088e-01 7.055726430298250307e-01 -1.608846299877768615e-01 4.738566388448930411e-01 -2.273351495285851342e-01 -7.285720871476542015e-02 -1.379664268761757739e-01 -4.973827386655784721e-01 -1.781634590782914529e-01 -3.531507063581784678e-02 -2.719850136561490217e-01 -2.569066777482476027e-01 -2.625706240254999102e-01 -1.176425804160317057e-01 -1.938306518392494127e-01 -1.397348538641267623e-01 1.280985732992689918e-01 6.614049420170431404e-02 5.814801151899473552e-02 1.862285136994614732e-01 2.106407712456075387e-01 1.806084322383298968e-01 -1.113665905766652031e-01 2.561501409974766830e-01 2.322165574593100246e-01 -1.721147994512080004e-01
-8.468098050520893594e-01 -4.371798814577232406e-01 -4.573121709312317762e-01 -8.335056266002993652e-02 -1.985167178469851024e-01 -1.608846299877768615e-01 3.921222189043191975e-01 1.418555641329817263e-01 -8.844829829592981696e-02 2.158779780056647724e-01 3.321746778969441038e-01 -4.712184375830474892e-02 9.741269029376553590e-02 1.430776369302861895e-01 2.985733589554797618e-01 2.986909007261715487e-01 3.423124985437198120e-02 1.555339398705086751e-01 2.148313901164442541e-01 -3.128177085238235122e-01 4.957498036822016729e-02 1.235951001629018720e-01 -1.896314100774816325e-01 8.929254677650533267e-02 -2.702860497148549257e-01 3.760807098541363303e-02 7.656267537782923682e-02 -1.420831661803276802e-01 4.491985330988086389e-01 8.422942719636239417e-02
-1.072303121705886042e+00 -1.865177489972325020e+00 -8.107115500046120360e-01 -3.022600925214646850e-02 -3.361572659952116737e-02 4.738566388448930411e-01 1.418555641329817263e-01 1.547706438458135381e+00 -2.019672904133358315e-01 5.132763883806319427e-01 2.760861286005820148e-01 -7.732572643866433282e-01 6.680419461906694778e-02 4.115656280650910048e-01 4.900794230317728761e-01 6.311076799939883131e-01 -6.217049065654691731e-01 2.772021719163717535e-01 1.524947609445348462e-01 -7.358696170392704516e-01 -2.750739555767722777e-02 -3.880789717453581034e-02 -8.507003290577586085e-02 4.647705152896151048e-01 -3.209684528548564231e-01 3.196510541563952756e-01 2.210826489021542329e-01 -4.323298315836154870e-02 7.864292541750046439e-01 -1.135476026925630322e-01
7.090488180019178799e-01 8.355977443722508724e-01 -1.229410691921373200e+00 3.398902112841142298e-01 -5.868467359518945159e-01 -2.273351495285851342e-01 -8.844829829592981696e-02 -2.019672904133358315e-01 1.364559199789368904e+00 -2.449826469563731735e-02 3.128388262871339975e-01 8.133713976735066353e-01 2.334033575323246623e-01 -3.665165206332403613e-01 1.222822171200732555e-03 2.853193137123071210e-01 -3.094044317396651422e-01 2.226616067588338410e-02 1.635209829089490086e-03 2.153137388194750201e-01 -4.840977615909309861e-01 -6.095615186059433199e-01 3.537522632985883320e-01 -2.212798191224578659e-01 -3.550282267552802296e-01 7.867493514817169853e-02 -6.027575789374850501e-02 -4.917601236306268220e-01 -3.314426079877534903e-01 2.097983916195289567e-02
-7.823027059597507105e-01 -6.162492757537734178e-01 -7.047835262963531022e-01 -2.687121785851331879e-02 -1.942949529206998704e-01 -7.285720871476542015e-02 2.158779780056647724e-01 5.132763883806319427e-01 -2.449826469563731735e-02 4.980118414464982379e-01 1.026803602500763191e-01 -2.167109740154842257e-01 1.029221467187539929e-01 4.399675374261278193e-01 4.450677308352624095e-01 5.065253228420942833e-01 -1.383066016765042150e-01 2.798372146029350915e-01 1.640664730685728046e-01 -4.082873532079247525e-01 -5.832605748713604044e-02 -8.947996587312445627e-02 -1.244016073650300314e-01 1.744190569583565775e-01 -3.598969699567646785e-01 7.817979445746914280e-02 1.547470447262639937e-01 -2.288529964483814183e-01 3.474362861259123747e-01 2.310545140062458813e-02
-1.157239705976053301e+00 -8.801022422165374337e-01 -9.552627794270165396e-01 -2.147791727609273948e-01 -2.262298499560984055e-01 -1.379664268761757739e-01 3.321746778969441038e-01 2.760861286005820148e-01 3.128388262871339975e-01 1.026803602500763191e-01 1.156714707906871809e+00 2.892575561952526186e-02 2.787520607005262718e-01 -3.594740261653441848e-01 2.676461786210211358e-01 4.793568610641614214e-01 -2.883910447076232231e-01 2.460798011500173743e-01 4.339182114794084555e-01 -3.596591278679852621e-01 -1.271009142197954134e-02 9.908591689332979513e-02 -3.025627487454585207e-02 7.841997853279281117e-02 -2.364467918028481108e-01 1.709165190241606069e-01 8.578172997511046560e-02 -1.175025173038193316e-01 5.403955769751291882e-01 8.624641114801079311e-02
6.634903836884404882e-01 1.157653384301113419e+00 -6.893769148873047925e-01 1.807870957699151404e-01 -1.635134171791605695e-01 -4.973827386655784721e-01 -4.712184375830474892e-02 -7.732572643866433282e-01 8.133713976735066353e-01 -2.167109740154842257e-01 2.892575561952526186e-02 1.161373454206170663e+00 2.411245478792238828e-01 -4.078822763794391904e-01 -6.107262326793261309e-03 4.762880676216241227e-02 1.809824541442139889e-01 -9.351034567765736938e-02 2.194843821314407251e-02 4.694708183472471319e-01 -3.730597447529930832e-01 -3.330852702588629199e-01 1.714250276932034467e-01 -4.256954456561743427e-01 -1.936690241228689047e-01 -1.473959617908349173e-01 -8.255101037963186172e-02 -3.643918364574005864e-01 -5.164082981469846345e-01 1.929384337409487671e-01
-5.821929742505744798e-01 -1.495321380178893378e-01 -8.387484308396437882e-01 -9.215839583657725598e-02 -9.190379268261494872e-03 -1.781634590782914529e-01 9.741269029376553590e-02 6.680419461906694778e-02 2.334033575323246623e-01 1.029221467187539929e-01 2.787520607005262718e-01 2.411245478792238828e-01 4.457437112742468344e-01 -2.829207584293840227e-01 2.607977232308940074e-01 2.666991166879597586e-01 4.982224935514523168e-02 5.160275967199368097e-02 2.092125756491896027e-01 1.167738122817922886e-01 -9.800512325602994679e-02 -1.188517419967638489e-02 -6.422033549876005054e-02 -4.529315763420527219e-02 -2.313139256988847592e-01 -5.741020750940606376e-02 1.930821119989332146e-01 -2.044400105447721216e-01 5.112148943067040818e-02 1.802002276922962665e-01
-5.258549717437404070e-01 -5.316967935018510616e-01 -7.883804608729860774e-02 2.194285289874642331e-03 -4.071201633528289676e-01 -3.531507063581784678e-02 1.430776369302861895e-01 4.115656280650910048e-01 -3.665165206332403613e-01 4.399675374261278193e-01 -3.594740261653441848e-01 -4.078822763794391904e-01 -2.829207584293840227e-01 1.115244004057046823e+00 3.030838711709975541e-01 4.423796446652659142e-01 -9.922247577009102315e-02 3.097511637996603895e-01 1.481063548363010796e-01 -6.932149445804611787e-01 4.601352866154684307e-02 9.298581387332660597e-02 -1.279644974840152827e-01 2.337098355556008755e-01 -2.777386530666490216e-01 1.761760844547666238e-01 2.431251835821512941e-02 -1.821971154067227872e-01 5.157077418149356163e-01 -2.831917438754771865e-02
-1.021171140915328124e+00 -6.324177626098048677e-01 -1.064152362509446448e+00 -1.083994144272537596e-01 -1.979704514416198435e-01 -2.719850136561490217e-01 2.985733589554797618e-01 4.900794230317728761e-01 1.222822171200732555e-03 4.450677308352624095e-01 2.676461786210211358e-01 -6.107262326793261309e-03 2.607977232308940074e-01 3.030838711709975541e-01 7.781900904353733495e-01 6.897011381891786641e-01 -4.539114279094746962e-02 2.925193333594222622e-01 2.954806231361999380e-01 -3.345484913310201591e-01 -1.855939419751848618e-01 -7.093465243053742597e-02 -1.678687588388356744e-01 8.576172321943431598e-02 -4.684098090045267782e-01 2.314107414349564351e-03 2.518342291886028761e-01 -3.207059368072009420e-01 3.150726439708932958e-01 1.183103787288928288e-01
-1.300857961535371032e+00 -9.056581434335271297e-01 -1.587756330047852771e+00 -1.645193260445125816e-01 -4.590889944514060517e-01 -2.569066777482476027e-01 2.986909007261715487e-01 6.311076799939883131e-01 2.853193137123071210e-01 5.065253228420942833e-01 4.793568610641614214e-01 4.762880676216241227e-02 2.666991166879597586e-01 4.423796446652659142e-01 6.897011381891786641e-01 1.046784779948438882e+00 -2.902938497465470391e-01 4.812394790375265075e-01 5.484847358767126480e-01 -5.673283537920497110e-01 -2.318635334013947613e-01 -1.266431040043300982e-01 -4.538985427541319950e-02 1.581500746734718632e-01 -6.131489859176610935e-01 1.887539049719748618e-01 2.835726220305900824e-01 -4.620155272627926024e-01 5.261614336560569427e-01 1.309149637383484333e-01
2.146185500868114104e-02 5.530688014395650498e-01 4.480536817792426518e-01 -7.765913473423324831e-02 2.095536857596584923e-01 -2.625706240254999102e-01 3.423124985437198120e-02 -6.217049065654691731e-01 -3.094044317396651422e-01 -1.383066016765042150e-01 -2.883910447076232231e-01 1.809824541442139889e-01 4.982224935514523168e-02 -9.922247577009102315e-02 -4.539114279094746962e-02 -2.902938497465470391e-01 5.722434261371631692e-01 -1.574707623996118855e-01 -2.073648409677275595e-02 2.664588400015190928e-01 1.454092688823607205e-01 2.601760326011515190e-01 -2.104970438352893325e-01 -1.741650446255107454e-01 1.069886150540355629e-01 -2.215671292525485114e-01 -2.364632249071974002e-02 5.431639072850202865e-02 -1.599419452313100010e-01 1.982025617822955610e-01
-6.073804023420734666e-01 -4.311457290874614046e-01 -5.132101708384197991e-01 -1.114679085850411866e-01 -2.198664124671267928e-01 -1.176425804160317057e-01 1.555339398705086751e-01 2.772021719163717535e-01 2.226616067588338410e-02 2.798372146029350915e-01 2.460798011500173743e-01 -9.351034567765736938e-02 5.160275967199368097e-02 3.097511637996603895e-01 2.925193333594222622e-01 4.812394790375265075e-01 -1.574707623996118855e-01 3.702949832450030954e-01 2.508717068777741588e-01 -3.460662780468624078e-01 -5.876928731021280328e-02 -9.636600346209434065e-02 1.660359992442295152e-02 8.585292461214066861e-02 -2.278712131042368583e-01 9.075450560123954347e-02 6.587782941181785645e-02 -1.759997478521313496e-01 2.141580842418306929e-01 -5.367894106166204438e-02
-1.256760980856142851e+00 -6.981356013777428871e-01 -8.541115441456099688e-01 -2.954914434482134311e-01 -1.996330579817140460e-01 -1.938306518392494127e-01 2.148313901164442541e-01 1.524947609445348462e-01 1.635209829089490086e-03 1.640664730685728046e-01 4.339182114794084555e-01 2.194843821314407251e-02 2.092125756491896027e-01 1.481063548363010796e-01 2.954806231361999380e-01 5.484847358767126480e-01 -2.073648409677275595e-02 2.508717068777741588e-01 5.756899048937498264e-01 -3.268661276313196140e-01 4.366894395252529648e-02 2.919265584093579946e-01 -1.230630115282167480e-01 7.233379553591134936e-02 -2.701921340099602276e-01 1.086260674326524622e-01 1.729331413572481324e-01 -1.817671646941505514e-01 5.252894062517157181e-01 1.890706816851661642e-01
1.123054817004970118e+00 1.392926550959202814e+00 5.529029930506794699e-01 9.419107751955380081e-02 3.679028894338784994e-01 -1.397348538641267623e-01 -3.128177085238235122e-01 -7.358696170392704516e-01 2.153137388194750201e-01 -4.082873532079247525e-01 -3.596591278679852621e-01 4.694708183472471319e-01 1.167738122817922886e-01 -6.932149445804611787e-01 -3.345484913310201591e-01 -5.673283537920497110e-01 2.664588400015190928e-01 -3.460662780468624078e-01 -3.268661276313196140e-01 1.021788106242070171e+00 -1.019852578451150293e-01 -2.357191039709505276e-01 1.439225442607607874e-01 -3.084848611949269070e-01 3.592209025719057536e-01 -3.743726711831527609e-01 -8.820607450900297408e-03 1.577786190816254930e-01 -1.029882485991208796e+00 1.953098010858411726e-03
-4.257960415752108929e-01 -3.542557384880069549e-01 6.020831070407552943e-01 -1.341408290770687017e-01 1.872519457178327684e-01 1.280985732992689918e-01 4.957498036822016729e-02 -2.750739555767722777e-02 -4.840977615909309861e-01 -5.832605748713604044e-02 -1.271009142197954134e-02 -3.730597447529930832e-01 -9.800512325602994679e-02 4.601352866154684307e-02 -1.855939419751848618e-01 -2.318635334013947613e-01 1.454092688823607205e-01 -5.876928731021280328e-02 4.366894395252529648e-02 -1.019852578451150293e-01 3.343855092900867021e-01 4.093886046170496229e-01 -1.774195622368779368e-01 1.036264123109162938e-01 2.052269978498202363e-01 1.252776463502414117e-02 -6.581278136451373939e-02 2.402725132437240063e-01 2.826764424074781346e-01 -8.597257894393806055e-04
-1.071284026456567062e+00 -7.462071626755744091e-01 3.343377155925963962e-01 -2.851480318490757782e-01 1.828006641271713306e-01 6.614049420170431404e-02 1.235951001629018720e-01 -3.880789717453581034e-02 -6.095615186059433199e-01 -8.947996587312445627e-02 9.908591689332979513e-02 -3.330852702588629199e-01 -1.188517419967638489e-02 9.298581387332660597e-02 -7.093465243053742597e-02 -1.266431040043300982e-01 2.601760326011515190e-01 -9.636600346209434065e-02 2.919265584093579946e-01 -2.357191039709505276e-01 4.093886046170496229e-01 8.223079655154208467e-01 -3.333816854774056537e-01 9.279284738551041301e-02 1.361246511752653987e-01 4.713380168647063329e-02 4.479752381200796663e-03 2.104859219426771233e-01 6.719335226476346179e-01 2.028076142577788232e-01
6.606200779455093652e-01 4.608107370127640934e-01 3.885995227574312594e-02 8.812545632343926627e-02 -8.793949679193246993e-02 5.814801151899473552e-02 -1.896314100774816325e-01 -8.507003290577586085e-02 3.537522632985883320e-01 -1.244016073650300314e-01 -3.025627487454585207e-02 1.714250276932034467e-01 -6.422033549876005054e-02 -1.279644974840152827e-01 -1.678687588388356744e-01 -4.538985427541319950e-02 -2.104970438352893325e-01 1.660359992442295152e-02 -1.230630115282167480e-01 1.439225442607607874e-01 -1.774195622368779368e-01 -3.333816854774056537e-01 3.611571736415726264e-01 -6.231531184698724246e-02 1.258423476251664397e-01 2.737993138237015955e-02 -3.655605974387299284e-02 5.500204648967610410e-03 -4.515427826898417152e-01 -1.946298199272860074e-01
-4.934867832137115329e-01 -6.533803482824964703e-01 -3.293387256258029083e-02 -7.100020426781838978e-02 -5.155529723299423495e-02 1.862285136994614732e-01 8.929254677650533267e-02 4.647705152896151048e-01 -2.212798191224578659e-01 1.744190569583565775e-01 7.841997853279281117e-02 -4.256954456561743427e-01 -4.529315763420527219e-02 2.337098355556008755e-01 8.576172321943431598e-02 1.581500746734718632e-01 -1.741650446255107454e-01 8.585292461214066861e-02 7.233379553591134936e-02 -3.084848611949269070e-01 1.036264123109162938e-01 9.279284738551041301e-02 -6.231531184698724246e-02 2.615519328340951688e-01 -3.571373464495763983e-02 1.279228177824052182e-01 4.497994107339309267e-02 5.850573048820706390e-02 3.450769383485976505e-01 -8.809152770146511102e-02
5.177796522924609235e-01 3.664377497918849258e-01 1.200550614433723240e+00 -4.883049432368125053e-02 4.536915915757049333e-01 2.106407712456075387e-01 -2.702860497148549257e-01 -3.209684528548564231e-01 -3.550282267552802296e-01 -3.598969699567646785e-01 -2.364467918028481108e-01 -1.936690241228689047e-01 -2.313139256988847592e-01 -2.777386530666490216e-01 -4.684098090045267782e-01 -6.131489859176610935e-01 1.069886150540355629e-01 -2.278712131042368583e-01 -2.701921340099602276e-01 3.592209025719057536e-01 2.052269978498202363e-01 1.361246511752653987e-01 1.258423476251664397e-01 -3.571373464495763983e-02 6.394435066665664635e-01 -1.121048771819346257e-01 -1.775994565708174378e-01 5.003204332625159623e-01 -4.649234444814851486e-01 -1.581273985033817553e-01
-2.185437471999307490e-01 -5.253353880822828614e-01 -2.671716924857037156e-01 -2.055741419906098599e-02 -2.006131924646865627e-01 1.806084322383298968e-01 3.760807098541363303e-02 3.196510541563952756e-01 7.867493514817169853e-02 7.817979445746914280e-02 1.709165190241606069e-01 -1.473959617908349173e-01 -5.741020750940606376e-02 1.761760844547666238e-01 2.314107414349564351e-03 1.887539049719748618e-01 -2.215671292525485114e-01 9.075450560123954347e-02 1.086260674326524622e-01 -3.743726711831527609e-01 1.252776463502414117e-02 4.713380168647063329e-02 2.737993138237015955e-02 1.279228177824052182e-01 -1.121048771819346257e-01 2.464661085553530029e-01 -3.501729301092382229e-02 -5.168577060248935595e-02 3.812987913881897839e-01 -4.321724577749819218e-02
-5.230405901673975677e-01 -2.751500859944826516e-01 -4.819162211001071228e-01 -1.088979275806423175e-01 1.029347118935675098e-02 -1.113665905766652031e-01 7.656267537782923682e-02 2.210826489021542329e-01 -6.027575789374850501e-02 1.547470447262639937e-01 8.578172997511046560e-02 -8.255101037963186172e-02 1.930821119989332146e-01 2.431251835821512941e-02 2.518342291886028761e-01 2.835726220305900824e-01 -2.364632249071974002e-02 6.587782941181785645e-02 1.729331413572481324e-01 -8.820607450900297408e-03 -6.581278136451373939e-02 4.479752381200796663e-03 -3.655605974387299284e-02 4.497994107339309267e-02 -1.775994565708174378e-01 -3.501729301092382229e-02 3.522527951768097410e-01 -7.583982678056599980e-02 3.772043738598540585e-02 8.697791463379189736e-02
8.440617526201776855e-02 -1.332667172458741334e-01 9.999960838891865933e-01 -9.750167348306604254e-02 4.521118121026006520e-01 2.561501409974766830e-01 -1.420831661803276802e-01 -4.323298315836154870e-02 -4.917601236306268220e-01 -2.288529964483814183e-01 -1.175025173038193316e-01 -3.643918364574005864e-01 -2.044400105447721216e-01 -1.821971154067227872e-01 -3.207059368072009420e-01 -4.620155272627926024e-01 5.431639072850202865e-02 -1.759997478521313496e-01 -1.817671646941505514e-01 1.577786190816254930e-01 2.402725132437240063e-01 2.104859219426771233e-01 5.500204648967610410e-03 5.850573048820706390e-02 5.003204332625159623e-01 -5.168577060248935595e-02 -7.583982678056599980e-02 5.214483441762922666e-01 -1.418209813467683489e-01 -1.262265216378182231e-01
-1.737753422613195653e+00 -1.885742339325304329e+00 -7.963257853490404159e-01 -2.266434511515171835e-01 -3.590723707012557497e-01 2.322165574593100246e-01 4.491985330988086389e-01 7.864292541750046439e-01 -3.314426079877534903e-01 3.474362861259123747e-01 5.403955769751291882e-01 -5.164082981469846345e-01 5.112148943067040818e-02 5.157077418149356163e-01 3.150726439708932958e-01 5.261614336560569427e-01 -1.599419452313100010e-01 2.141580842418306929e-01 5.252894062517157181e-01 -1.029882485991208796e+00 2.826764424074781346e-01 6.719335226476346179e-01 -4.515427826898417152e-01 3.450769383485976505e-01 -4.649234444814851486e-01 3.812987913881897839e-01 3.772043738598540585e-02 -1.418209813467683489e-01 1.662350733107018641e+00 2.172543322754449946e-01
-4.404117764771626753e-01 -1.100589423607516437e-01 -4.803757333139060393e-01 -8.556269451821663097e-02 -1.388428298741928302e-02 -1.721147994512080004e-01 8.422942719636239417e-02 -1.135476026925630322e-01 2.097983916195289567e-02 2.310545140062458813e-02 8.624641114801079311e-02 1.929384337409487671e-01 1.802002276922962665e-01 -2.831917438754771865e-02 1.183103787288928288e-01 1.309149637383484333e-01 1.982025617822955610e-01 -5.367894106166204438e-02 1.890706816851661642e-01 1.953098010858411726e-03 -8.597257894393806055e-04 2.028076142577788232e-01 -1.946298199272860074e-01 -8.809152770146511102e-02 -1.581273985033817553e-01 -4.321724577749819218e-02 8.697791463379189736e-02 -1.262265216378182231e-01 2.172543322754449946e-01 3.759138863032944755e-01
