4.489833878561853453e+00 2.675455999564121612e+00 2.246145446789341804e+00 5.996012151440481830e-01 3.210213481608548136e-01 4.992539824662571846e-01 -9.587912400784261990e-01 -8.745279254933393531e-01 6.421622279148095913e-01 -8.101626649751096920e-01 -9.498626532618459350e-01 3.753261986433358288e-01 -6.867630860974713869e-01 -4.608921828603342874e-01 -1.008839243737838842e+00 -1.288526006757365394e+00 8.110357140321866609e-02 -6.658466325657741436e-01 -1.193481010461823644e+00 8.523124648066868758e-01 -3.245907375575143305e-01 -9.168403579828350303e-01 3.909739676831804900e-01 -4.966624169028364122e-01 5.540289577336920956e-01 -3.381859239834739128e-01 -5.736432993023754534e-01 2.111006646198347880e-01 -1.697399101161863655e+00 -6.933074853584457742e-01
2.675455999564121612e+00 4.251738618083209076e+00 8.044545610176783157e-01 4.865793953826482721e-01 -1.422375409356959608e-01 -9.080543272417003209e-01 -4.087495885372618432e-01 -2.046758899811663923e+00 1.287932449245602129e+00 -5.866352032526833682e-01 -6.477469357463405686e-01 1.613485351543261004e+00 -5.283264343074733915e-02 -4.103290894836959524e-01 -4.330002833992239175e-01 -6.871304885277140784e-01 8.806421542665816560e-01 -4.375183332874144071e-01 -5.926578502393056169e-01 1.420781113933458073e+00 -4.418651813812175533e-01 -7.963803580671537929e-01 1.436142440451817492e-01 -8.882976441681194046e-01 1.850254866510567808e-01 -1.086242370624745490e+00 -2.085887545213722660e-01 -2.226752603015711429e-01 -2.363461197987760443e+00 -3.885484945599841922e-01
2.246145446789341804e+00 8.044545610176783157e-01 3.851932469359098832e+00 1.438173542000527050e-01 7.379919743084428774e-01 5.511211521072141295e-01 -5.662224277263590011e-01 -7.589170596113490319e-01 -1.238111240899058885e+00 -7.428366709515898947e-01 -9.402897850575300254e-01 -9.046734229254980164e-01 -8.459300294604190640e-01 -2.394673028280749350e-01 -1.143383279659076379e+00 -1.583152406616875396e+00 2.080788859234985466e-01 -4.878846197286179631e-01 -8.635726407865149667e-01 4.043178715230055786e-01 5.711552176771306222e-01 1.805653658731216638e-01 1.960214032449698607e-01 1.716284352141883573e-03 1.149452673050518570e+00 1.069834529239983567e-01 -6.480031506137606812e-01 8.817339968414330542e-01 -5.191742741158691388e-01 -5.538704974368897638e-01
5.996012151440481830e-01 4.865793953826482721e-01 1.438173542000527050e-01 4.328661171423391352e-01 -5.618095154801494573e-02 -1.445362883782763674e-02 -9.801704747030726139e-02 1.493803428616047313e-02 3.529744892477424401e-01 -1.510057949576548708e-02 -1.718663239246893681e-01 1.314134312520423009e-01 -1.177792122114169615e-01 8.038436375767332720e-02 -8.626733192551228058e-02 -1.599030613285776781e-01 -2.490048244311537928e-02 -9.149581301915077347e-02 -2.839937798028699945e-01 2.784829302873959023e-02 -8.789020722605300762e-02 -2.445787145105100535e-01 1.743838539027819934e-04 -8.520790314037185453e-02 -4.761939459399400221e-02 -9.739643547862897321e-02 -1.062037927516712443e-01 -6.547489205678402868e-02 -2.595805553319223691e-01 -1.566853592659072092e-01
3.210213481608548136e-01 -1.422375409356959608e-01 7.379919743084428774e-01 -5.618095154801494573e-02 8.185387103213770388e-01 2.445908542460415447e-01 -1.859714574762278971e-01 -1.863838820368641791e-01 -4.711801027285105192e-01 -1.932437611230852781e-01 -3.156283125741197182e-01 -9.109112564937049683e-02 5.485604062829452232e-02 -5.346951447597234619e-01 -3.447146885596907850e-01 -4.196692897190814620e-01 7.510987908739252816e-02 -1.585938117454475105e-01 -2.139410736182583150e-01 3.877503915020383829e-01 1.921263677497790923e-01 1.905916108506744422e-02 1.163404865075676753e-01 -1.746345839296736813e-02 3.707117114433344796e-01 1.479079982993880549e-02 -8.233493615836096069e-02 3.033578689086198210e-01 -2.335847741372845121e-01 -9.331208232765675348e-03
4.992539824662571846e-01 -9.080543272417003209e-01 5.511211521072141295e-01 -1.445362883782763674e-02 2.445908542460415447e-01 9.187957040040828360e-01 -2.456993807618346182e-01 6.322584283887522361e-01 -3.476321562047814950e-01 -1.063615381608542521e-01 -1.436405380863448045e-01 -7.809811329649392064e-01 -2.231321235467476072e-01 -1.139072001919885224e-01 -3.604117465349077065e-01 -3.517733064156232103e-01 -3.757438083040938182e-01 -1.392089298999508173e-01 -2.424926885848890379e-01 -2.021786929125255483e-01 1.954710091050060328e-01 7.500659396231412757e-02 1.159207484232069874e-01 2.709108581356645118e-01 2.868590871048013469e-01 3.715717117323720231e-01 -1.472398933696581480e-01 3.227937430430074528e-01 3.791839469132014528e-01 -1.608249938270773782e-01
-9.587912400784261990e-01 -4.087495885372618432e-01 -5.662224277263590011e-01 -9.801704747030726139e-02 -1.859714574762278971e-01 -2.456993807618346182e-01 4.389528444630741433e-01 8.988690917885833187e-02 -1.066943733467837774e-01 2.297678654052219827e-01 3.049322054127401316e-01 5.721232464378545046e-02 1.442816155492323560e-01 1.122209850216222549e-01 3.301555032830947312e-01 3.117829951440285186e-01 8.427009369171400976e-02 1.864216191528385025e-01 2.320848885779014381e-01 -2.228634398913413861e-01 2.076920033812257316e-02 1.270574869570850751e-01 -1.623774668934743204e-01 4.772765359854247436e-02 -2.718866531136541198e-01 1.428508855951804435e-03 1.142487435486145841e-01 -1.552322270202921572e-01 3.872233525165711399e-01 1.620805596907075596e-01
-8.745279254933393531e-01 -2.046758899811663923e+00 -7.589170596113490319e-01 1.493803428616047313e-02 -1.863838820368641791e-01 6.322584283887522361e-01 8.988690917885833187e-02 1.682558639045623750e+00 -2.289694600997904672e-01 5.185249647491332325e-01 2.033249109895791662e-01 -1.007078535896880567e+00 -1.358648031794018607e-02 4.209192350841135521e-01 4.174403617613506867e-01 5.612187504905818969e-01 -7.931454082066125011e-01 2.557016517571923941e-01 9.357559975069307256e-02 -8.040591181267586762e-01 -1.313827718098536934e-02 -5.659962946100449699e-02 -7.977051858063077816e-03 5.633523620052187653e-01 -2.959063495049463199e-01 5.385864082282978416e-01 1.827761044780231714e-01 -3.752355500608928196e-02 9.929355750714989881e-01 -4.342484040063254724e-02
6.421622279148095913e-01 1.287932449245602129e+00 -1.238111240899058885e+00 3.529744892477424401e-01 -4.711801027285105192e-01 -3.476321562047814950e-01 -1.066943733467837774e-01 -2.289694600997904672e-01 1.511433169421422917e+00 -4.715371652065414310e-02 3.677506829585013293e-01 9.706470023108977330e-01 1.785797625905161112e-01 -1.722171283208240311e-01 6.827367945652440540e-02 2.497651870347681324e-01 -1.359295140622407416e-02 -5.095711869819297135e-02 -4.908079311246638099e-02 3.132245855100563858e-01 -4.677070922718939983e-01 -5.552040170331906666e-01 1.024097950875102470e-01 -3.219097879217542868e-01 -3.038740988477570681e-01 -3.939708119859233193e-01 4.123821621880097155e-02 -3.614746286269223674e-01 -7.913864641392933663e-01 -1.652747933545128944e-01
-8.101626649751096920e-01 -5.866352032526833682e-01 -7.428366709515898947e-01 -1.510057949576548708e-02 -1.932437611230852781e-01 -1.063615381608542521e-01 2.297678654052219827e-01 5.185249647491332325e-01 -4.715371652065414310e-02 5.271704281857978458e-01 4.214898224654461956e-02 -2.164689424096195580e-01 1.088381697861677821e-01 4.333524179082246519e-01 4.965385542661806539e-01 5.259878846156880172e-01 -1.886150250293212594e-01 2.899968838920585767e-01 1.672570821880015046e-01 -3.790591050832290421e-01 -9.825644450580739431e-02 -1.024532780400591037e-01 -1.043816378077053741e-01 1.753474627285527276e-01 -3.780832421156787859e-01 9.795679188778194657e-02 1.746045136314364754e-01 -2.532210987582743655e-01 3.599518080959569488e-01 7.459055200229158800e-02
-9.498626532618459350e-01 -6.477469357463405686e-01 -9.402897850575300254e-01 -1.718663239246893681e-01 -3.156283125741197182e-01 -1.436405380863448045e-01 3.049322054127401316e-01 2.033249109895791662e-01 3.677506829585013293e-01 4.214898224654461956e-02 1.069661484870607637e+00 1.566179602131683168e-01 2.223805493957797808e-01 -2.887764912948114215e-01 1.831840444907015808e-01 3.609529246709257677e-01 -1.742406279967667615e-01 1.698125480419889755e-01 3.339386682016538543e-01 -2.027725335778427507e-01 -4.930278953037259271e-02 7.950159291630143343e-02 -1.740029628342654178e-02 4.458230466224222255e-02 -1.594504168498360741e-01 5.481438714309661009e-02 1.145777561638965381e-01 -6.267526896010622295e-02 3.187645335725619589e-01 9.670870052298141673e-02
3.753261986433358288e-01 1.613485351543261004e+00 -9.046734229254980164e-01 1.314134312520423009e-01 -9.109112564937049683e-02 -7.809811329649392064e-01 5.721232464378545046e-02 -1.007078535896880567e+00 9.706470023108977330e-01 -2.164689424096195580e-01 1.566179602131683168e-01 1.532301131414669726e+00 3.099746093828343874e-01 -3.663188469311648987e-01 6.246053447353006050e-02 1.319769092485785222e-01 4.368016642987413434e-01 -7.448464688081912755e-02 9.011159034525917377e-02 5.965189766483263156e-01 -3.814073376738065235e-01 -3.020293149300812274e-01 3.703073954892488473e-02 -5.453468293525247645e-01 -2.258083194425353213e-01 -5.224241111708920471e-01 8.969743250190731487e-03 -3.517089827332142704e-01 -8.535424413780106079e-01 1.125149381491041822e-01
-6.867630860974713869e-01 -5.283264343074733915e-02 -8.459300294604190640e-01 -1.177792122114169615e-01 5.485604062829452232e-02 -2.231321235467476072e-01 1.442816155492323560e-01 -1.358648031794018607e-02 1.785797625905161112e-01 1.088381697861677821e-01 2.223805493957797808e-01 3.099746093828343874e-01 4.539340368850162122e-01 -2.553667708920102086e-01 2.062835666683895397e-01 2.389779086128100971e-01 1.387321886315930897e-01 6.109902763074614995e-02 1.900520963280314390e-01 1.855483746312529547e-01 -3.844518967457588587e-02 1.449222678127171093e-02 -7.732802739531052794e-02 -4.698583155607138906e-02 -1.904434056534114461e-01 -1.595068319368238008e-01 2.225726680908906019e-01 -1.555905998340563201e-01 -4.289639975911541114e-02 1.759841586476227349e-01
-4.608921828603342874e-01 -4.103290894836959524e-01 -2.394673028280749350e-01 8.038436375767332720e-02 -5.346951447597234619e-01 -1.139072001919885224e-01 1.122209850216222549e-01 4.209192350841135521e-01 -1.722171283208240311e-01 4.333524179082246519e-01 -2.887764912948114215e-01 -3.663188469311648987e-01 -2.553667708920102086e-01 1.054888591589019597e+00 4.181618852101678385e-01 4.775733059622098153e-01 -2.209989185365088815e-01 2.672223002584246387e-01 1.771157608409907880e-01 -6.816183998898281970e-01 -8.902339797225522489e-02 5.319429525093255506e-02 -1.158303826693440897e-01 2.127379996626359571e-01 -3.447648666372060688e-01 2.229159718487494501e-01 3.898255243279891147e-02 -2.728170034492336526e-01 5.535248284748490732e-01 4.382948016592536078e-02
-1.008839243737838842e+00 -4.330002833992239175e-01 -1.143383279659076379e+00 -8.626733192551228058e-02 -3.447146885596907850e-01 -3.604117465349077065e-01 3.301555032830947312e-01 4.174403617613506867e-01 6.827367945652440540e-02 4.965385542661806539e-01 1.831840444907015808e-01 6.246053447353006050e-02 2.062835666683895397e-01 4.181618852101678385e-01 8.117487763612984963e-01 7.572876858969266323e-01 -9.634217664830657668e-02 3.237722137476168882e-01 3.174504812867269266e-01 -3.437712330586464304e-01 -2.522431474479276403e-01 -1.024711261675861351e-01 -1.379395288210503168e-01 8.848901475528236915e-02 -5.220997301028660331e-01 8.746986268647560792e-03 2.533956398877421634e-01 -3.880382058312648041e-01 3.282342232695896200e-01 1.478981495136508784e-01
-1.288526006757365394e+00 -6.871304885277140784e-01 -1.583152406616875396e+00 -1.599030613285776781e-01 -4.196692897190814620e-01 -3.517733064156232103e-01 3.117829951440285186e-01 5.612187504905818969e-01 2.497651870347681324e-01 5.259878846156880172e-01 3.609529246709257677e-01 1.319769092485785222e-01 2.389779086128100971e-01 4.775733059622098153e-01 7.572876858969266323e-01 1.037995675710021715e+00 -2.921649634528762363e-01 4.434146084682026867e-01 5.086444204160329718e-01 -4.462873633711978982e-01 -3.058097559213592831e-01 -1.563332354598401253e-01 -3.033857347892876533e-02 1.598916482334402644e-01 -5.804278346460023386e-01 9.342299433615153248e-02 3.394657916695678068e-01 -4.381983770122133137e-01 3.824228100187383461e-01 1.589339855044613614e-01
8.110357140321866609e-02 8.806421542665816560e-01 2.080788859234985466e-01 -2.490048244311537928e-02 7.510987908739252816e-02 -3.757438083040938182e-01 8.427009369171400976e-02 -7.931454082066125011e-01 -1.359295140622407416e-02 -1.886150250293212594e-01 -1.742406279967667615e-01 4.368016642987413434e-01 1.387321886315930897e-01 -2.209989185365088815e-01 -9.634217664830657668e-02 -2.921649634528762363e-01 6.536600227973394794e-01 -1.641083859052514526e-01 -8.952118511501794273e-03 3.554262038105093779e-01 9.927051273132292408e-02 2.195294619591265928e-01 -1.996511240342329074e-01 -2.826534058257266224e-01 3.043181598309274705e-02 -3.069476698195217068e-01 -3.087688843436353636e-02 -3.943498536455081194e-02 -2.698544010075920596e-01 2.191665210092992311e-01
-6.658466325657741436e-01 -4.375183332874144071e-01 -4.878846197286179631e-01 -9.149581301915077347e-02 -1.585938117454475105e-01 -1.392089298999508173e-01 1.864216191528385025e-01 2.557016517571923941e-01 -5.095711869819297135e-02 2.899968838920585767e-01 1.698125480419889755e-01 -7.448464688081912755e-02 6.109902763074614995e-02 2.672223002584246387e-01 3.237722137476168882e-01 4.434146084682026867e-01 -1.641083859052514526e-01 3.069482677300072737e-01 2.268615763861703272e-01 -2.881121503000372286e-01 -8.184242925659646062e-02 -6.566628926299244995e-02 2.011357554437154249e-03 1.084277669764333041e-01 -2.204290641005570706e-01 1.020908978365469011e-01 8.780033817396315499e-02 -1.643559153745286494e-01 2.514947691919928729e-01 7.429053354428560851e-03
-1.193481010461823644e+00 -5.926578502393056169e-01 -8.635726407865149667e-01 -2.839937798028699945e-01 -2.139410736182583150e-01 -2.424926885848890379e-01 2.320848885779014381e-01 9.357559975069307256e-02 -4.908079311246638099e-02 1.672570821880015046e-01 3.339386682016538543e-01 9.011159034525917377e-02 1.900520963280314390e-01 1.771157608409907880e-01 3.174504812867269266e-01 5.086444204160329718e-01 -8.952118511501794273e-03 2.268615763861703272e-01 5.226428477466811273e-01 -2.267294946638571673e-01 -3.132260465974923136e-03 2.630086628433900842e-01 -7.263955911253106024e-02 7.396223256628786658e-02 -2.376125532024673248e-01 7.801383124407834657e-02 2.068653948453516023e-01 -1.686023854724112425e-01 4.322760610700981943e-01 2.430276858873412493e-01
8.523124648066868758e-01 1.420781113933458073e+00 4.043178715230055786e-01 2.784829302873959023e-02 3.877503915020383829e-01 -2.021786929125255483e-01 -2.228634398913413861e-01 -8.040591181267586762e-01 3.132245855100563858e-01 -3.790591050832290421e-01 -2.027725335778427507e-01 5.965189766483263156e-01 1.855483746312529547e-01 -6.816183998898281970e-01 -3.437712330586464304e-01 -4.462873633711978982e-01 3.554262038105093779e-01 -2.881121503000372286e-01 -2.267294946638571673e-01 9.638311957083374182e-01 -1.796678573231247356e-02 -2.031141081894816125e-01 7.393887151891931353e-02 -3.407313430970475565e-01 2.851874583545281894e-01 -4.900951451551236460e-01 -1.795610287115323445e-02 1.271563974852938372e-01 -1.023181909274626378e+00 -1.033446566104316844e-01
-3.245907375575143305e-01 -4.418651813812175533e-01 5.711552176771306222e-01 -8.789020722605300762e-02 1.921263677497790923e-01 1.954710091050060328e-01 2.076920033812257316e-02 -1.313827718098536934e-02 -4.677070922718939983e-01 -9.825644450580739431e-02 -4.930278953037259271e-02 -3.814073376738065235e-01 -3.844518967457588587e-02 -8.902339797225522489e-02 -2.522431474479276403e-01 -3.058097559213592831e-01 9.927051273132292408e-02 -8.184242925659646062e-02 -3.132260465974923136e-03 -1.796678573231247356e-02 3.408385281666141964e-01 3.722268367897356711e-01 -8.944642874956798551e-02 1.017976092566641455e-01 2.326954813252655185e-01 1.107719819639783054e-01 -8.140276165715931711e-02 2.324324186367334732e-01 2.985741561254826593e-01 5.533963538300668006e-02
-9.168403579828350303e-01 -7.963803580671537929e-01 1.805653658731216638e-01 -2.445787145105100535e-01 1.905916108506744422e-02 7.500659396231412757e-02 1.270574869570850751e-01 -5.659962946100449699e-02 -5.552040170331906666e-01 -1.024532780400591037e-01 7.950159291630143343e-02 -3.020293149300812274e-01 1.449222678127171093e-02 5.319429525093255506e-02 -1.024711261675861351e-01 -1.563332354598401253e-01 2.195294619591265928e-01 -6.566628926299244995e-02 2.630086628433900842e-01 -2.031141081894816125e-01 3.722268367897356711e-01 7.535814354373826518e-01 -2.134168188074170303e-01 8.665216859316160480e-02 1.144744698712827358e-01 1.803280522063346325e-01 -7.154861148762847733e-03 1.475913676746927194e-01 7.178979839662247286e-01 3.180744959060461952e-01
3.909739676831804900e-01 1.436142440451817492e-01 1.960214032449698607e-01 1.743838539027819934e-04 1.163404865075676753e-01 1.159207484232069874e-01 -1.623774668934743204e-01 -7.977051858063077816e-03 1.024097950875102470e-01 -1.043816378077053741e-01 -1.740029628342654178e-02 3.703073954892488473e-02 -7.732802739531052794e-02 -1.158303826693440897e-01 -1.379395288210503168e-01 -3.033857347892876533e-02 -1.996511240342329074e-01 2.011357554437154249e-03 -7.263955911253106024e-02 7.393887151891931353e-02 -8.944642874956798551e-02 -2.134168188074170303e-01 2.811904735908115072e-01 1.603769526610676621e-02 1.715756272335511312e-01 3.304566350084314763e-02 -2.056357921475182593e-02 9.775806075174386933e-02 -3.072710788682115890e-01 -2.214822160383391747e-01
-4.966624169028364122e-01 -8.882976441681194046e-01 1.716284352141883573e-03 -8.520790314037185453e-02 -1.746345839296736813e-02 2.709108581356645118e-01 4.772765359854247436e-02 5.633523620052187653e-01 -3.219097879217542868e-01 1.753474627285527276e-01 4.458230466224222255e-02 -5.453468293525247645e-01 -4.698583155607138906e-02 2.127379996626359571e-01 8.848901475528236915e-02 1.598916482334402644e-01 -2.826534058257266224e-01 1.084277669764333041e-01 7.396223256628786658e-02 -3.407313430970475565e-01 1.017976092566641455e-01 8.665216859316160480e-02 1.603769526610676621e-02 3.140102920572758194e-01 9.312235713991867669e-03 2.546259197901008520e-01 4.020808379641493957e-02 7.596322416867451466e-02 4.378103318645116815e-01 -5.830314268149550117e-02
5.540289577336920956e-01 1.850254866510567808e-01 1.149452673050518570e+00 -4.761939459399400221e-02 3.707117114433344796e-01 2.868590871048013469e-01 -2.718866531136541198e-01 -2.959063495049463199e-01 -3.038740988477570681e-01 -3.780832421156787859e-01 -1.594504168498360741e-01 -2.258083194425353213e-01 -1.904434056534114461e-01 -3.447648666372060688e-01 -5.220997301028660331e-01 -5.804278346460023386e-01 3.043181598309274705e-02 -2.204290641005570706e-01 -2.376125532024673248e-01 2.851874583545281894e-01 2.326954813252655185e-01 1.144744698712827358e-01 1.715756272335511312e-01 9.312235713991867669e-03 5.921909250745613917e-01 3.774876845619701271e-02 -2.298885421941463392e-01 4.453788185469420569e-01 -2.805595940785678977e-01 -1.762201606145481492e-01
-3.381859239834739128e-01 -1.086242370624745490e+00 1.069834529239983567e-01 -9.739643547862897321e-02 1.479079982993880549e-02 3.715717117323720231e-01 1.428508855951804435e-03 5.385864082282978416e-01 -3.939708119859233193e-01 9.795679188778194657e-02 5.481438714309661009e-02 -5.224241111708920471e-01 -1.595068319368238008e-01 2.229159718487494501e-01 8.746986268647560792e-03 9.342299433615153248e-02 -3.069476698195217068e-01 1.020908978365469011e-01 7.801383124407834657e-02 -4.900951451551236460e-01 1.107719819639783054e-01 1.803280522063346325e-01 3.304566350084314763e-02 2.546259197901008520e-01 3.774876845619701271e-02 4.228800102357013202e-01 -5.273472835449410923e-02 1.061904684949013244e-01 5.962521914153739999e-01 1.433954344821586346e-02
-5.736432993023754534e-01 -2.085887545213722660e-01 -6.480031506137606812e-01 -1.062037927516712443e-01 -8.233493615836096069e-02 -1.472398933696581480e-01 1.142487435486145841e-01 1.827761044780231714e-01 4.123821621880097155e-02 1.746045136314364754e-01 1.145777561638965381e-01 8.969743250190731487e-03 2.225726680908906019e-01 3.898255243279891147e-02 2.533956398877421634e-01 3.394657916695678068e-01 -3.087688843436353636e-02 8.780033817396315499e-02 2.068653948453516023e-01 -1.795610287115323445e-02 -8.140276165715931711e-02 -7.154861148762847733e-03 -2.056357921475182593e-02 4.020808379641493957e-02 -2.298885421941463392e-01 -5.273472835449410923e-02 3.333124517781698160e-01 -1.408665710093259804e-01 7.671948911655590564e-02 1.117207831992459433e-01
2.111006646198347880e-01 -2.226752603015711429e-01 8.817339968414330542e-01 -6.547489205678402868e-02 3.033578689086198210e-01 3.227937430430074528e-01 -1.552322270202921572e-01 -3.752355500608928196e-02 -3.614746286269223674e-01 -2.532210987582743655e-01 -6.267526896010622295e-02 -3.517089827332142704e-01 -1.555905998340563201e-01 -2.728170034492336526e-01 -3.880382058312648041e-01 -4.381983770122133137e-01 -3.943498536455081194e-02 -1.643559153745286494e-01 -1.686023854724112425e-01 1.271563974852938372e-01 2.324324186367334732e-01 1.475913676746927194e-01 9.775806075174386933e-02 7.596322416867451466e-02 4.453788185469420569e-01 1.061904684949013244e-01 -1.408665710093259804e-01 4.322479510919947643e-01 6.634341419271549967e-04 -1.064789512780635050e-01
-1.697399101161863655e+00 -2.363461197987760443e+00 -5.191742741158691388e-01 -2.595805553319223691e-01 -2.335847741372845121e-01 3.791839469132014528e-01 3.872233525165711399e-01 9.929355750714989881e-01 -7.913864641392933663e-01 3.599518080959569488e-01 3.187645335725619589e-01 -8.535424413780106079e-01 -4.289639975911541114e-02 5.535248284748490732e-01 3.282342232695896200e-01 3.824228100187383461e-01 -2.698544010075920596e-01 2.514947691919928729e-01 4.322760610700981943e-01 -1.023181909274626378e+00 2.985741561254826593e-01 7.178979839662247286e-01 -3.072710788682115890e-01 4.378103318645116815e-01 -2.805595940785678977e-01 5.962521914153739999e-01 7.671948911655590564e-02 6.634341419271549967e-04 1.735877312885747870e+00 3.920862684271355647e-01
-6.933074853584457742e-01 -3.885484945599841922e-01 -5.538704974368897638e-01 -1.566853592659072092e-01 -9.331208232765675348e-03 -1.608249938270773782e-01 1.620805596907075596e-01 -4.342484040063254724e-02 -1.652747933545128944e-01 7.459055200229158800e-02 9.670870052298141673e-02 1.125149381491041822e-01 1.759841586476227349e-01 4.382948016592536078e-02 1.478981495136508784e-01 1.589339855044613614e-01 2.191665210092992311e-01 7.429053354428560851e-03 2.430276858873412493e-01 -1.033446566104316844e-01 5.533963538300668006e-02 3.180744959060461952e-01 -2.214822160383391747e-01 -5.830314268149550117e-02 -1.762201606145481492e-01 1.433954344821586346e-02 1.117207831992459433e-01 -1.064789512780635050e-01 3.920862684271355647e-01 5.033712027016008506e-01
