4.527331795834129480e+00 2.659234347938706833e+00 2.152009710143431676e+00 5.838465121654508039e-01 2.182190006303699192e-01 3.703201809147458334e-01 -8.425434275462748701e-01 -1.190049836361595226e+00 4.678714573645947894e-01 -8.590227617978030139e-01 -1.159070116255122684e+00 4.405056234987796415e-01 -6.149766491969330673e-01 -6.795542193808046250e-01 -1.130450546124393441e+00 -1.414636751537159398e+00 7.304901451954037839e-02 -5.969357748650736539e-01 -1.283712057944114804e+00 1.114992095447689735e+00 -1.898390278982446944e-01 -9.854135143444295863e-01 6.947525081512821998e-01 -3.685245342419989356e-01 6.473717740705637880e-01 -1.214777668458282278e-01 -5.679359495815106129e-01 2.417550026286789944e-01 -1.610094996563930181e+00 -5.770213636367316212e-01
2.659234347938706833e+00 3.565928115147187327e+00 9.164725304573835274e-01 4.582388981294798214e-01 -2.870228703505404155e-01 -7.619384855124167188e-01 -3.473033732919930117e-01 -2.034183026505672842e+00 8.805042051128566527e-01 -5.767348854421356918e-01 -8.459718185557107972e-01 1.268423018000135016e+00 -6.492459418495855061e-02 -5.725102502916570302e-01 -5.790434459198650075e-01 -7.673272696872004417e-01 5.996026918688244223e-01 -3.551717640809215482e-01 -6.250387997228585846e-01 1.428326822476151392e+00 -3.012558699819578578e-01 -7.964861468965978020e-01 4.975222672458130546e-01 -6.182639349136138662e-01 2.617933527820923700e-01 -5.160478783708413175e-01 -2.596620085483891671e-01 -2.014520380102453601e-01 -1.835643655668491192e+00 -1.900644946306329075e-01
2.152009710143431676e+00 9.164725304573835274e-01 3.729656606454625489e+00 8.579568876677967637e-02 8.251953064384451864e-01 4.161008921704478780e-01 -5.000137052202831001e-01 -9.772135159980734898e-01 -1.335102079970795330e+00 -8.196591468724250262e-01 -9.768762966890562893e-01 -8.090985283650979909e-01 -8.364315804582815872e-01 -4.053749647738982276e-01 -1.199478095112283427e+00 -1.720239040049193591e+00 3.842515451524946002e-01 -4.792128335799930028e-01 -9.249252426634200219e-01 6.046958726328170997e-01 7.094606896536106433e-01 2.453200324976592128e-01 2.497884297203540882e-01 4.693061443282431355e-02 1.291938447262623413e+00 1.040056253697230204e-02 -5.845250699475172951e-01 1.026205081359023552e+00 -6.313388784402604870e-01 -4.947318709888577359e-01
5.838465121654508039e-01 4.582388981294798214e-01 8.579568876677967637e-02 4.341188285907264799e-01 -1.124144340070074577e-01 -3.484909761300514219e-02 -7.318764377737352333e-02 -8.455306812265916960e-03 3.321689660884317163e-01 4.366637421924224327e-03 -2.140729219212857970e-01 1.499070921307747994e-01 -8.746005382084831581e-02 7.489504385881673443e-02 -8.820621947245399497e-02 -1.404952651554367549e-01 -6.773651239063838148e-02 -7.624803699064841567e-02 -2.809326843673716212e-01 5.578727599458943587e-02 -9.479392200876191055e-02 -2.704298960817368425e-01 5.567240352667113257e-02 -5.818658259107678532e-02 -6.945095448531901638e-02 -3.147513074867447358e-02 -9.986067360205197474e-02 -1.003749058189100651e-01 -2.104399489506363352e-01 -1.157272469614554211e-01
2.182190006303699192e-01 -2.870228703505404155e-01 8.251953064384451864e-01 -1.124144340070074577e-01 9.084474440306848919e-01 2.730309329115243600e-01 -1.866396167769153180e-01 -1.582085351141131468e-01 -5.677208020179023151e-01 -2.359743709524764199e-01 -2.358596537640664792e-01 -1.761330651750654397e-01 2.227224604894217919e-03 -5.646566399033190464e-01 -3.185837183144144547e-01 -4.719735968471354681e-01 1.508310942741104554e-01 -1.908273121738375266e-01 -2.102185675373959839e-01 3.705524197303589062e-01 2.339775777208501495e-01 1.194527634050359666e-01 5.660318158345489792e-02 -4.629104702360109513e-03 4.554402617729920166e-01 -2.804716347213798144e-02 -6.235270982358542824e-02 4.218811652741010221e-01 -2.126387405088507876e-01 -1.195641104987998915e-02
3.703201809147458334e-01 -7.619384855124167188e-01 4.161008921704478780e-01 -3.484909761300514219e-02 2.730309329115243600e-01 8.016202751559262651e-01 -1.962600932829445810e-01 5.854205146135882387e-01 -2.867916738562712453e-01 -8.586369049623954197e-02 -1.075279735885601440e-01 -6.367884416400215741e-01 -1.896767604840761123e-01 -9.236642813914386352e-02 -2.905169412529176043e-01 -3.037096290218528338e-01 -2.955890474260627343e-01 -1.223769134751933052e-01 -2.185934068286599086e-01 -1.758259213607402671e-01 1.724908561612323865e-01 8.112209462518649161e-02 6.647820339026111469e-02 2.273807966695926552e-01 2.634101715394763232e-01 2.334188326658477308e-01 -1.064707509733580082e-01 3.141003918885871826e-01 2.748998112951426265e-01 -1.746485980343095434e-01
-8.425434275462748701e-01 -3.473033732919930117e-01 -5.000137052202831001e-01 -7.318764377737352333e-02 -1.866396167769153180e-01 -1.962600932829445810e-01 3.833179730606275371e-01 1.356499842956964130e-01 -4.748552660947780168e-02 2.216950795710772582e-01 3.197638886303479921e-01 2.972685792082074840e-02 1.090953782123733617e-01 1.598112394415238668e-01 3.256094512894947002e-01 3.056920185832723291e-01 6.909931876600694522e-02 1.493641699254339983e-01 2.186866538780236624e-01 -2.658842744862113250e-01 -7.192978291584495310e-03 1.165074078156749238e-01 -2.090873891499427373e-01 2.993627551177269197e-02 -2.785938789019155593e-01 -2.808300363710714009e-02 9.535554316931893482e-02 -1.606692727941094745e-01 3.526722969803017804e-01 1.209596777254660083e-01
-1.190049836361595226e+00 -2.034183026505672842e+00 -9.772135159980734898e-01 -8.455306812265916960e-03 -1.582085351141131468e-01 5.854205146135882387e-01 1.356499842956964130e-01 1.850129235603105826e+00 -1.264118626688173208e-01 6.083234443324272434e-01 3.369493013747160148e-01 -8.967695607862538054e-01 3.258799883229812622e-02 6.279861709211900234e-01 5.668187762872776148e-01 7.185179379990245252e-01 -7.426409001602110038e-01 2.903714270847785883e-01 1.907210845989197878e-01 -9.339783904056275787e-01 -7.294839466391067617e-02 -6.605469618648385222e-03 -1.841539925905522068e-01 4.919657358751123866e-01 -3.968815487901338201e-01 3.294628688526017868e-01 2.452673678778864996e-01 -8.380927925787773347e-02 9.086372395814805714e-01 -1.065006888314314892e-01
4.678714573645947894e-01 8.805042051128566527e-01 -1.335102079970795330e+00 3.321689660884317163e-01 -5.677208020179023151e-01 -2.867916738562712453e-01 -4.748552660947780168e-02 -1.264118626688173208e-01 1.382292953526587098e+00 4.203730540552896855e-02 3.379242342443262714e-01 8.451287205037374406e-01 2.411286203065401423e-01 -1.908476247388648517e-01 9.791753255422008806e-02 3.692053373638941594e-01 -2.213843361057001857e-01 2.504495793726846387e-02 3.575958251633437612e-02 2.020637706094134955e-01 -4.845000089440532065e-01 -5.664735074336135767e-01 2.261770015770139253e-01 -2.283100861807838555e-01 -4.027420082790627021e-01 -9.662034078303349816e-02 2.637484282752211584e-02 -4.714695834911708516e-01 -4.436853264434716948e-01 -4.205617842120545902e-02
-8.590227617978030139e-01 -5.767348854421356918e-01 -8.196591468724250262e-01 4.366637421924224327e-03 -2.359743709524764199e-01 -8.586369049623954197e-02 2.216950795710772582e-01 6.083234443324272434e-01 4.203730540552896855e-02 5.659427249377699809e-01 9.552938020232204508e-02 -1.933485071659788446e-01 1.174483993854664732e-01 5.502135783311814521e-01 5.258274890536540624e-01 5.770306546383494606e-01 -1.898265801803518116e-01 2.883210870331254227e-01 1.879163385599440517e-01 -4.395709638598077618e-01 -1.291870354170896462e-01 -1.032307890462789146e-01 -1.768863642336100384e-01 1.465376406614495863e-01 -4.265749947987274027e-01 3.471032446105937197e-02 1.826115844284004197e-01 -2.855707191846477144e-01 3.302162254734071212e-01 4.272422704434575280e-02
-1.159070116255122684e+00 -8.459718185557107972e-01 -9.768762966890562893e-01 -2.140729219212857970e-01 -2.358596537640664792e-01 -1.075279735885601440e-01 3.197638886303479921e-01 3.369493013747160148e-01 3.379242342443262714e-01 9.552938020232204508e-02 1.164525250299618619e+00 7.793428774920130309e-02 2.413281249799297257e-01 -2.696164677529395703e-01 2.721133239019195571e-01 4.719646995079074259e-01 -2.252161736774382916e-01 1.992573679947327037e-01 4.283493144255317020e-01 -3.574729205814719535e-01 -6.708040843022899935e-02 1.355432446691224868e-01 -9.066174745748867281e-02 4.529526987300869223e-02 -2.269925460977901821e-01 7.055267265792508624e-02 1.212424432316083767e-01 -9.234289170240117528e-02 4.527717726679725274e-01 9.771721806657751586e-02
4.405056234987796415e-01 1.268423018000135016e+00 -8.090985283650979909e-01 1.499070921307747994e-01 -1.761330651750654397e-01 -6.367884416400215741e-01 2.972685792082074840e-02 -8.967695607862538054e-01 8.451287205037374406e-01 -1.933485071659788446e-01 7.793428774920130309e-02 1.297915202023034453e+00 2.895186229794148858e-01 -3.787906222125343447e-01 3.861466517304279478e-02 1.419266123170359606e-01 2.620669885430970680e-01 -6.486355265897714162e-02 9.204347710263505178e-02 5.140666668991116239e-01 -3.750611726519537115e-01 -3.185306837925168111e-01 1.464148001506373475e-01 -4.446202689750862191e-01 -2.460593189590554175e-01 -2.386950214569196760e-01 -2.984192664780493942e-02 -3.856898513191140410e-01 -5.785185426373118389e-01 1.786160703313157683e-01
-6.149766491969330673e-01 -6.492459418495855061e-02 -8.364315804582815872e-01 -8.746005382084831581e-02 2.227224604894217919e-03 -1.896767604840761123e-01 1.090953782123733617e-01 3.258799883229812622e-02 2.411286203065401423e-01 1.174483993854664732e-01 2.413281249799297257e-01 2.895186229794148858e-01 4.513052620855546593e-01 -2.407784212572892102e-01 2.367906847773610934e-01 2.731066553729419866e-01 8.474460123824201219e-02 4.032747965305816251e-02 1.993983050474525953e-01 1.525803285500160200e-01 -1.021239174335164535e-01 -1.505620769756887967e-02 -7.509544169244009026e-02 -6.505279527033280829e-02 -2.310094351097973231e-01 -1.156339757653768174e-01 2.067690947585560934e-01 -2.018514199627929884e-01 -1.703654890854977566e-02 1.787505244869294074e-01
-6.795542193808046250e-01 -5.725102502916570302e-01 -4.053749647738982276e-01 7.489504385881673443e-02 -5.646566399033190464e-01 -9.236642813914386352e-02 1.598112394415238668e-01 6.279861709211900234e-01 -1.908476247388648517e-01 5.502135783311814521e-01 -2.696164677529395703e-01 -3.787906222125343447e-01 -2.407784212572892102e-01 1.285996674694104058e+00 4.897401093096505065e-01 6.005194313244146542e-01 -2.535230849779850359e-01 3.474230157096371840e-01 2.249299363770376203e-01 -8.257330634509685297e-01 -8.586281650144655941e-02 6.492304449034236313e-02 -2.039700024566286629e-01 2.253521308134054379e-01 -4.348092831253893564e-01 1.766732923945255607e-01 7.310719952863564686e-02 -3.201505966229660771e-01 5.993540499019900381e-01 1.761955386638192067e-02
-1.130450546124393441e+00 -5.790434459198650075e-01 -1.199478095112283427e+00 -8.820621947245399497e-02 -3.185837183144144547e-01 -2.905169412529176043e-01 3.256094512894947002e-01 5.668187762872776148e-01 9.791753255422008806e-02 5.258274890536540624e-01 2.721133239019195571e-01 3.861466517304279478e-02 2.367906847773610934e-01 4.897401093096505065e-01 8.430452083020441023e-01 8.109922488147844888e-01 -1.112795822912744370e-01 3.193611370344058287e-01 3.578798210508580269e-01 -4.256716293620002034e-01 -2.679115049784854818e-01 -7.490672100252027121e-02 -2.145439764950651806e-01 6.644325576263554467e-02 -5.625173817348354532e-01 -2.686339233071066701e-02 2.649504602166530276e-01 -4.010189934447225824e-01 3.473134195015745718e-01 1.275729959854743356e-01
-1.414636751537159398e+00 -7.673272696872004417e-01 -1.720239040049193591e+00 -1.404952651554367549e-01 -4.719735968471354681e-01 -3.037096290218528338e-01 3.056920185832723291e-01 7.185179379990245252e-01 3.692053373638941594e-01 5.770306546383494606e-01 4.719646995079074259e-01 1.419266123170359606e-01 2.731066553729419866e-01 6.005194313244146542e-01 8.109922488147844888e-01 1.141646808360860632e+00 -3.078164363382711599e-01 4.542979379745872848e-01 5.822265717922903150e-01 -5.742737046559227565e-01 -3.556547827244571636e-01 -1.336379527600684014e-01 -1.372910322986058418e-01 1.057625456421078525e-01 -6.808259817090061006e-01 5.326582629282938797e-02 3.465870286358381236e-01 -5.101067579765299342e-01 4.144145633474636270e-01 1.508319503558368524e-01
7.304901451954037839e-02 5.996026918688244223e-01 3.842515451524946002e-01 -6.773651239063838148e-02 1.508310942741104554e-01 -2.955890474260627343e-01 6.909931876600694522e-02 -7.426409001602110038e-01 -2.213843361057001857e-01 -1.898265801803518116e-01 -2.252161736774382916e-01 2.620669885430970680e-01 8.474460123824201219e-02 -2.535230849779850359e-01 -1.112795822912744370e-01 -3.078164363382711599e-01 5.880986087788073746e-01 -1.599237097768195781e-01 -1.707864316844620589e-02 3.105466169742499005e-01 1.449775925403287147e-01 2.451050632694773412e-01 -1.520704786687474552e-01 -1.911170843712852729e-01 8.878351939728190700e-02 -1.690834740057312047e-01 -4.969731079171424426e-02 2.167662299819994587e-02 -1.065443979144902187e-01 2.376950649654645531e-01
-5.969357748650736539e-01 -3.551717640809215482e-01 -4.792128335799930028e-01 -7.624803699064841567e-02 -1.908273121738375266e-01 -1.223769134751933052e-01 1.493641699254339983e-01 2.903714270847785883e-01 2.504495793726846387e-02 2.883210870331254227e-01 1.992573679947327037e-01 -6.486355265897714162e-02 4.032747965305816251e-02 3.474230157096371840e-01 3.193611370344058287e-01 4.542979379745872848e-01 -1.599237097768195781e-01 3.134769801364711839e-01 2.296200384326709809e-01 -3.224177395695733139e-01 -1.012675111642806769e-01 -7.749408471420338174e-02 -3.515711969018298078e-02 6.971125782735043686e-02 -2.325073449496528610e-01 4.386884335815466329e-02 7.667537804985613548e-02 -1.787447672555231293e-01 1.825762821462717511e-01 -3.654874333091129301e-02
-1.283712057944114804e+00 -6.250387997228585846e-01 -9.249252426634200219e-01 -2.809326843673716212e-01 -2.102185675373959839e-01 -2.185934068286599086e-01 2.186866538780236624e-01 1.907210845989197878e-01 3.575958251633437612e-02 1.879163385599440517e-01 4.283493144255317020e-01 9.204347710263505178e-02 1.993983050474525953e-01 2.249299363770376203e-01 3.578798210508580269e-01 5.822265717922903150e-01 -1.707864316844620589e-02 2.296200384326709809e-01 5.879676749308089256e-01 -3.164230695080902933e-01 -4.107281657277894737e-02 2.875003561902076399e-01 -1.580369117880593421e-01 3.463737135132305411e-02 -2.947578496429912320e-01 3.507734576538723559e-02 2.080188140400309749e-01 -2.042931067639415232e-01 4.477179291219215429e-01 2.266316527434355521e-01
1.114992095447689735e+00 1.428326822476151392e+00 6.046958726328170997e-01 5.578727599458943587e-02 3.705524197303589062e-01 -1.758259213607402671e-01 -2.658842744862113250e-01 -9.339783904056275787e-01 2.020637706094134955e-01 -4.395709638598077618e-01 -3.574729205814719535e-01 5.140666668991116239e-01 1.525803285500160200e-01 -8.257330634509685297e-01 -4.256716293620002034e-01 -5.742737046559227565e-01 3.105466169742499005e-01 -3.224177395695733139e-01 -3.164230695080902933e-01 1.097058525766101411e+00 -6.069970890166587196e-03 -2.580257548198119366e-01 2.309498595344052774e-01 -2.890552167020246088e-01 3.709393078469247484e-01 -3.264918510059828805e-01 -5.293719116900774679e-02 1.598784525810970081e-01 -9.937574803430493375e-01 -4.884935881892715770e-02
-1.898390278982446944e-01 -3.012558699819578578e-01 7.094606896536106433e-01 -9.479392200876191055e-02 2.339775777208501495e-01 1.724908561612323865e-01 -7.192978291584495310e-03 -7.294839466391067617e-02 -4.845000089440532065e-01 -1.291870354170896462e-01 -6.708040843022899935e-02 -3.750611726519537115e-01 -1.021239174335164535e-01 -8.586281650144655941e-02 -2.679115049784854818e-01 -3.556547827244571636e-01 1.449775925403287147e-01 -1.012675111642806769e-01 -4.107281657277894737e-02 -6.069970890166587196e-03 3.407621598204855218e-01 3.718431329287739118e-01 -1.143820153673118512e-01 8.543382314559266888e-02 2.769818130133216982e-01 4.959868537821421342e-02 -9.813108341455745176e-02 2.710395827721754358e-01 2.190455789499878847e-01 1.872306988076388734e-02
-9.854135143444295863e-01 -7.964861468965978020e-01 2.453200324976592128e-01 -2.704298960817368425e-01 1.194527634050359666e-01 8.112209462518649161e-02 1.165074078156749238e-01 -6.605469618648385222e-03 -5.664735074336135767e-01 -1.032307890462789146e-01 1.355432446691224868e-01 -3.185306837925168111e-01 -1.505620769756887967e-02 6.492304449034236313e-02 -7.490672100252027121e-02 -1.336379527600684014e-01 2.451050632694773412e-01 -7.749408471420338174e-02 2.875003561902076399e-01 -2.580257548198119366e-01 3.718431329287739118e-01 7.952265600872863160e-01 -2.955392189107328704e-01 7.393557256784788478e-02 1.271464042899594915e-01 9.822972003598806623e-02 -4.330454626710888988e-03 1.813885981046041707e-01 6.934028596627399565e-01 2.695137334644641669e-01
6.947525081512821998e-01 4.975222672458130546e-01 2.497884297203540882e-01 5.567240352667113257e-02 5.660318158345489792e-02 6.647820339026111469e-02 -2.090873891499427373e-01 -1.841539925905522068e-01 2.261770015770139253e-01 -1.768863642336100384e-01 -9.066174745748867281e-02 1.464148001506373475e-01 -7.509544169244009026e-02 -2.039700024566286629e-01 -2.145439764950651806e-01 -1.372910322986058418e-01 -1.520704786687474552e-01 -3.515711969018298078e-02 -1.580369117880593421e-01 2.309498595344052774e-01 -1.143820153673118512e-01 -2.955392189107328704e-01 3.588704186026916432e-01 -4.507523536290136690e-02 2.132164589756371242e-01 -7.028006277096210397e-03 -4.550061108358249840e-02 8.829486097044991766e-02 -5.060619284438985233e-01 -2.341999764541924378e-01
-3.685245342419989356e-01 -6.182639349136138662e-01 4.693061443282431355e-02 -5.818658259107678532e-02 -4.629104702360109513e-03 2.273807966695926552e-01 2.993627551177269197e-02 4.919657358751123866e-01 -2.283100861807838555e-01 1.465376406614495863e-01 4.529526987300869223e-02 -4.446202689750862191e-01 -6.505279527033280829e-02 2.253521308134054379e-01 6.644325576263554467e-02 1.057625456421078525e-01 -1.911170843712852729e-01 6.971125782735043686e-02 3.463737135132305411e-02 -2.890552167020246088e-01 8.543382314559266888e-02 7.393557256784788478e-02 -4.507523536290136690e-02 2.380444494314701842e-01 1.735044785891659558e-02 1.198014259417163885e-01 3.250880014098811444e-02 8.360375334785885570e-02 2.657251946083647454e-01 -9.352296973366946986e-02
6.473717740705637880e-01 2.617933527820923700e-01 1.291938447262623413e+00 -6.945095448531901638e-02 4.554402617729920166e-01 2.634101715394763232e-01 -2.785938789019155593e-01 -3.968815487901338201e-01 -4.027420082790627021e-01 -4.265749947987274027e-01 -2.269925460977901821e-01 -2.460593189590554175e-01 -2.310094351097973231e-01 -4.348092831253893564e-01 -5.625173817348354532e-01 -6.808259817090061006e-01 8.878351939728190700e-02 -2.325073449496528610e-01 -2.947578496429912320e-01 3.709393078469247484e-01 2.769818130133216982e-01 1.271464042899594915e-01 2.132164589756371242e-01 1.735044785891659558e-02 6.838840324288923966e-01 1.686796727420869502e-02 -2.337389295270213552e-01 5.228113056422785121e-01 -3.483579214299652449e-01 -1.721161411397815755e-01
-1.214777668458282278e-01 -5.160478783708413175e-01 1.040056253697230204e-02 -3.147513074867447358e-02 -2.804716347213798144e-02 2.334188326658477308e-01 -2.808300363710714009e-02 3.294628688526017868e-01 -9.662034078303349816e-02 3.471032446105937197e-02 7.055267265792508624e-02 -2.386950214569196760e-01 -1.156339757653768174e-01 1.766732923945255607e-01 -2.686339233071066701e-02 5.326582629282938797e-02 -1.690834740057312047e-01 4.386884335815466329e-02 3.507734576538723559e-02 -3.264918510059828805e-01 4.959868537821421342e-02 9.822972003598806623e-02 -7.028006277096210397e-03 1.198014259417163885e-01 1.686796727420869502e-02 1.997208874551006375e-01 -4.813841202957291898e-02 5.851881897694966028e-02 2.702889810171882345e-01 -4.677104278607657761e-02
-5.679359495815106129e-01 -2.596620085483891671e-01 -5.845250699475172951e-01 -9.986067360205197474e-02 -6.235270982358542824e-02 -1.064707509733580082e-01 9.535554316931893482e-02 2.452673678778864996e-01 2.637484282752211584e-02 1.826115844284004197e-01 1.212424432316083767e-01 -2.984192664780493942e-02 2.067690947585560934e-01 7.310719952863564686e-02 2.649504602166530276e-01 3.465870286358381236e-01 -4.969731079171424426e-02 7.667537804985613548e-02 2.080188140400309749e-01 -5.293719116900774679e-02 -9.813108341455745176e-02 -4.330454626710888988e-03 -4.550061108358249840e-02 3.250880014098811444e-02 -2.337389295270213552e-01 -4.813841202957291898e-02 3.295661280787953729e-01 -1.334767402057082109e-01 7.867175419710292772e-02 8.889301362182777666e-02
2.417550026286789944e-01 -2.014520380102453601e-01 1.026205081359023552e+00 -1.003749058189100651e-01 4.218811652741010221e-01 3.141003918885871826e-01 -1.606692727941094745e-01 -8.380927925787773347e-02 -4.714695834911708516e-01 -2.855707191846477144e-01 -9.234289170240117528e-02 -3.856898513191140410e-01 -2.018514199627929884e-01 -3.201505966229660771e-01 -4.010189934447225824e-01 -5.101067579765299342e-01 2.167662299819994587e-02 -1.787447672555231293e-01 -2.042931067639415232e-01 1.598784525810970081e-01 2.710395827721754358e-01 1.813885981046041707e-01 8.829486097044991766e-02 8.360375334785885570e-02 5.228113056422785121e-01 5.851881897694966028e-02 -1.334767402057082109e-01 5.169111666598951160e-01 -5.249414990998957364e-02 -1.245476391075044376e-01
-1.610094996563930181e+00 -1.835643655668491192e+00 -6.313388784402604870e-01 -2.104399489506363352e-01 -2.126387405088507876e-01 2.748998112951426265e-01 3.526722969803017804e-01 9.086372395814805714e-01 -4.436853264434716948e-01 3.302162254734071212e-01 4.527717726679725274e-01 -5.785185426373118389e-01 -1.703654890854977566e-02 5.993540499019900381e-01 3.473134195015745718e-01 4.144145633474636270e-01 -1.065443979144902187e-01 1.825762821462717511e-01 4.477179291219215429e-01 -9.937574803430493375e-01 2.190455789499878847e-01 6.934028596627399565e-01 -5.060619284438985233e-01 2.657251946083647454e-01 -3.483579214299652449e-01 2.702889810171882345e-01 7.867175419710292772e-02 -5.249414990998957364e-02 1.423594553372538485e+00 2.853100735637781327e-01
-5.770213636367316212e-01 -1.900644946306329075e-01 -4.947318709888577359e-01 -1.157272469614554211e-01 -1.195641104987998915e-02 -1.746485980343095434e-01 1.209596777254660083e-01 -1.065006888314314892e-01 -4.205617842120545902e-02 4.272422704434575280e-02 9.771721806657751586e-02 1.786160703313157683e-01 1.787505244869294074e-01 1.761955386638192067e-02 1.275729959854743356e-01 1.508319503558368524e-01 2.376950649654645531e-01 -3.654874333091129301e-02 2.266316527434355521e-01 -4.884935881892715770e-02 1.872306988076388734e-02 2.695137334644641669e-01 -2.341999764541924378e-01 -9.352296973366946986e-02 -1.721161411397815755e-01 -4.677104278607657761e-02 8.889301362182777666e-02 -1.245476391075044376e-01 2.853100735637781327e-01 4.277025047497886590e-01
