4.469260348692159823e+00 2.648852418294325162e+00 2.167041780423346609e+00 5.627886267466237769e-01 2.452000964579497122e-01 2.980510415401909086e-01 -8.076747407867514994e-01 -1.262408860080995510e+00 3.747660789099995782e-01 -8.834461083076234900e-01 -1.148812206801210323e+00 4.232275602053618968e-01 -6.317537498760543713e-01 -6.974089689287552574e-01 -1.120534148825640841e+00 -1.475495737078119873e+00 1.366369496872152922e-01 -5.710837007437135071e-01 -1.314159277408975868e+00 1.157458493309320602e+00 -9.491968465425770773e-02 -9.604318927801500649e-01 6.916838987016831197e-01 -3.238078581972558823e-01 7.083573798811357847e-01 -1.328057075426727351e-01 -5.338918905467835430e-01 3.325553474235221074e-01 -1.638395231535412222e+00 -6.188499530869648879e-01
2.648852418294325162e+00 3.432163330113326083e+00 9.431998050466177119e-01 4.931552990503860201e-01 -2.980796936043930145e-01 -7.335026298030697944e-01 -3.237182307454986585e-01 -2.017610199704904517e+00 8.156988711791655078e-01 -5.685234579099187613e-01 -8.992787785341533890e-01 1.184474454696214707e+00 -6.303923354448670580e-02 -5.767679356951589398e-01 -6.066661434109619222e-01 -8.118369947361543382e-01 5.815032980707997012e-01 -3.357128801038697929e-01 -6.796144922772100472e-01 1.438161047363962552e+00 -2.221934692876743611e-01 -8.116004170450992206e-01 5.392145499538969489e-01 -5.512438408205184714e-01 2.827405821652746454e-01 -4.349462381757120966e-01 -2.706530943265761380e-01 -1.664152739123778701e-01 -1.764359799745193413e+00 -2.234022861940161420e-01
2.167041780423346609e+00 9.431998050466177119e-01 3.692229383108951879e+00 6.963174149410633618e-02 8.419376674108889347e-01 3.254767914656326866e-01 -4.735161363462339068e-01 -1.046659441337169483e+00 -1.395964711452847951e+00 -8.525367028130403924e-01 -9.666517841974950898e-01 -7.776344621904627274e-01 -8.453376730406603201e-01 -4.569037378563507446e-01 -1.180010528570733186e+00 -1.781354294352809120e+00 4.362788896566485164e-01 -4.662860386192733131e-01 -9.603926100118371778e-01 6.732414442506069463e-01 7.619093476764078332e-01 2.467290465045834935e-01 2.677519898330729120e-01 7.825978197973881834e-02 1.342709682526333381e+00 -8.415398208057922602e-03 -5.364553131560683141e-01 1.087025654876129011e+00 -6.837791570584954570e-01 -5.015244487752283931e-01
5.627886267466237769e-01 4.931552990503860201e-01 6.963174149410633618e-02 4.341402448926601210e-01 -1.182849976208899534e-01 -6.769339089373715979e-02 -6.389029789227151923e-02 -3.074765321582617617e-02 3.366983538726344705e-01 1.327101792605844821e-02 -2.161796547240442123e-01 1.641436816059353987e-01 -8.806382159968961787e-02 9.470859927472474737e-02 -6.325398768302648023e-02 -1.352968779045227166e-01 -5.190324773366228328e-02 -7.519688341261598907e-02 -2.803338025406105771e-01 6.915297214197835274e-02 -9.618285430752848697e-02 -2.705806774716847940e-01 4.632251360686723274e-02 -6.030583575574155475e-02 -7.313560824718479125e-02 -5.211793520010132852e-02 -8.639308358635844343e-02 -9.889849157320895756e-02 -2.341055843490948973e-01 -1.214473251507115492e-01
2.452000964579497122e-01 -2.980796936043930145e-01 8.419376674108889347e-01 -1.182849976208899534e-01 9.214288254944449363e-01 2.863117747626233722e-01 -1.931212255659602306e-01 -1.475930697130820590e-01 -5.922911699975088595e-01 -2.541480323607743230e-01 -2.350890946246408930e-01 -1.888591672312713854e-01 -1.506702756034883350e-02 -5.710944989651807191e-01 -3.321918080420687147e-01 -5.042786756586679076e-01 1.678710199377064782e-01 -2.044770707424845568e-01 -2.392465879457859046e-01 3.799935889437620062e-01 2.530641252993177659e-01 1.263216352841141088e-01 5.329143527143287429e-02 1.128015659094216971e-02 4.876531153224732407e-01 -4.151593852787982541e-02 -4.836599896009374788e-02 4.649723383082005057e-01 -2.292124568195390566e-01 -2.640857639363503040e-02
2.980510415401909086e-01 -7.335026298030697944e-01 3.254767914656326866e-01 -6.769339089373715979e-02 2.863117747626233722e-01 7.579080885300299997e-01 -1.858493091295372324e-01 5.866433689726022749e-01 -2.703500299076040392e-01 -7.924705011612331873e-02 -5.448990084346405638e-02 -5.865152177965455849e-01 -1.814533890154166329e-01 -8.755104725230467011e-02 -2.384404400003177216e-01 -2.664301267076325530e-01 -2.662101103680925007e-01 -1.165048562475021754e-01 -1.871043753540391208e-01 -1.705236382031216635e-01 1.523898770001324010e-01 9.240060860287258038e-02 3.703133141152648022e-02 2.112963340834994597e-01 2.553335456131549108e-01 1.768008299408165840e-01 -6.622555827345877333e-02 3.219920182560827016e-01 2.254908226494194423e-01 -1.690351779772640839e-01
-8.076747407867514994e-01 -3.237182307454986585e-01 -4.735161363462339068e-01 -6.389029789227151923e-02 -1.931212255659602306e-01 -1.858493091295372324e-01 3.757537016326750745e-01 1.230696640550377197e-01 -3.350746901799084299e-02 2.164748540793652865e-01 3.022526300061940674e-01 3.845386789078020229e-02 1.136747376677362809e-01 1.461953480650777237e-01 3.079370217941459487e-01 3.015949247090929930e-01 6.209001216501519593e-02 1.420580750834119499e-01 2.194193944912399274e-01 -2.556861736749169722e-01 -2.297753044217643037e-02 1.101319494047174885e-01 -1.952354327967213976e-01 1.515729781516483854e-02 -2.839351998114238995e-01 -1.900167069504732353e-02 7.833581837189740327e-02 -1.815486324039738975e-01 3.531550633760502933e-01 1.339088153301872808e-01
-1.262408860080995510e+00 -2.017610199704904517e+00 -1.046659441337169483e+00 -3.074765321582617617e-02 -1.475930697130820590e-01 5.866433689726022749e-01 1.230696640550377197e-01 1.936371535830858193e+00 -8.054789920174698636e-02 6.421367114400595710e-01 3.861630759872127783e-01 -8.827250630357070804e-01 2.621336638958382537e-02 6.947126878265521555e-01 6.377579179412009580e-01 7.937216880768573901e-01 -7.598695489062379238e-01 2.777742158327214383e-01 2.362853128099686728e-01 -9.945705203567172248e-01 -1.347542347025978415e-01 1.249675263977678696e-02 -2.515287500536373955e-01 4.697550076237462235e-01 -4.348023192129630843e-01 2.626507320700284254e-01 2.736544716519802023e-01 -1.059644027551485124e-01 8.912733870440661121e-01 -1.008973699511557243e-01
3.747660789099995782e-01 8.156988711791655078e-01 -1.395964711452847951e+00 3.366983538726344705e-01 -5.922911699975088595e-01 -2.703500299076040392e-01 -3.350746901799084299e-02 -8.054789920174698636e-02 1.410072336912094215e+00 8.052483007367072787e-02 3.472285640280574626e-01 8.305264474149680609e-01 2.597531071024832272e-01 -1.392847180793523876e-01 1.251433736832723298e-01 4.308815360188305021e-01 -2.351741651887664375e-01 4.488487980631816754e-02 6.702250922913322029e-02 1.615732034089774061e-01 -4.922435192016791916e-01 -5.682942982575127644e-01 2.082571353000730596e-01 -2.262099948311515618e-01 -4.471520447376065022e-01 -8.362458418230289681e-02 2.359025986856977397e-02 -5.006916031354649022e-01 -4.018347270703088725e-01 -4.944850073661655188e-02
-8.834461083076234900e-01 -5.685234579099187613e-01 -8.525367028130403924e-01 1.327101792605844821e-02 -2.541480323607743230e-01 -7.924705011612331873e-02 2.164748540793652865e-01 6.421367114400595710e-01 8.052483007367072787e-02 5.891672204061819684e-01 1.031962715569534339e-01 -1.979834573049856772e-01 1.239865486007829531e-01 5.786671009962560674e-01 5.482962290022896923e-01 6.166767620494510993e-01 -2.185337100161746093e-01 2.854700839658903533e-01 2.108878761822268189e-01 -4.711570861448421965e-01 -1.611620530354684888e-01 -1.040642761011554285e-01 -1.958113897743487541e-01 1.370046843819068272e-01 -4.604613247289535138e-01 3.181410257701600131e-02 1.816139673711063551e-01 -3.224929924909361034e-01 3.523592133504394042e-01 5.801994614853356325e-02
-1.148812206801210323e+00 -8.992787785341533890e-01 -9.666517841974950898e-01 -2.161796547240442123e-01 -2.350890946246408930e-01 -5.448990084346405638e-02 3.022526300061940674e-01 3.861630759872127783e-01 3.472285640280574626e-01 1.031962715569534339e-01 1.152946302164650660e+00 6.684802198469697032e-02 2.450276777810813655e-01 -2.574534567265800433e-01 2.523341604696156537e-01 4.988707690305886899e-01 -2.507047703787748105e-01 2.023303166218397564e-01 4.445035867040587618e-01 -3.913763781418424514e-01 -8.485311191179789603e-02 1.323995144375658128e-01 -8.902016541071589018e-02 3.950037614077928083e-02 -2.460992073660577262e-01 9.475543564235522354e-02 9.704517929139910848e-02 -1.151593671114596873e-01 4.890580934301738125e-01 1.007091783710620803e-01
4.232275602053618968e-01 1.184474454696214707e+00 -7.776344621904627274e-01 1.641436816059353987e-01 -1.888591672312713854e-01 -5.865152177965455849e-01 3.845386789078020229e-02 -8.827250630357070804e-01 8.305264474149680609e-01 -1.979834573049856772e-01 6.684802198469697032e-02 1.247060932009333101e+00 3.019306577336351438e-01 -3.949780972863550232e-01 -2.404593695644052787e-03 1.269794255089209400e-01 2.505185267051501796e-01 -6.460341793788870746e-02 8.191728527927466530e-02 5.050200558226833891e-01 -3.432683950219370672e-01 -3.146292299245203594e-01 1.645424699203204000e-01 -4.244962851801119541e-01 -2.426983435137799461e-01 -1.862944370957961837e-01 -5.266758629477408249e-02 -3.813418895584277379e-01 -5.185467254044624497e-01 1.740029822558426531e-01
-6.317537498760543713e-01 -6.303923354448670580e-02 -8.453376730406603201e-01 -8.806382159968961787e-02 -1.506702756034883350e-02 -1.814533890154166329e-01 1.136747376677362809e-01 2.621336638958382537e-02 2.597531071024832272e-01 1.239865486007829531e-01 2.450276777810813655e-01 3.019306577336351438e-01 4.642290402528033155e-01 -2.325316586479289072e-01 2.309739532868206879e-01 2.921678121253137306e-01 8.354296074725198196e-02 4.140443320920894621e-02 2.093222343545733111e-01 1.523291275451583715e-01 -1.147408258537438996e-01 -2.021793626602175209e-02 -6.940453189167783421e-02 -7.720095334701682077e-02 -2.449020009159426081e-01 -1.140430820270239565e-01 2.015662857361917304e-01 -2.184421854657330186e-01 -1.302815415050417869e-02 1.831041751806878892e-01
-6.974089689287552574e-01 -5.767679356951589398e-01 -4.569037378563507446e-01 9.470859927472474737e-02 -5.710944989651807191e-01 -8.755104725230467011e-02 1.461953480650777237e-01 6.947126878265521555e-01 -1.392847180793523876e-01 5.786671009962560674e-01 -2.574534567265800433e-01 -3.949780972863550232e-01 -2.325316586479289072e-01 1.297969416112607632e+00 5.258666765044495151e-01 6.364852381837522444e-01 -3.096152270259153738e-01 3.391435082462521677e-01 2.450753344375868892e-01 -8.641059183874517657e-01 -1.232139923370709766e-01 5.965763258842571304e-02 -2.241408188580749083e-01 2.257809019637875281e-01 -4.709191320223453658e-01 1.823484148110878778e-01 7.451408978698736973e-02 -3.599297819969251577e-01 6.281464320363738807e-01 3.662697019200322757e-02
-1.120534148825640841e+00 -6.066661434109619222e-01 -1.180010528570733186e+00 -6.325398768302648023e-02 -3.321918080420687147e-01 -2.384404400003177216e-01 3.079370217941459487e-01 6.377579179412009580e-01 1.251433736832723298e-01 5.482962290022896923e-01 2.523341604696156537e-01 -2.404593695644052787e-03 2.309739532868206879e-01 5.258666765044495151e-01 8.373547579683418007e-01 8.326458465753887594e-01 -1.624961970516665133e-01 3.041737594059839012e-01 3.587668491029489815e-01 -4.751961549808356722e-01 -2.935802976066952397e-01 -7.638488884740013418e-02 -2.262089722171367612e-01 7.123361333299271791e-02 -5.870175138248896474e-01 -7.459597610477430862e-03 2.453212283719494735e-01 -4.314293041772430115e-01 3.942596850330346570e-01 1.312097564184568910e-01
-1.475495737078119873e+00 -8.118369947361543382e-01 -1.781354294352809120e+00 -1.352968779045227166e-01 -5.042786756586679076e-01 -2.664301267076325530e-01 3.015949247090929930e-01 7.937216880768573901e-01 4.308815360188305021e-01 6.166767620494510993e-01 4.988707690305886899e-01 1.269794255089209400e-01 2.921678121253137306e-01 6.364852381837522444e-01 8.326458465753887594e-01 1.229575524277095155e+00 -3.696587101299542155e-01 4.660430087408258260e-01 6.367818138168104269e-01 -6.505335541920089781e-01 -4.044552393780804778e-01 -1.406259045865851931e-01 -1.564436134846118875e-01 9.458927979932241215e-02 -7.468926459583258293e-01 7.770999911122089543e-02 3.294348434874905251e-01 -5.784856671689340146e-01 4.859644232417963394e-01 1.716660331333059730e-01
1.366369496872152922e-01 5.815032980707997012e-01 4.362788896566485164e-01 -5.190324773366228328e-02 1.678710199377064782e-01 -2.662101103680925007e-01 6.209001216501519593e-02 -7.598695489062379238e-01 -2.351741651887664375e-01 -2.185337100161746093e-01 -2.507047703787748105e-01 2.505185267051501796e-01 8.354296074725198196e-02 -3.096152270259153738e-01 -1.624961970516665133e-01 -3.696587101299542155e-01 5.977073078821035779e-01 -1.763781865305986685e-01 -5.634055554605765792e-02 3.531410363332838642e-01 1.704815619946202787e-01 2.418963699290657132e-01 -1.204782884661312892e-01 -1.850383012375118597e-01 1.233240566278368533e-01 -1.478034829924581572e-01 -6.511423109753877725e-02 4.894636623441783740e-02 -1.117514251591842367e-01 2.331323492632577654e-01
-5.710837007437135071e-01 -3.357128801038697929e-01 -4.662860386192733131e-01 -7.519688341261598907e-02 -2.044770707424845568e-01 -1.165048562475021754e-01 1.420580750834119499e-01 2.777742158327214383e-01 4.488487980631816754e-02 2.854700839658903533e-01 2.023303166218397564e-01 -6.460341793788870746e-02 4.140443320920894621e-02 3.391435082462521677e-01 3.041737594059839012e-01 4.660430087408258260e-01 -1.763781865305986685e-01 3.211358725818342919e-01 2.493545132334986647e-01 -3.416819872281280368e-01 -1.096217944942736722e-01 -8.078397480713306322e-02 -3.549879776483066962e-02 5.796946467637553724e-02 -2.511794276096566136e-01 6.346460786193119930e-02 5.520162688134178097e-02 -2.060854924665136423e-01 2.110370418991465158e-01 -2.634909268095952939e-02
-1.314159277408975868e+00 -6.796144922772100472e-01 -9.603926100118371778e-01 -2.803338025406105771e-01 -2.392465879457859046e-01 -1.871043753540391208e-01 2.194193944912399274e-01 2.362853128099686728e-01 6.702250922913322029e-02 2.108878761822268189e-01 4.445035867040587618e-01 8.191728527927466530e-02 2.093222343545733111e-01 2.450753344375868892e-01 3.587668491029489815e-01 6.367818138168104269e-01 -5.634055554605765792e-02 2.493545132334986647e-01 6.281346527515268008e-01 -3.712633278560417693e-01 -6.728461243491778987e-02 2.819342621667431104e-01 -1.561100984617382892e-01 2.536365177502375445e-02 -3.383688451541218001e-01 6.813627901357222072e-02 1.868543289733111123e-01 -2.536177323405013340e-01 5.085744341481870379e-01 2.455030304832348520e-01
1.157458493309320602e+00 1.438161047363962552e+00 6.732414442506069463e-01 6.915297214197835274e-02 3.799935889437620062e-01 -1.705236382031216635e-01 -2.556861736749169722e-01 -9.945705203567172248e-01 1.615732034089774061e-01 -4.711570861448421965e-01 -3.913763781418424514e-01 5.050200558226833891e-01 1.523291275451583715e-01 -8.641059183874517657e-01 -4.751961549808356722e-01 -6.505335541920089781e-01 3.531410363332838642e-01 -3.416819872281280368e-01 -3.712633278560417693e-01 1.159067257955086916e+00 5.111796177413907571e-02 -2.558923831857953246e-01 2.565875813087927781e-01 -2.717261850293084535e-01 4.187329448180889813e-01 -3.205359812428696387e-01 -5.841240783547618776e-02 2.068586898421358455e-01 -1.016361743539789586e+00 -7.341238424265839058e-02
-9.491968465425770773e-02 -2.221934692876743611e-01 7.619093476764078332e-01 -9.618285430752848697e-02 2.530641252993177659e-01 1.523898770001324010e-01 -2.297753044217643037e-02 -1.347542347025978415e-01 -4.922435192016791916e-01 -1.611620530354684888e-01 -8.485311191179789603e-02 -3.432683950219370672e-01 -1.147408258537438996e-01 -1.232139923370709766e-01 -2.935802976066952397e-01 -4.044552393780804778e-01 1.704815619946202787e-01 -1.096217944942736722e-01 -6.728461243491778987e-02 5.111796177413907571e-02 3.455882282557354301e-01 3.564000039855841351e-01 -9.144645376528615088e-02 6.941999517937347264e-02 3.117329608262480178e-01 3.091077725031254886e-02 -1.009674166558056640e-01 2.935898327216364123e-01 1.508870079225630434e-01 1.037428526899475401e-02
-9.604318927801500649e-01 -8.116004170450992206e-01 2.467290465045834935e-01 -2.705806774716847940e-01 1.263216352841141088e-01 9.240060860287258038e-02 1.101319494047174885e-01 1.249675263977678696e-02 -5.682942982575127644e-01 -1.040642761011554285e-01 1.323995144375658128e-01 -3.146292299245203594e-01 -2.021793626602175209e-02 5.965763258842571304e-02 -7.638488884740013418e-02 -1.406259045865851931e-01 2.418963699290657132e-01 -8.078397480713306322e-02 2.819342621667431104e-01 -2.558923831857953246e-01 3.564000039855841351e-01 7.920682925064852498e-01 -2.844359375065153017e-01 6.652558500820759946e-02 1.318628527703822328e-01 9.701318482501619656e-02 -3.407048515157384827e-03 1.799230694638254135e-01 6.821431723329567376e-01 2.814453856253180675e-01
6.916838987016831197e-01 5.392145499538969489e-01 2.677519898330729120e-01 4.632251360686723274e-02 5.329143527143287429e-02 3.703133141152648022e-02 -1.952354327967213976e-01 -2.515287500536373955e-01 2.082571353000730596e-01 -1.958113897743487541e-01 -8.902016541071589018e-02 1.645424699203204000e-01 -6.940453189167783421e-02 -2.241408188580749083e-01 -2.262089722171367612e-01 -1.564436134846118875e-01 -1.204782884661312892e-01 -3.549879776483066962e-02 -1.561100984617382892e-01 2.565875813087927781e-01 -9.144645376528615088e-02 -2.844359375065153017e-01 3.588262519498357506e-01 -4.664083217983261420e-02 2.226744591955309716e-01 -1.076914814723295422e-02 -4.449743155464602751e-02 9.675988452192996192e-02 -5.119827261189584533e-01 -2.332898932236844303e-01
-3.238078581972558823e-01 -5.512438408205184714e-01 7.825978197973881834e-02 -6.030583575574155475e-02 1.128015659094216971e-02 2.112963340834994597e-01 1.515729781516483854e-02 4.697550076237462235e-01 -2.262099948311515618e-01 1.370046843819068272e-01 3.950037614077928083e-02 -4.244962851801119541e-01 -7.720095334701682077e-02 2.257809019637875281e-01 7.123361333299271791e-02 9.458927979932241215e-02 -1.850383012375118597e-01 5.796946467637553724e-02 2.536365177502375445e-02 -2.717261850293084535e-01 6.941999517937347264e-02 6.652558500820759946e-02 -4.664083217983261420e-02 2.261374603305057462e-01 3.247971298731044953e-02 9.223137405660963850e-02 3.624949646086861321e-02 9.019449368366849740e-02 2.161013973982335301e-01 -9.985931533435632446e-02
7.083573798811357847e-01 2.827405821652746454e-01 1.342709682526333381e+00 -7.313560824718479125e-02 4.876531153224732407e-01 2.553335456131549108e-01 -2.839351998114238995e-01 -4.348023192129630843e-01 -4.471520447376065022e-01 -4.604613247289535138e-01 -2.460992073660577262e-01 -2.426983435137799461e-01 -2.449020009159426081e-01 -4.709191320223453658e-01 -5.870175138248896474e-01 -7.468926459583258293e-01 1.233240566278368533e-01 -2.511794276096566136e-01 -3.383688451541218001e-01 4.187329448180889813e-01 3.117329608262480178e-01 1.318628527703822328e-01 2.226744591955309716e-01 3.247971298731044953e-02 7.330115800790224512e-01 5.108467608749833744e-03 -2.240847991428722707e-01 5.744633497710651682e-01 -3.884124845667997761e-01 -1.901240287311907196e-01
-1.328057075426727351e-01 -4.349462381757120966e-01 -8.415398208057922602e-03 -5.211793520010132852e-02 -4.151593852787982541e-02 1.768008299408165840e-01 -1.900167069504732353e-02 2.626507320700284254e-01 -8.362458418230289681e-02 3.181410257701600131e-02 9.475543564235522354e-02 -1.862944370957961837e-01 -1.140430820270239565e-01 1.823484148110878778e-01 -7.459597610477430862e-03 7.770999911122089543e-02 -1.478034829924581572e-01 6.346460786193119930e-02 6.813627901357222072e-02 -3.205359812428696387e-01 3.091077725031254886e-02 9.701318482501619656e-02 -1.076914814723295422e-02 9.223137405660963850e-02 5.108467608749833744e-03 1.774847564445281023e-01 -4.466914818863187975e-02 3.818676472940296662e-02 2.383311864081747444e-01 -3.294352592894256304e-02
-5.338918905467835430e-01 -2.706530943265761380e-01 -5.364553131560683141e-01 -8.639308358635844343e-02 -4.836599896009374788e-02 -6.622555827345877333e-02 7.833581837189740327e-02 2.736544716519802023e-01 2.359025986856977397e-02 1.816139673711063551e-01 9.704517929139910848e-02 -5.266758629477408249e-02 2.015662857361917304e-01 7.451408978698736973e-02 2.453212283719494735e-01 3.294348434874905251e-01 -6.511423109753877725e-02 5.520162688134178097e-02 1.868543289733111123e-01 -5.841240783547618776e-02 -1.009674166558056640e-01 -3.407048515157384827e-03 -4.449743155464602751e-02 3.624949646086861321e-02 -2.240847991428722707e-01 -4.466914818863187975e-02 3.126576455971985524e-01 -1.300289650658896790e-01 8.649868409474947839e-02 8.329600448905694066e-02
3.325553474235221074e-01 -1.664152739123778701e-01 1.087025654876129011e+00 -9.889849157320895756e-02 4.649723383082005057e-01 3.219920182560827016e-01 -1.815486324039738975e-01 -1.059644027551485124e-01 -5.006916031354649022e-01 -3.224929924909361034e-01 -1.151593671114596873e-01 -3.813418895584277379e-01 -2.184421854657330186e-01 -3.599297819969251577e-01 -4.314293041772430115e-01 -5.784856671689340146e-01 4.894636623441783740e-02 -2.060854924665136423e-01 -2.536177323405013340e-01 2.068586898421358455e-01 2.935898327216364123e-01 1.799230694638254135e-01 9.675988452192996192e-02 9.019449368366849740e-02 5.744633497710651682e-01 3.818676472940296662e-02 -1.300289650658896790e-01 5.665436394682501486e-01 -1.082550659235153034e-01 -1.432245188387923918e-01
-1.638395231535412222e+00 -1.764359799745193413e+00 -6.837791570584954570e-01 -2.341055843490948973e-01 -2.292124568195390566e-01 2.254908226494194423e-01 3.531550633760502933e-01 8.912733870440661121e-01 -4.018347270703088725e-01 3.523592133504394042e-01 4.890580934301738125e-01 -5.185467254044624497e-01 -1.302815415050417869e-02 6.281464320363738807e-01 3.942596850330346570e-01 4.859644232417963394e-01 -1.117514251591842367e-01 2.110370418991465158e-01 5.085744341481870379e-01 -1.016361743539789586e+00 1.508870079225630434e-01 6.821431723329567376e-01 -5.119827261189584533e-01 2.161013973982335301e-01 -3.884124845667997761e-01 2.383311864081747444e-01 8.649868409474947839e-02 -1.082550659235153034e-01 1.386859170526008711e+00 3.198859484450622404e-01
-6.188499530869648879e-01 -2.234022861940161420e-01 -5.015244487752283931e-01 -1.214473251507115492e-01 -2.640857639363503040e-02 -1.690351779772640839e-01 1.339088153301872808e-01 -1.008973699511557243e-01 -4.944850073661655188e-02 5.801994614853356325e-02 1.007091783710620803e-01 1.740029822558426531e-01 1.831041751806878892e-01 3.662697019200322757e-02 1.312097564184568910e-01 1.716660331333059730e-01 2.331323492632577654e-01 -2.634909268095952939e-02 2.455030304832348520e-01 -7.341238424265839058e-02 1.037428526899475401e-02 2.814453856253180675e-01 -2.332898932236844303e-01 -9.985931533435632446e-02 -1.901240287311907196e-01 -3.294352592894256304e-02 8.329600448905694066e-02 -1.432245188387923918e-01 3.198859484450622404e-01 4.473337299160107250e-01
