4.612214179618035814e+00 2.698074704426346671e+00 2.240345938107850543e+00 4.821232696860988653e-01 4.975670501868307838e-01 5.313358208331351307e-01 -9.871396658212461261e-01 -9.972842517614139979e-01 4.672987045320269317e-01 -1.049171739654411795e+00 -8.955559663682493010e-01 3.383791589683369239e-01 -6.717110978406708455e-01 -9.166495473676263828e-01 -1.219313757790530417e+00 -1.472122359192326257e+00 4.461256144071512608e-02 -6.956723328631255754e-01 -1.200392764821742730e+00 8.460263346041756449e-01 -2.250055590463375665e-01 -7.977998199115745592e-01 4.801812888314884731e-01 -4.365199125516028289e-01 7.328350744959948315e-01 -1.861555202305567036e-01 -5.689673797033947267e-01 3.511649347935872356e-01 -1.570817055050270028e+00 -4.318794825484246758e-01
2.698074704426346671e+00 4.173298713472206600e+00 7.616388704667542697e-01 3.860251941765113770e-01 -7.650311195681069876e-02 -9.293056599977944643e-01 -3.821245360031184646e-01 -2.183093413179904019e+00 1.099822052127649386e+00 -6.545548050064553536e-01 -7.052250933395498578e-01 1.642978397956198933e+00 -5.858102621772331986e-02 -6.677947749023473989e-01 -4.819784913124181003e-01 -7.753286448429435040e-01 8.951796012644877010e-01 -3.959826217874820031e-01 -5.917950955864341722e-01 1.574716860106661898e+00 -3.810333308027225030e-01 -7.647041072545448515e-01 3.103704668270097500e-01 -8.529839232821245787e-01 2.916801028405302532e-01 -9.953228432082710242e-01 -2.024565925478896133e-01 -1.486920726575817753e-01 -2.325626908725212161e+00 -2.606980655099278010e-01
2.240345938107850543e+00 7.616388704667542697e-01 3.652804736358689297e+00 -3.623086166555822274e-03 8.592055543454648614e-01 5.176894982490125585e-01 -5.277736224899740591e-01 -9.554722462229960911e-01 -1.333997192597053072e+00 -9.449851169705993925e-01 -8.462511764179225793e-01 -9.017275640418915827e-01 -7.812612853698510662e-01 -7.896627385894703366e-01 -1.329702588493432813e+00 -1.664655412853278449e+00 9.729981514323071679e-02 -4.783241139527945052e-01 -8.046425692785703632e-01 3.633222934042237284e-01 6.810922973289166293e-01 2.876560724384944479e-01 3.249998262021449591e-01 1.278521790014792714e-01 1.242136163831219164e+00 3.730189954052320900e-01 -6.602636254373237534e-01 9.568023778086853781e-01 -1.880998844130203906e-01 -2.754232641486282773e-01
4.821232696860988653e-01 3.860251941765113770e-01 -3.623086166555822274e-03 4.651624254871649100e-01 -1.560766898811607462e-01 -1.283603988991899314e-02 -7.012074013914570969e-02 9.992292368877997433e-02 3.612623508908541226e-01 5.260930546859299284e-02 -1.758931482767138732e-01 9.937081709614403735e-02 -9.252643482346911696e-02 1.733818029775306968e-01 -7.074546641104006994e-02 -8.400988525630737058e-02 -1.039178561690050628e-01 -4.061329288231263490e-02 -2.447606725382343029e-01 -4.686762760888996127e-02 -9.934632478558569346e-02 -2.541050924227192809e-01 7.109493972393465810e-03 -4.998888239452980997e-02 -1.200220444692945421e-01 -3.008065504349133334e-02 -8.581399324611993507e-02 -1.343501769443946614e-01 -1.536024870042069779e-01 -9.766594074710610585e-02
4.975670501868307838e-01 -7.650311195681069876e-02 8.592055543454648614e-01 -1.560766898811607462e-01 9.570128944703242269e-01 2.437278908083726492e-01 -2.391099629950872441e-01 -3.018723663622608910e-01 -4.772769603686697337e-01 -3.647440831166477437e-01 -1.765415398159575489e-01 -6.579412914919657851e-02 3.964467797686666017e-03 -7.466063251222863073e-01 -3.948723070097344134e-01 -5.160890971328058185e-01 1.814034582848194077e-01 -2.209295594498144055e-01 -2.039198135435356107e-01 4.001876248833013960e-01 1.947101696323443321e-01 9.095956027113061282e-02 7.904052388346372027e-02 -6.832263186589671022e-02 4.756817201196668066e-01 -3.233178257607960404e-02 -9.178466165548115896e-02 4.117669764322045012e-01 -2.837893548606302829e-01 2.133624264746458721e-02
5.313358208331351307e-01 -9.293056599977944643e-01 5.176894982490125585e-01 -1.283603988991899314e-02 2.437278908083726492e-01 9.592275946581594326e-01 -2.621841104033251213e-01 6.761149571163969085e-01 -2.937185257762848778e-01 -1.675339269330038405e-01 -7.261615783676234059e-02 -8.092552753247446162e-01 -2.221597779650892335e-01 -1.621785369417239053e-01 -4.177696865605753374e-01 -3.421244183835483454e-01 -4.443928026830121780e-01 -1.743964227051719718e-01 -2.195864425819706867e-01 -3.243144783171487688e-01 1.767244346788743314e-01 1.033511196433209989e-01 8.871188234041937903e-02 2.951741992771985679e-01 2.792511825148835669e-01 4.419365201309233271e-01 -1.537691177400120068e-01 3.124870715828933498e-01 4.823160299370670145e-01 -9.990576781922300142e-02
-9.871396658212461261e-01 -3.821245360031184646e-01 -5.277736224899740591e-01 -7.012074013914570969e-02 -2.391099629950872441e-01 -2.621841104033251213e-01 4.484726839641552942e-01 8.264025628898252762e-02 -8.212870071162114982e-02 2.868771570869625975e-01 2.604609482994533209e-01 5.471557231118140407e-02 1.325658907216507032e-01 2.229309623228346027e-01 3.621440924698049457e-01 3.335156627380797545e-01 1.034188021818636116e-01 1.992221566993634951e-01 2.238292136563018175e-01 -2.013746831565867978e-01 2.336124461578492628e-02 1.055209758949899879e-01 -1.658785372902684685e-01 4.053921886185207768e-02 -2.970892629023182963e-01 -3.357673937466643110e-02 1.032898537507662695e-01 -1.764310542856719621e-01 3.526136726305821867e-01 8.881417751575781949e-02
-9.972842517614139979e-01 -2.183093413179904019e+00 -9.554722462229960911e-01 9.992292368877997433e-02 -3.018723663622608910e-01 6.761149571163969085e-01 8.264025628898252762e-02 1.935419236161465051e+00 -1.172729442641298192e-01 6.456134552550452099e-01 2.405353276872119750e-01 -1.010238558306923551e+00 2.074249970632990880e-03 7.410024725415951252e-01 5.028240019713621223e-01 7.365053683114410887e-01 -9.233285015673118323e-01 3.008205114612678699e-01 1.537340536705755767e-01 -9.973002759612086265e-01 -1.052333548232695648e-01 -1.074309854991497559e-01 -8.521697644596315513e-02 5.609385372493420618e-01 -4.471208589216644214e-01 5.431153941139541530e-01 2.152318846804064378e-01 -1.686536980537312047e-01 1.030739739185321469e+00 -6.771330282174403692e-02
4.672987045320269317e-01 1.099822052127649386e+00 -1.333997192597053072e+00 3.612623508908541226e-01 -4.772769603686697337e-01 -2.937185257762848778e-01 -8.212870071162114982e-02 -1.172729442641298192e-01 1.461341970618946107e+00 3.511172199972634189e-02 3.461469041124587420e-01 9.507551164687129130e-01 2.122593580775742339e-01 -6.480977459216319403e-02 1.308291998653317023e-01 3.060477514485455686e-01 2.168844911466294434e-03 -3.068162996498813300e-02 -1.945103839361195242e-02 3.105185242942525292e-01 -4.859608489383049346e-01 -5.374556482009325009e-01 8.480558235174839865e-02 -3.398157294240604642e-01 -3.482253847593028695e-01 -4.133106114119868835e-01 7.641240247829728105e-02 -3.947200593277102598e-01 -7.707907644480087583e-01 -1.351653182080667648e-01
-1.049171739654411795e+00 -6.545548050064553536e-01 -9.449851169705993925e-01 5.260930546859299284e-02 -3.647440831166477437e-01 -1.675339269330038405e-01 2.868771570869625975e-01 6.456134552550452099e-01 3.511172199972634189e-02 6.946391596475223196e-01 3.812411769024492969e-02 -1.781427058365352423e-01 1.228425296731074923e-01 7.367478835638507917e-01 6.340933387816676259e-01 6.750935488071263535e-01 -2.137955067212260474e-01 3.611743939055713781e-01 2.225487943797475054e-01 -4.404398182156796793e-01 -1.409217119170875776e-01 -1.298133626384583295e-01 -1.579811471190737393e-01 1.685092625256743304e-01 -5.114079713035835084e-01 4.561389904546331309e-02 2.066703203420843238e-01 -3.642170317990576223e-01 3.654156448651519895e-01 2.602390605602522555e-02
-8.955559663682493010e-01 -7.052250933395498578e-01 -8.462511764179225793e-01 -1.758931482767138732e-01 -1.765415398159575489e-01 -7.261615783676234059e-02 2.604609482994533209e-01 2.405353276872119750e-01 3.461469041124587420e-01 3.812411769024492969e-02 1.030393940524959362e+00 1.316284028317227239e-01 2.353973166913760906e-01 -3.071509562037704200e-01 2.087694088361899958e-01 3.428615226348483702e-01 -1.338086861696297092e-01 1.245591733429023407e-01 2.967992793613802860e-01 -1.654749339995191804e-01 -6.796995981733289227e-02 6.938696089849827331e-02 -3.620792473839173908e-02 9.538417744920479890e-03 -1.390265258055478625e-01 1.108322804498129699e-03 1.173763080877847642e-01 -3.255414299854919591e-02 2.523724681683461313e-01 4.881854459432588556e-02
3.383791589683369239e-01 1.642978397956198933e+00 -9.017275640418915827e-01 9.937081709614403735e-02 -6.579412914919657851e-02 -8.092552753247446162e-01 5.471557231118140407e-02 -1.010238558306923551e+00 9.507551164687129130e-01 -1.781427058365352423e-01 1.316284028317227239e-01 1.564502837313284545e+00 3.087752830755903233e-01 -3.184203828270142367e-01 1.794465535639346854e-01 1.479342995893091484e-01 5.612151387057338070e-01 -7.028945490421278919e-02 8.673330741586937620e-02 7.146774107214355354e-01 -4.041297282450955208e-01 -3.135988104230023055e-01 2.290809321812048438e-02 -6.018522845853908620e-01 -2.172781991400825063e-01 -6.633270674035998127e-01 4.872663860811599079e-02 -3.268879044276218337e-01 -1.015628040569140467e+00 4.382258635644120659e-02
-6.717110978406708455e-01 -5.858102621772331986e-02 -7.812612853698510662e-01 -9.252643482346911696e-02 3.964467797686666017e-03 -2.221597779650892335e-01 1.325658907216507032e-01 2.074249970632990880e-03 2.122593580775742339e-01 1.228425296731074923e-01 2.353973166913760906e-01 3.087752830755903233e-01 4.166454636927596766e-01 -1.381435201569729543e-01 2.509359560215784768e-01 2.448053684218223225e-01 1.919483809581947753e-01 4.660315487046773342e-02 1.833331737443870679e-01 1.928255136220968780e-01 -6.223649955751398011e-02 1.440969579587658700e-02 -1.074710547061386023e-01 -8.110135434043286295e-02 -1.947804573794087446e-01 -2.148622824003041387e-01 2.174577568898712343e-01 -1.555840319027765872e-01 -1.071518375382538579e-01 1.107267148063328932e-01
-9.166495473676263828e-01 -6.677947749023473989e-01 -7.896627385894703366e-01 1.733818029775306968e-01 -7.466063251222863073e-01 -1.621785369417239053e-01 2.229309623228346027e-01 7.410024725415951252e-01 -6.480977459216319403e-02 7.367478835638507917e-01 -3.071509562037704200e-01 -3.184203828270142367e-01 -1.381435201569729543e-01 1.414000158114617989e+00 6.515577503224676548e-01 7.932170761000634229e-01 -4.017093697566451738e-01 4.145550472584886847e-01 2.763935247997437727e-01 -8.104508998369510664e-01 -1.733124895899322837e-01 -5.002366474047903466e-02 -1.396731927536620788e-01 2.723623580988032700e-01 -6.097080564306907036e-01 2.447804595571483333e-01 1.304660386512637160e-01 -4.881464244324433821e-01 6.736030568498563298e-01 3.944192438160598613e-02
-1.219313757790530417e+00 -4.819784913124181003e-01 -1.329702588493432813e+00 -7.074546641104006994e-02 -3.948723070097344134e-01 -4.177696865605753374e-01 3.621440924698049457e-01 5.028240019713621223e-01 1.308291998653317023e-01 6.340933387816676259e-01 2.087694088361899958e-01 1.794465535639346854e-01 2.509359560215784768e-01 6.515577503224676548e-01 9.693976953765286453e-01 8.929499440045844949e-01 -5.788105977029545102e-02 3.810405859103127568e-01 3.702858866764699997e-01 -3.074865382027383021e-01 -3.105468248609781767e-01 -1.481145488797324106e-01 -1.782751397134347826e-01 2.534107352101955257e-02 -6.162042412503296873e-01 -1.278654126807623470e-01 3.073037499969473174e-01 -4.560308227995051311e-01 1.852075897390932369e-01 6.465907320102814992e-02
-1.472122359192326257e+00 -7.753286448429435040e-01 -1.664655412853278449e+00 -8.400988525630737058e-02 -5.160890971328058185e-01 -3.421244183835483454e-01 3.335156627380797545e-01 7.365053683114410887e-01 3.060477514485455686e-01 6.750935488071263535e-01 3.428615226348483702e-01 1.479342995893091484e-01 2.448053684218223225e-01 7.932170761000634229e-01 8.929499440045844949e-01 1.132054049017568786e+00 -2.618080523743628873e-01 4.708851471545756340e-01 5.214533866948158902e-01 -4.722211749071902886e-01 -3.404879478872544496e-01 -1.722841719676466710e-01 -1.132197765720661664e-01 1.186613871586246205e-01 -6.753919296575077169e-01 -3.040335035478847203e-02 3.654643142526197153e-01 -5.031135908982946603e-01 2.964868125964699175e-01 4.532355903165807831e-02
4.461256144071512608e-02 8.951796012644877010e-01 9.729981514323071679e-02 -1.039178561690050628e-01 1.814034582848194077e-01 -4.443928026830121780e-01 1.034188021818636116e-01 -9.233285015673118323e-01 2.168844911466294434e-03 -2.137955067212260474e-01 -1.338086861696297092e-01 5.612151387057338070e-01 1.919483809581947753e-01 -4.017093697566451738e-01 -5.788105977029545102e-02 -2.618080523743628873e-01 7.505400161894044686e-01 -1.557079171435589160e-01 1.668212194411466953e-02 4.882714778205468065e-01 7.857949884544268571e-02 1.912018607803815939e-01 -1.596694298783631893e-01 -3.241131357173685501e-01 4.892708189032646260e-02 -3.513208911635956611e-01 -2.160653659529998549e-03 -1.726926065509815089e-02 -3.455581701231835723e-01 2.449924263437424088e-01
-6.956723328631255754e-01 -3.959826217874820031e-01 -4.783241139527945052e-01 -4.061329288231263490e-02 -2.209295594498144055e-01 -1.743964227051719718e-01 1.992221566993634951e-01 3.008205114612678699e-01 -3.068162996498813300e-02 3.611743939055713781e-01 1.245591733429023407e-01 -7.028945490421278919e-02 4.660315487046773342e-02 4.145550472584886847e-01 3.810405859103127568e-01 4.708851471545756340e-01 -1.557079171435589160e-01 3.241846364678337977e-01 2.076729293555672484e-01 -2.861380167352081116e-01 -8.953064990720349670e-02 -8.610195707618117922e-02 -2.733456772020304015e-02 9.836542248962132362e-02 -2.602728949586605722e-01 4.562752597649932795e-02 8.819792447303598237e-02 -2.028977334949786382e-01 2.005305460968997977e-01 -4.856665634434875756e-02
-1.200392764821742730e+00 -5.917950955864341722e-01 -8.046425692785703632e-01 -2.447606725382343029e-01 -2.039198135435356107e-01 -2.195864425819706867e-01 2.238292136563018175e-01 1.537340536705755767e-01 -1.945103839361195242e-02 2.225487943797475054e-01 2.967992793613802860e-01 8.673330741586937620e-02 1.833331737443870679e-01 2.763935247997437727e-01 3.702858866764699997e-01 5.214533866948158902e-01 1.668212194411466953e-02 2.076729293555672484e-01 4.895673163223932534e-01 -1.907157131662415850e-01 -1.803981929705855691e-02 2.326460935518355200e-01 -1.075541838314393317e-01 5.278560725841430212e-02 -2.551769623547386345e-01 1.582575394678542580e-03 2.021804224738730227e-01 -1.730475020379458329e-01 3.487934321213117528e-01 1.420615082541303309e-01
8.460263346041756449e-01 1.574716860106661898e+00 3.633222934042237284e-01 -4.686762760888996127e-02 4.001876248833013960e-01 -3.243144783171487688e-01 -2.013746831565867978e-01 -9.973002759612086265e-01 3.105185242942525292e-01 -4.404398182156796793e-01 -1.654749339995191804e-01 7.146774107214355354e-01 1.928255136220968780e-01 -8.104508998369510664e-01 -3.074865382027383021e-01 -4.722211749071902886e-01 4.882714778205468065e-01 -2.861380167352081116e-01 -1.907157131662415850e-01 1.086003794623195517e+00 -2.886798064395179608e-02 -1.740080879214929155e-01 9.357619990379362207e-02 -3.945765628245112566e-01 3.304547879867527627e-01 -5.534443940904907322e-01 3.533088180176946480e-03 1.563211979482730385e-01 -1.116084988497618724e+00 -5.066727324657449572e-02
-2.250055590463375665e-01 -3.810333308027225030e-01 6.810922973289166293e-01 -9.934632478558569346e-02 1.947101696323443321e-01 1.767244346788743314e-01 2.336124461578492628e-02 -1.052333548232695648e-01 -4.859608489383049346e-01 -1.409217119170875776e-01 -6.796995981733289227e-02 -4.041297282450955208e-01 -6.223649955751398011e-02 -1.733124895899322837e-01 -3.105468248609781767e-01 -3.404879478872544496e-01 7.857949884544268571e-02 -8.953064990720349670e-02 -1.803981929705855691e-02 -2.886798064395179608e-02 3.588945003978096793e-01 3.676468454004577779e-01 -5.762341795355041540e-02 1.274275177575532325e-01 2.553430387502544363e-01 1.789714255894523376e-01 -1.189343454546474277e-01 2.396877878031773434e-01 3.617789316496669016e-01 6.496351158273228066e-02
-7.977998199115745592e-01 -7.647041072545448515e-01 2.876560724384944479e-01 -2.541050924227192809e-01 9.095956027113061282e-02 1.033511196433209989e-01 1.055209758949899879e-01 -1.074309854991497559e-01 -5.374556482009325009e-01 -1.298133626384583295e-01 6.938696089849827331e-02 -3.135988104230023055e-01 1.440969579587658700e-02 -5.002366474047903466e-02 -1.481145488797324106e-01 -1.722841719676466710e-01 1.912018607803815939e-01 -8.610195707618117922e-02 2.326460935518355200e-01 -1.740080879214929155e-01 3.676468454004577779e-01 7.025592180605428894e-01 -1.827950367274979726e-01 9.640474752092131894e-02 1.349628850465478536e-01 2.146601046107434740e-01 -3.933278070468304577e-02 1.639031003916215923e-01 7.127540674439956092e-01 2.695451772509613875e-01
4.801812888314884731e-01 3.103704668270097500e-01 3.249998262021449591e-01 7.109493972393465810e-03 7.904052388346372027e-02 8.871188234041937903e-02 -1.658785372902684685e-01 -8.521697644596315513e-02 8.480558235174839865e-02 -1.579811471190737393e-01 -3.620792473839173908e-02 2.290809321812048438e-02 -1.074710547061386023e-01 -1.396731927536620788e-01 -1.782751397134347826e-01 -1.132197765720661664e-01 -1.596694298783631893e-01 -2.733456772020304015e-02 -1.075541838314393317e-01 9.357619990379362207e-02 -5.762341795355041540e-02 -1.827950367274979726e-01 2.771705796056949112e-01 1.282894874395879015e-02 2.204953706592505114e-01 1.063541808588297499e-02 -4.583762652310952035e-02 1.271138818350436850e-01 -3.500261971817621998e-01 -2.251833239602660797e-01
-4.365199125516028289e-01 -8.529839232821245787e-01 1.278521790014792714e-01 -4.998888239452980997e-02 -6.832263186589671022e-02 2.951741992771985679e-01 4.053921886185207768e-02 5.609385372493420618e-01 -3.398157294240604642e-01 1.685092625256743304e-01 9.538417744920479890e-03 -6.018522845853908620e-01 -8.110135434043286295e-02 2.723623580988032700e-01 2.534107352101955257e-02 1.186613871586246205e-01 -3.241131357173685501e-01 9.836542248962132362e-02 5.278560725841430212e-02 -3.945765628245112566e-01 1.274275177575532325e-01 9.640474752092131894e-02 1.282894874395879015e-02 3.331335639409758187e-01 1.467651189369689746e-02 2.996405888329150002e-01 4.911574328787082777e-03 7.603382872241581936e-02 4.846875194683093468e-01 -7.053723663443633995e-02
7.328350744959948315e-01 2.916801028405302532e-01 1.242136163831219164e+00 -1.200220444692945421e-01 4.756817201196668066e-01 2.792511825148835669e-01 -2.970892629023182963e-01 -4.471208589216644214e-01 -3.482253847593028695e-01 -5.114079713035835084e-01 -1.390265258055478625e-01 -2.172781991400825063e-01 -1.947804573794087446e-01 -6.097080564306907036e-01 -6.162042412503296873e-01 -6.753919296575077169e-01 4.892708189032646260e-02 -2.602728949586605722e-01 -2.551769623547386345e-01 3.304547879867527627e-01 2.553430387502544363e-01 1.349628850465478536e-01 2.204953706592505114e-01 1.467651189369689746e-02 6.769011228882959585e-01 9.034376215174688696e-02 -2.485111507647275175e-01 5.091690923695182391e-01 -2.617270936727322805e-01 -1.009141314023622726e-01
-1.861555202305567036e-01 -9.953228432082710242e-01 3.730189954052320900e-01 -3.008065504349133334e-02 -3.233178257607960404e-02 4.419365201309233271e-01 -3.357673937466643110e-02 5.431153941139541530e-01 -4.133106114119868835e-01 4.561389904546331309e-02 1.108322804498129699e-03 -6.633270674035998127e-01 -2.148622824003041387e-01 2.447804595571483333e-01 -1.278654126807623470e-01 -3.040335035478847203e-02 -3.513208911635956611e-01 4.562752597649932795e-02 1.582575394678542580e-03 -5.534443940904907322e-01 1.789714255894523376e-01 2.146601046107434740e-01 1.063541808588297499e-02 2.996405888329150002e-01 9.034376215174688696e-02 4.792781767217206834e-01 -1.110725920902382313e-01 1.428784231547979289e-01 6.535021210415266069e-01 -2.361906609502284482e-02
-5.689673797033947267e-01 -2.024565925478896133e-01 -6.602636254373237534e-01 -8.581399324611993507e-02 -9.178466165548115896e-02 -1.537691177400120068e-01 1.032898537507662695e-01 2.152318846804064378e-01 7.641240247829728105e-02 2.066703203420843238e-01 1.173763080877847642e-01 4.872663860811599079e-02 2.174577568898712343e-01 1.304660386512637160e-01 3.073037499969473174e-01 3.654643142526197153e-01 -2.160653659529998549e-03 8.819792447303598237e-02 2.021804224738730227e-01 3.533088180176946480e-03 -1.189343454546474277e-01 -3.933278070468304577e-02 -4.583762652310952035e-02 4.911574328787082777e-03 -2.485111507647275175e-01 -1.110725920902382313e-01 3.422718083331233174e-01 -1.524375877128818502e-01 -1.329425823632846004e-02 6.514278673864737357e-02
3.511649347935872356e-01 -1.486920726575817753e-01 9.568023778086853781e-01 -1.343501769443946614e-01 4.117669764322045012e-01 3.124870715828933498e-01 -1.764310542856719621e-01 -1.686536980537312047e-01 -3.947200593277102598e-01 -3.642170317990576223e-01 -3.255414299854919591e-02 -3.268879044276218337e-01 -1.555840319027765872e-01 -4.881464244324433821e-01 -4.560308227995051311e-01 -5.031135908982946603e-01 -1.726926065509815089e-02 -2.028977334949786382e-01 -1.730475020379458329e-01 1.563211979482730385e-01 2.396877878031773434e-01 1.639031003916215923e-01 1.271138818350436850e-01 7.603382872241581936e-02 5.091690923695182391e-01 1.428784231547979289e-01 -1.524375877128818502e-01 4.825062794504333397e-01 1.723498527752553855e-02 -5.203610125437307943e-02
-1.570817055050270028e+00 -2.325626908725212161e+00 -1.880998844130203906e-01 -1.536024870042069779e-01 -2.837893548606302829e-01 4.823160299370670145e-01 3.526136726305821867e-01 1.030739739185321469e+00 -7.707907644480087583e-01 3.654156448651519895e-01 2.523724681683461313e-01 -1.015628040569140467e+00 -1.071518375382538579e-01 6.736030568498563298e-01 1.852075897390932369e-01 2.964868125964699175e-01 -3.455581701231835723e-01 2.005305460968997977e-01 3.487934321213117528e-01 -1.116084988497618724e+00 3.617789316496669016e-01 7.127540674439956092e-01 -3.500261971817621998e-01 4.846875194683093468e-01 -2.617270936727322805e-01 6.535021210415266069e-01 -1.329425823632846004e-02 1.723498527752553855e-02 1.810868560841015551e+00 2.732921427237329226e-01
-4.318794825484246758e-01 -2.606980655099278010e-01 -2.754232641486282773e-01 -9.766594074710610585e-02 2.133624264746458721e-02 -9.990576781922300142e-02 8.881417751575781949e-02 -6.771330282174403692e-02 -1.351653182080667648e-01 2.602390605602522555e-02 4.881854459432588556e-02 4.382258635644120659e-02 1.107267148063328932e-01 3.944192438160598613e-02 6.465907320102814992e-02 4.532355903165807831e-02 2.449924263437424088e-01 -4.856665634434875756e-02 1.420615082541303309e-01 -5.066727324657449572e-02 6.496351158273228066e-02 2.695451772509613875e-01 -2.251833239602660797e-01 -7.053723663443633995e-02 -1.009141314023622726e-01 -2.361906609502284482e-02 6.514278673864737357e-02 -5.203610125437307943e-02 2.732921427237329226e-01 3.910093291292469075e-01
