4.316607575309944878e+00 2.583032645455205056e+00 2.307643938860451271e+00 4.375132719206931142e-01 3.612200281262403223e-01 3.976532705420368075e-01 -7.608483894206301557e-01 -1.371293929317175753e+00 3.052541879636123667e-01 -9.631594743635787381e-01 -1.052080221507651459e+00 4.040198110373580676e-01 -5.700414843332737291e-01 -9.206041311528565529e-01 -1.230743625165473532e+00 -1.542342260333668946e+00 2.160706651537793732e-01 -6.546639494852115604e-01 -1.314701751520431117e+00 1.152790744994888428e+00 -7.889585238433483028e-02 -8.733105752021401713e-01 6.691350632367516482e-01 -3.586522120039035144e-01 8.055088764135120982e-01 -8.204179158894930879e-02 -5.519173385824842626e-01 4.647741627308050738e-01 -1.556229584381185305e+00 -5.397002175719762818e-01
2.583032645455205056e+00 3.459341609743091794e+00 1.144233463683804075e+00 3.941427715785152941e-01 -1.750704825655020613e-01 -6.528769062928745370e-01 -2.881160484076872308e-01 -2.049836281220621004e+00 7.333537234366076518e-01 -6.102718772415300919e-01 -8.569355928725599369e-01 1.159212258282138919e+00 -9.110864063609369623e-02 -6.501432355645420103e-01 -6.381688946930239581e-01 -8.720989141236827891e-01 6.469673662689956473e-01 -3.676159591944383465e-01 -7.014592067601199687e-01 1.437249548942986621e+00 -2.290613332533553148e-01 -7.608634493922181719e-01 4.969586257436162668e-01 -6.101169356811624311e-01 3.762996669559584006e-01 -4.803120059302159461e-01 -2.927536552575702444e-01 -2.955715213352050341e-02 -1.828219652599557321e+00 -2.462068191019852748e-01
2.307643938860451271e+00 1.144233463683804075e+00 3.835633702393693056e+00 -4.934033027348050382e-02 9.609341153605441832e-01 3.696271612623718283e-01 -4.705762927512751048e-01 -1.287946806757929608e+00 -1.349391624659801892e+00 -9.945250615326699517e-01 -8.890644077546312474e-01 -6.657784084135300873e-01 -8.152818076027301686e-01 -7.257513958568324597e-01 -1.345332731255894032e+00 -1.933281126609244893e+00 6.159220134597376273e-01 -5.510570449227429890e-01 -1.011821837472069774e+00 7.697463458276274650e-01 7.850654293608840817e-01 2.890360883905600531e-01 2.713987218972420123e-01 -3.240504811935807084e-02 1.466316868694377717e+00 -5.019281378463347210e-02 -5.679549545988038517e-01 1.211829665993377603e+00 -8.092791011594613337e-01 -4.784068897781139640e-01
4.375132719206931142e-01 3.941427715785152941e-01 -4.934033027348050382e-02 4.601629725204929855e-01 -1.861555304344051365e-01 -6.746571557630431926e-02 -4.446496397417831759e-02 6.817506291406516539e-02 3.746131365444966832e-01 8.573919345445801810e-02 -1.890126595248489139e-01 1.418567032478676992e-01 -7.055562254805636258e-02 1.904225140696667040e-01 -9.537736866150225978e-03 -3.784830945789963152e-02 -1.307942930916397017e-01 -4.185987087083731240e-02 -2.332954172729273523e-01 -2.618357488529454713e-02 -1.355416917893421669e-01 -2.819347517156529648e-01 2.440317734891550572e-02 -4.273494450995940497e-02 -1.528989580633606238e-01 -1.221294174979448144e-02 -7.391383705453336006e-02 -1.624174457958815765e-01 -1.327858271322952533e-01 -9.607629032586828544e-02
3.612200281262403223e-01 -1.750704825655020613e-01 9.609341153605441832e-01 -1.861555304344051365e-01 9.521279526884427469e-01 2.619384344262698505e-01 -1.859013524334045542e-01 -3.186581065895666143e-01 -6.036904186941001171e-01 -3.446399640108666063e-01 -2.085662909885286354e-01 -1.278333931637121168e-01 -1.008185780909798268e-02 -6.880584806667684461e-01 -4.032794725041526362e-01 -5.994778776010889487e-01 2.806633463170555842e-01 -2.304051081736133710e-01 -2.671834214763464388e-01 4.442165275644356370e-01 2.750236836491808390e-01 1.555619560535319579e-01 7.135430557110566951e-02 -4.851615329562264378e-02 5.567380819516074553e-01 -5.933633645685176816e-02 -7.581524748661649937e-02 5.199197629780201169e-01 -2.986730802228407811e-01 -8.356352233761299431e-03
3.976532705420368075e-01 -6.528769062928745370e-01 3.696271612623718283e-01 -6.746571557630431926e-02 2.619384344262698505e-01 7.239763432777976959e-01 -1.971475652285903379e-01 4.640389292768531959e-01 -2.647234896364807355e-01 -1.181069190009793601e-01 -8.026943313183210194e-02 -5.480994151996583241e-01 -1.562461924235094557e-01 -1.611006448029570493e-01 -3.032584306624244164e-01 -3.031612534784926538e-01 -2.577163864054341502e-01 -1.453690221585475228e-01 -2.070764026900917543e-01 -1.327715923799814846e-01 1.661623503352984699e-01 7.743292395468870382e-02 7.877565710151657186e-02 2.168101054170961106e-01 2.695575783969843542e-01 2.301952919662539898e-01 -8.399259946378379027e-02 3.045599673332617385e-01 2.497864800897104942e-01 -1.311335315739370344e-01
-7.608483894206301557e-01 -2.881160484076872308e-01 -4.705762927512751048e-01 -4.446496397417831759e-02 -1.859013524334045542e-01 -1.971475652285903379e-01 3.477263299983519573e-01 1.286518023015332801e-01 -2.064701692654580256e-02 2.135167586276338625e-01 2.796477029799007141e-01 4.722845035712452955e-02 9.491670898256643341e-02 1.747255969440857371e-01 3.083414883686828034e-01 2.954893779692611133e-01 5.600208319657440370e-02 1.462841717752780824e-01 2.180289430714310583e-01 -2.459748555239116286e-01 -1.913918283366911055e-02 1.045000268935041277e-01 -1.964941449495540837e-01 1.715392267931292736e-02 -2.798449156705373753e-01 -4.204820701448852560e-02 7.582548294794833055e-02 -1.890191142832691185e-01 3.195075951234116474e-01 1.126770803975318813e-01
-1.371293929317175753e+00 -2.049836281220621004e+00 -1.287946806757929608e+00 6.817506291406516539e-02 -3.186581065895666143e-01 4.640389292768531959e-01 1.286518023015332801e-01 1.964611337912003819e+00 -1.857034647247246539e-02 7.540110560090056424e-01 3.489464228013616776e-01 -8.348884404938985426e-01 6.220670500158576033e-02 8.641069315171989729e-01 7.399460126756025602e-01 9.356343475728294834e-01 -8.437853118232396810e-01 3.382510937486244984e-01 3.116984676167930957e-01 -1.033352725849510989e+00 -1.654045869659626078e-01 -3.190641598024512859e-02 -2.394981853381636938e-01 5.116473381178821001e-01 -5.782466097811038708e-01 3.141555351766101012e-01 3.012238144090133574e-01 -2.789307924210220335e-01 9.933095244442711191e-01 -4.829773091205424862e-02
3.052541879636123667e-01 7.333537234366076518e-01 -1.349391624659801892e+00 3.746131365444966832e-01 -6.036904186941001171e-01 -2.647234896364807355e-01 -2.064701692654580256e-02 -1.857034647247246539e-02 1.320067017198766735e+00 1.282141323451355674e-01 2.773571752454131456e-01 7.505661952690729777e-01 2.531222271711044414e-01 -5.603253122285423160e-02 1.655950268128663083e-01 4.767386725728783858e-01 -3.252609076931776144e-01 5.696334150860593581e-02 6.987950598394832014e-02 1.042067383567655270e-01 -5.029819940827451319e-01 -5.806944546981185340e-01 2.053146899448847762e-01 -1.702115491904123701e-01 -4.799816529761642414e-01 -2.232059463699442858e-02 2.549393182721360063e-02 -5.264986956395318884e-01 -2.943578903146999437e-01 -3.137681522133561884e-02
-9.631594743635787381e-01 -6.102718772415300919e-01 -9.945250615326699517e-01 8.573919345445801810e-02 -3.446399640108666063e-01 -1.181069190009793601e-01 2.135167586276338625e-01 7.540110560090056424e-01 1.282141323451355674e-01 6.929177728534909875e-01 6.191587579314727918e-02 -1.971094710974057307e-01 1.101888249024227662e-01 7.552203061319460176e-01 6.372143086323376338e-01 7.079187286632873111e-01 -2.716712888948791260e-01 3.334712532926005224e-01 2.425305585014712051e-01 -5.106911286299009589e-01 -1.886002587571624645e-01 -1.337323799775163025e-01 -2.196798110717281816e-01 1.572086728492081420e-01 -5.478877858869282136e-01 1.546495812959847171e-02 2.001377472120111634e-01 -4.080326341132263224e-01 3.703420892728104263e-01 4.209568398067631279e-02
-1.052080221507651459e+00 -8.569355928725599369e-01 -8.890644077546312474e-01 -1.890126595248489139e-01 -2.085662909885286354e-01 -8.026943313183210194e-02 2.796477029799007141e-01 3.489464228013616776e-01 2.773571752454131456e-01 6.191587579314727918e-02 1.065326295820170799e+00 4.302856751854733375e-02 2.359434420025081636e-01 -2.506933702092624117e-01 2.443869221747263509e-01 4.670002851245840247e-01 -2.604429297848014357e-01 1.882472941642276965e-01 4.165207759740212623e-01 -3.703295795041867677e-01 -6.255163506625649461e-02 1.249061724404327833e-01 -6.559276052968243675e-02 7.528337655804762107e-02 -2.274474668625430240e-01 1.097302135648874355e-01 1.030518477408577382e-01 -1.173934613430560603e-01 4.885574587116821021e-01 1.005314937377193019e-01
4.040198110373580676e-01 1.159212258282138919e+00 -6.657784084135300873e-01 1.418567032478676992e-01 -1.278333931637121168e-01 -5.480994151996583241e-01 4.722845035712452955e-02 -8.348884404938985426e-01 7.505661952690729777e-01 -1.971094710974057307e-01 4.302856751854733375e-02 1.181909523191450262e+00 2.772841379274382234e-01 -3.777263849366363502e-01 2.578581879362218388e-02 1.138407288241296555e-01 2.401517842812950221e-01 -5.920527570049216592e-02 6.573776696012600951e-02 4.971480688690235183e-01 -3.468829132160067275e-01 -3.072387275276753371e-01 1.562400041757427971e-01 -4.211420293118521840e-01 -2.117094388773352875e-01 -2.077264993178005170e-01 -5.638958938942550958e-02 -3.339099477245781600e-01 -5.476058659666591666e-01 1.392357280757323679e-01
-5.700414843332737291e-01 -9.110864063609369623e-02 -8.152818076027301686e-01 -7.055562254805636258e-02 -1.008185780909798268e-02 -1.562461924235094557e-01 9.491670898256643341e-02 6.220670500158576033e-02 2.531222271711044414e-01 1.101888249024227662e-01 2.359434420025081636e-01 2.772841379274382234e-01 4.546763490391185769e-01 -2.302710301768797763e-01 2.347911495924108749e-01 2.763229658313832715e-01 4.745252411731826214e-02 4.120054145928975231e-02 1.889469187664190031e-01 1.482765886667039013e-01 -1.162357757805807523e-01 -3.156948909619927690e-02 -5.299895311134150688e-02 -6.567189227382641548e-02 -2.366146383290583799e-01 -9.773242875758114678e-02 1.834173310973596926e-01 -2.162705441156163033e-01 -1.168583266922951225e-02 1.636205299736843699e-01
-9.206041311528565529e-01 -6.501432355645420103e-01 -7.257513958568324597e-01 1.904225140696667040e-01 -6.880584806667684461e-01 -1.611006448029570493e-01 1.747255969440857371e-01 8.641069315171989729e-01 -5.603253122285423160e-02 7.552203061319460176e-01 -2.506933702092624117e-01 -3.777263849366363502e-01 -2.302710301768797763e-01 1.532961458554041201e+00 6.771695075740922221e-01 8.037619215856466326e-01 -3.758321140097109492e-01 4.240910146565965988e-01 3.218402884970998912e-01 -9.213257519683111241e-01 -1.711207771266458622e-01 1.507990845283302406e-02 -2.703085514398821942e-01 2.388173019539294728e-01 -6.178777283465137771e-01 1.292350977863065964e-01 1.330576100366442915e-01 -4.922973973220905464e-01 6.300571109883890131e-01 1.859571054228581488e-02
-1.230743625165473532e+00 -6.381688946930239581e-01 -1.345332731255894032e+00 -9.537736866150225978e-03 -4.032794725041526362e-01 -3.032584306624244164e-01 3.083414883686828034e-01 7.399460126756025602e-01 1.655950268128663083e-01 6.372143086323376338e-01 2.443869221747263509e-01 2.578581879362218388e-02 2.347911495924108749e-01 6.771695075740922221e-01 9.582453232045509139e-01 9.375796279331893857e-01 -1.984288860281822053e-01 3.624788851913649523e-01 4.110838777873198069e-01 -4.880368970382846783e-01 -3.295784404639334753e-01 -1.050702731616013352e-01 -2.419796637744866530e-01 7.654243791040471478e-02 -6.694331993719515594e-01 -5.343726205603616108e-02 2.791788561929706702e-01 -5.142257949709119202e-01 3.618285238748057964e-01 1.103428873561824730e-01
-1.542342260333668946e+00 -8.720989141236827891e-01 -1.933281126609244893e+00 -3.784830945789963152e-02 -5.994778776010889487e-01 -3.031612534784926538e-01 2.954893779692611133e-01 9.356343475728294834e-01 4.767386725728783858e-01 7.079187286632873111e-01 4.670002851245840247e-01 1.138407288241296555e-01 2.763229658313832715e-01 8.037619215856466326e-01 9.375796279331893857e-01 1.309673429657891575e+00 -4.351811148368369686e-01 5.051938413085963475e-01 6.561825960788212342e-01 -6.691845681424410941e-01 -4.272315121100120905e-01 -1.744315665462181641e-01 -1.749068160326885391e-01 1.348498334717191938e-01 -8.314728189585309792e-01 5.067842348699969079e-02 3.567792583931463923e-01 -6.594919253813600335e-01 4.937745538567241965e-01 1.386921413717914220e-01
2.160706651537793732e-01 6.469673662689956473e-01 6.159220134597376273e-01 -1.307942930916397017e-01 2.806633463170555842e-01 -2.577163864054341502e-01 5.600208319657440370e-02 -8.437853118232396810e-01 -3.252609076931776144e-01 -2.716712888948791260e-01 -2.604429297848014357e-01 2.401517842812950221e-01 4.745252411731826214e-02 -3.758321140097109492e-01 -1.984288860281822053e-01 -4.351811148368369686e-01 6.764097796952341923e-01 -1.682835762728132067e-01 -7.945072111093054446e-02 3.888398501625829340e-01 1.902397737794103705e-01 2.586290395323942448e-01 -1.070274366804824240e-01 -2.233514614168825574e-01 2.102913195097357857e-01 -1.889280200813914234e-01 -8.180529583302131869e-02 1.286517040747980900e-01 -2.168643643366863216e-01 2.085331381605328716e-01
-6.546639494852115604e-01 -3.676159591944383465e-01 -5.510570449227429890e-01 -4.185987087083731240e-02 -2.304051081736133710e-01 -1.453690221585475228e-01 1.462841717752780824e-01 3.382510937486244984e-01 5.696334150860593581e-02 3.334712532926005224e-01 1.882472941642276965e-01 -5.920527570049216592e-02 4.120054145928975231e-02 4.240910146565965988e-01 3.624788851913649523e-01 5.051938413085963475e-01 -1.682835762728132067e-01 3.323303604807392730e-01 2.641025059214712201e-01 -3.454553697592928074e-01 -1.162372251502574727e-01 -7.311486286377544275e-02 -6.979461933246966510e-02 6.431388023452200287e-02 -2.865730747019483715e-01 2.610207297914257651e-02 7.996079765621288971e-02 -2.340403322966153610e-01 2.048631542104999426e-01 -2.417840260920911533e-02
-1.314701751520431117e+00 -7.014592067601199687e-01 -1.011821837472069774e+00 -2.332954172729273523e-01 -2.671834214763464388e-01 -2.070764026900917543e-01 2.180289430714310583e-01 3.116984676167930957e-01 6.987950598394832014e-02 2.425305585014712051e-01 4.165207759740212623e-01 6.573776696012600951e-02 1.889469187664190031e-01 3.218402884970998912e-01 4.110838777873198069e-01 6.561825960788212342e-01 -7.945072111093054446e-02 2.641025059214712201e-01 6.224677427956351039e-01 -3.766456195132263929e-01 -6.536529737843466137e-02 2.730047265090718156e-01 -1.667009042232621141e-01 5.306700462784874617e-02 -3.684448694669697488e-01 4.236110416374572196e-02 2.023372504324925103e-01 -2.847195138461415809e-01 4.990195140180162525e-01 2.180561922251058604e-01
1.152790744994888428e+00 1.437249548942986621e+00 7.697463458276274650e-01 -2.618357488529454713e-02 4.442165275644356370e-01 -1.327715923799814846e-01 -2.459748555239116286e-01 -1.033352725849510989e+00 1.042067383567655270e-01 -5.106911286299009589e-01 -3.703295795041867677e-01 4.971480688690235183e-01 1.482765886667039013e-01 -9.213257519683111241e-01 -4.880368970382846783e-01 -6.691845681424410941e-01 3.888398501625829340e-01 -3.454553697592928074e-01 -3.766456195132263929e-01 1.150055370154518641e+00 4.421934375272940088e-02 -2.334021680142086552e-01 2.552490005552385810e-01 -3.035515783723212735e-01 4.768302790633924815e-01 -3.141900087242106565e-01 -7.475017068139777621e-02 2.841840910073756277e-01 -1.036412121139619558e+00 -7.075461929576931652e-02
-7.889585238433483028e-02 -2.290613332533553148e-01 7.850654293608840817e-01 -1.355416917893421669e-01 2.750236836491808390e-01 1.661623503352984699e-01 -1.913918283366911055e-02 -1.654045869659626078e-01 -5.029819940827451319e-01 -1.886002587571624645e-01 -6.255163506625649461e-02 -3.468829132160067275e-01 -1.162357757805807523e-01 -1.711207771266458622e-01 -3.295784404639334753e-01 -4.272315121100120905e-01 1.902397737794103705e-01 -1.162372251502574727e-01 -6.536529737843466137e-02 4.421934375272940088e-02 3.660925123994616115e-01 3.809004994577946945e-01 -8.871502104773298925e-02 6.629174282056737866e-02 3.357453290666967405e-01 4.111526224141925923e-02 -1.072231530334875060e-01 3.143641807285462164e-01 1.662553930644889988e-01 1.929139795208811847e-02
-8.733105752021401713e-01 -7.608634493922181719e-01 2.890360883905600531e-01 -2.819347517156529648e-01 1.555619560535319579e-01 7.743292395468870382e-02 1.045000268935041277e-01 -3.190641598024512859e-02 -5.806944546981185340e-01 -1.337323799775163025e-01 1.249061724404327833e-01 -3.072387275276753371e-01 -3.156948909619927690e-02 1.507990845283302406e-02 -1.050702731616013352e-01 -1.744315665462181641e-01 2.586290395323942448e-01 -7.311486286377544275e-02 2.730047265090718156e-01 -2.334021680142086552e-01 3.809004994577946945e-01 7.904210588868068044e-01 -2.627019680227249410e-01 6.305156002781586722e-02 1.494760120443459073e-01 8.815126414168616975e-02 -1.112820864864261239e-02 1.775771160776002944e-01 6.465461850893632345e-01 2.668260968649747156e-01
6.691350632367516482e-01 4.969586257436162668e-01 2.713987218972420123e-01 2.440317734891550572e-02 7.135430557110566951e-02 7.877565710151657186e-02 -1.964941449495540837e-01 -2.394981853381636938e-01 2.053146899448847762e-01 -2.196798110717281816e-01 -6.559276052968243675e-02 1.562400041757427971e-01 -5.299895311134150688e-02 -2.703085514398821942e-01 -2.419796637744866530e-01 -1.749068160326885391e-01 -1.070274366804824240e-01 -6.979461933246966510e-02 -1.667009042232621141e-01 2.552490005552385810e-01 -8.871502104773298925e-02 -2.627019680227249410e-01 3.418501003138771921e-01 -4.628956307158205163e-02 2.432808841246583142e-01 -2.157107178391015623e-04 -4.691729446670933612e-02 1.366632817277491085e-01 -4.827692919129731308e-01 -2.180332880959099384e-01
-3.586522120039035144e-01 -6.101169356811624311e-01 -3.240504811935807084e-02 -4.273494450995940497e-02 -4.851615329562264378e-02 2.168101054170961106e-01 1.715392267931292736e-02 5.116473381178821001e-01 -1.702115491904123701e-01 1.572086728492081420e-01 7.528337655804762107e-02 -4.211420293118521840e-01 -6.567189227382641548e-02 2.388173019539294728e-01 7.654243791040471478e-02 1.348498334717191938e-01 -2.233514614168825574e-01 6.431388023452200287e-02 5.306700462784874617e-02 -3.035515783723212735e-01 6.629174282056737866e-02 6.305156002781586722e-02 -4.628956307158205163e-02 2.457788722659302039e-01 -1.057306318182327232e-02 1.223629758185893479e-01 4.228323711117809580e-02 5.230172500733942798e-02 2.837139827163923655e-01 -8.826219297520765394e-02
8.055088764135120982e-01 3.762996669559584006e-01 1.466316868694377717e+00 -1.528989580633606238e-01 5.567380819516074553e-01 2.695575783969843542e-01 -2.798449156705373753e-01 -5.782466097811038708e-01 -4.799816529761642414e-01 -5.478877858869282136e-01 -2.274474668625430240e-01 -2.117094388773352875e-01 -2.366146383290583799e-01 -6.178777283465137771e-01 -6.694331993719515594e-01 -8.314728189585309792e-01 2.102913195097357857e-01 -2.865730747019483715e-01 -3.684448694669697488e-01 4.768302790633924815e-01 3.357453290666967405e-01 1.494760120443459073e-01 2.432808841246583142e-01 -1.057306318182327232e-02 8.106753808297071373e-01 2.259099855166368798e-03 -2.392651189535399681e-01 6.515033801242111622e-01 -4.421276033830281449e-01 -1.740840643989827186e-01
-8.204179158894930879e-02 -4.803120059302159461e-01 -5.019281378463347210e-02 -1.221294174979448144e-02 -5.933633645685176816e-02 2.301952919662539898e-01 -4.204820701448852560e-02 3.141555351766101012e-01 -2.232059463699442858e-02 1.546495812959847171e-02 1.097302135648874355e-01 -2.077264993178005170e-01 -9.773242875758114678e-02 1.292350977863065964e-01 -5.343726205603616108e-02 5.067842348699969079e-02 -1.889280200813914234e-01 2.610207297914257651e-02 4.236110416374572196e-02 -3.141900087242106565e-01 4.111526224141925923e-02 8.815126414168616975e-02 -2.157107178391015623e-04 1.223629758185893479e-01 2.259099855166368798e-03 2.072429524296808268e-01 -4.809801016546089159e-02 3.512101159680014462e-02 2.826180516223075756e-01 -3.800076848773414895e-02
-5.519173385824842626e-01 -2.927536552575702444e-01 -5.679549545988038517e-01 -7.391383705453336006e-02 -7.581524748661649937e-02 -8.399259946378379027e-02 7.582548294794833055e-02 3.012238144090133574e-01 2.549393182721360063e-02 2.001377472120111634e-01 1.030518477408577382e-01 -5.638958938942550958e-02 1.834173310973596926e-01 1.330576100366442915e-01 2.791788561929706702e-01 3.567792583931463923e-01 -8.180529583302131869e-02 7.996079765621288971e-02 2.023372504324925103e-01 -7.475017068139777621e-02 -1.072231530334875060e-01 -1.112820864864261239e-02 -4.691729446670933612e-02 4.228323711117809580e-02 -2.392651189535399681e-01 -4.809801016546089159e-02 3.160647020498004167e-01 -1.422729099636512728e-01 8.280639512702236971e-02 7.257854985329004194e-02
4.647741627308050738e-01 -2.955715213352050341e-02 1.211829665993377603e+00 -1.624174457958815765e-01 5.199197629780201169e-01 3.045599673332617385e-01 -1.890191142832691185e-01 -2.789307924210220335e-01 -5.264986956395318884e-01 -4.080326341132263224e-01 -1.173934613430560603e-01 -3.339099477245781600e-01 -2.162705441156163033e-01 -4.922973973220905464e-01 -5.142257949709119202e-01 -6.594919253813600335e-01 1.286517040747980900e-01 -2.340403322966153610e-01 -2.847195138461415809e-01 2.841840910073756277e-01 3.143641807285462164e-01 1.775771160776002944e-01 1.366632817277491085e-01 5.230172500733942798e-02 6.515033801242111622e-01 3.512101159680014462e-02 -1.422729099636512728e-01 6.260968035530254383e-01 -1.863610527091168478e-01 -1.321076747361757953e-01
-1.556229584381185305e+00 -1.828219652599557321e+00 -8.092791011594613337e-01 -1.327858271322952533e-01 -2.986730802228407811e-01 2.497864800897104942e-01 3.195075951234116474e-01 9.933095244442711191e-01 -2.943578903146999437e-01 3.703420892728104263e-01 4.885574587116821021e-01 -5.476058659666591666e-01 -1.168583266922951225e-02 6.300571109883890131e-01 3.618285238748057964e-01 4.937745538567241965e-01 -2.168643643366863216e-01 2.048631542104999426e-01 4.990195140180162525e-01 -1.036412121139619558e+00 1.662553930644889988e-01 6.465461850893632345e-01 -4.827692919129731308e-01 2.837139827163923655e-01 -4.421276033830281449e-01 2.826180516223075756e-01 8.280639512702236971e-02 -1.863610527091168478e-01 1.468395826254834446e+00 3.019899084852681881e-01
-5.397002175719762818e-01 -2.462068191019852748e-01 -4.784068897781139640e-01 -9.607629032586828544e-02 -8.356352233761299431e-03 -1.311335315739370344e-01 1.126770803975318813e-01 -4.829773091205424862e-02 -3.137681522133561884e-02 4.209568398067631279e-02 1.005314937377193019e-01 1.392357280757323679e-01 1.636205299736843699e-01 1.859571054228581488e-02 1.103428873561824730e-01 1.386921413717914220e-01 2.085331381605328716e-01 -2.417840260920911533e-02 2.180561922251058604e-01 -7.075461929576931652e-02 1.929139795208811847e-02 2.668260968649747156e-01 -2.180332880959099384e-01 -8.826219297520765394e-02 -1.740840643989827186e-01 -3.800076848773414895e-02 7.257854985329004194e-02 -1.321076747361757953e-01 3.019899084852681881e-01 4.119091664192069402e-01
