4.488824132831268798e+00 2.557500292568875011e+00 2.385268239592789996e+00 4.164251989158174183e-01 4.978874879473664805e-01 5.906392966642215470e-01 -9.258638724434149481e-01 -1.115489497880048475e+00 4.432608319889368431e-01 -1.062649214561872668e+00 -8.519341906816748633e-01 2.969924179132021891e-01 -6.205387805501345611e-01 -9.935892846477258900e-01 -1.282040948976145955e+00 -1.494113380811882053e+00 1.206417444669227734e-01 -7.607362789265721403e-01 -1.208034423284061631e+00 8.874271570690552835e-01 -2.217026232711987177e-01 -7.742492872459934006e-01 5.065866372178788879e-01 -4.431089889382064939e-01 7.744275426690592212e-01 -1.096420361995456005e-01 -5.867533861585343402e-01 4.057728710594119548e-01 -1.499386575009964417e+00 -4.218179305571538862e-01
2.557500292568875011e+00 4.018155375388460016e+00 9.422215372513846887e-01 3.129464492448619239e-01 -4.718099227511629579e-02 -8.614402201403663639e-01 -3.204710124736607213e-01 -2.210834575922149270e+00 1.018151740519101622e+00 -6.240121613907945175e-01 -6.979579115122760413e-01 1.585507762817826460e+00 -4.845307511516239174e-02 -6.782871221250275084e-01 -4.583858618708518406e-01 -7.574694762305398399e-01 9.313922062980282135e-01 -4.043727031296384666e-01 -5.888931947859248339e-01 1.598092240868652425e+00 -3.899389423606862692e-01 -7.529949622024787459e-01 3.331870553280964486e-01 -8.717653567262004799e-01 3.192060231180562369e-01 -9.603603952671164734e-01 -2.438993999084573261e-01 -9.735868600648700522e-02 -2.286206199361629388e+00 -3.160784215591547763e-01
2.385268239592789996e+00 9.422215372513846887e-01 3.788978490013846567e+00 -6.607382492296665077e-02 9.190829629172299065e-01 5.089230372017254922e-01 -5.340725626875268972e-01 -1.167325660991878067e+00 -1.271504798758144261e+00 -1.035939099582378731e+00 -7.934443070528800490e-01 -8.034763351922720176e-01 -7.661685751917275411e-01 -9.194749385807767794e-01 -1.423781265259037809e+00 -1.759651341075255004e+00 2.587054926978566982e-01 -5.470699410022348275e-01 -8.450936112616886930e-01 4.722598007375040652e-01 6.706639304203463325e-01 2.861106526158891938e-01 3.310743998061980164e-01 3.255468659801863396e-02 1.319544483549918823e+00 3.059183736341992699e-01 -6.706885135424158761e-01 1.016076055919882037e+00 -3.490169694995302052e-01 -2.845981905197731976e-01
4.164251989158174183e-01 3.129464492448619239e-01 -6.607382492296665077e-02 4.796114441586496469e-01 -1.984363287626820238e-01 -1.639034767651992297e-02 -5.883800372521363897e-02 1.512964861594809918e-01 3.837906456085988793e-01 8.684949530544372465e-02 -1.508459470610432618e-01 8.254090259725899159e-02 -8.746670194125272246e-02 2.425473971708242971e-01 -4.074862744710117113e-02 -3.816302742893640243e-02 -1.289944378166296701e-01 -3.045499926690808934e-02 -2.210698246622655461e-01 -9.451075059945424073e-02 -1.169465040787827093e-01 -2.557771204934624620e-01 -1.806593660734279183e-02 -3.855852710648832726e-02 -1.611354721108568810e-01 -1.257710031410397278e-02 -6.985692513694630179e-02 -1.604368303674732488e-01 -1.033596529660485430e-01 -8.730242088358863839e-02
4.978874879473664805e-01 -4.718099227511629579e-02 9.190829629172299065e-01 -1.984363287626820238e-01 9.460465448011632361e-01 2.356073310801320986e-01 -2.126361007553327909e-01 -3.992753630396350673e-01 -5.011069369565461784e-01 -3.863082782846163354e-01 -1.734306276243842149e-01 -5.141148465611422580e-02 1.482653518667120807e-02 -8.071201369734239961e-01 -4.347080817158257560e-01 -5.361296341994261638e-01 2.068942878508437389e-01 -2.224691724751437505e-01 -2.057386474881752747e-01 4.193875809733640381e-01 2.043269587744021010e-01 1.019886865736907566e-01 1.179588313888189077e-01 -8.023721246019022146e-02 4.992409598151539285e-01 2.993502407150572253e-03 -1.133250530695022462e-01 4.253051591310281765e-01 -2.662738616233468747e-01 4.424141021911509597e-02
5.906392966642215470e-01 -8.614402201403663639e-01 5.089230372017254922e-01 -1.639034767651992297e-02 2.356073310801320986e-01 9.317479606890515242e-01 -2.737712678274988320e-01 5.976689734354181383e-01 -2.707659721191362223e-01 -1.976954154474697134e-01 -6.546499103944825038e-02 -7.748212156081422108e-01 -2.004425381638270665e-01 -2.151268825704164556e-01 -4.690580362710079498e-01 -3.668487475741244452e-01 -4.353141950762733359e-01 -1.978372948398714470e-01 -2.279852360897507424e-01 -3.019374597648720737e-01 1.760616580957048427e-01 9.484920692187870372e-02 1.075951818025941975e-01 2.937046483329481816e-01 2.915465597796469410e-01 4.670248589662264749e-01 -1.440417626653243133e-01 3.060983372186001361e-01 4.713872535677410269e-01 -5.391212510522791490e-02
-9.258638724434149481e-01 -3.204710124736607213e-01 -5.340725626875268972e-01 -5.883800372521363897e-02 -2.126361007553327909e-01 -2.737712678274988320e-01 4.171017264547458581e-01 8.904276087076823387e-02 -7.325443993295266409e-02 2.716176827578351549e-01 2.452572030233000078e-01 7.786965263130696258e-02 1.188087389422776141e-01 2.192792451991749658e-01 3.639805580208417268e-01 3.189374958305393193e-01 1.019683762087311152e-01 1.991970883752287591e-01 2.190560375729546649e-01 -1.890695560176709478e-01 2.280067118414308425e-02 1.036710252379862141e-01 -1.758714070560927212e-01 3.139246619645064129e-02 -2.884887593140206263e-01 -6.805735460744699594e-02 1.037977924534061458e-01 -1.760021357604841796e-01 3.105580532633211988e-01 8.205994355205348256e-02
-1.115489497880048475e+00 -2.210834575922149270e+00 -1.167325660991878067e+00 1.512964861594809918e-01 -3.992753630396350673e-01 5.976689734354181383e-01 8.904276087076823387e-02 2.007494778454997686e+00 -7.211121373808282442e-02 6.997061753753541780e-01 2.733091307723611862e-01 -9.956630357492599614e-01 5.287298211953839200e-03 8.696526875282870606e-01 5.721160722106901630e-01 8.117378260149052949e-01 -9.634750374470968382e-01 3.379873695932360533e-01 2.084947594414074956e-01 -1.068595808046552520e+00 -1.059475104029274917e-01 -9.441830997639044654e-02 -1.359011672263363835e-01 5.989603020286722312e-01 -5.214174602329535446e-01 5.387054950299443590e-01 2.639645876784015854e-01 -2.342398700863554950e-01 1.088920066403261444e+00 -2.965013502824831448e-02
4.432608319889368431e-01 1.018151740519101622e+00 -1.271504798758144261e+00 3.837906456085988793e-01 -5.011069369565461784e-01 -2.707659721191362223e-01 -7.325443993295266409e-02 -7.211121373808282442e-02 1.409602596125864693e+00 6.995513890700522097e-02 2.973089089352356496e-01 8.797788188845174773e-01 2.028383300117297949e-01 -1.576851689304703541e-02 1.501762781427942173e-01 3.342262703370693089e-01 -7.334596679049809609e-02 -2.749024998291815791e-02 -2.720323948400960035e-02 2.704604814835533944e-01 -4.977679619352670670e-01 -5.583159082440829479e-01 1.023888069634608655e-01 -2.955233653486288858e-01 -3.674936148275378400e-01 -3.400531181069368358e-01 6.258985508708292400e-02 -4.078040972557346322e-01 -6.859232943763231560e-01 -1.390953785422084366e-01
-1.062649214561872668e+00 -6.240121613907945175e-01 -1.035939099582378731e+00 8.684949530544372465e-02 -3.863082782846163354e-01 -1.976954154474697134e-01 2.716176827578351549e-01 6.997061753753541780e-01 6.995513890700522097e-02 7.294965171780631863e-01 2.435146155011125302e-02 -1.488158385772067049e-01 1.137391190990229006e-01 8.151093607286838960e-01 6.834029953149638459e-01 7.045196005136062922e-01 -2.184116637029092090e-01 3.863151706561325227e-01 2.346017426459354738e-01 -4.423648592879203534e-01 -1.463755195569547141e-01 -1.404114217393725994e-01 -1.928057105203606625e-01 1.648111851841917996e-01 -5.450240655715674620e-01 -7.949958723031613772e-03 2.209856890302148713e-01 -3.927395456560702769e-01 3.326855990179637956e-01 3.354927735301771463e-03
-8.519341906816748633e-01 -6.979579115122760413e-01 -7.934443070528800490e-01 -1.508459470610432618e-01 -1.734306276243842149e-01 -6.546499103944825038e-02 2.452572030233000078e-01 2.733091307723611862e-01 2.973089089352356496e-01 2.435146155011125302e-02 9.807463411686967447e-01 7.926345626412967249e-02 2.094889389977652172e-01 -2.889378248648313274e-01 1.967871489635513171e-01 3.286615602988831597e-01 -1.878595642887148642e-01 1.216309584684154288e-01 2.782667180248097338e-01 -2.120281573497209138e-01 -5.275032555732650508e-02 7.381077129355162469e-02 -2.560079254345737354e-02 5.343208214890182717e-02 -1.282809634827231093e-01 3.874957430252834456e-02 1.113277965201859843e-01 -2.877527146404190717e-02 2.930096495172733739e-01 5.190915218986447144e-02
2.969924179132021891e-01 1.585507762817826460e+00 -8.034763351922720176e-01 8.254090259725899159e-02 -5.141148465611422580e-02 -7.748212156081422108e-01 7.786965263130696258e-02 -9.956630357492599614e-01 8.797788188845174773e-01 -1.488158385772067049e-01 7.926345626412967249e-02 1.514998344756463666e+00 3.046390421286560013e-01 -3.179405480227615044e-01 2.069549930072867028e-01 1.658752565285226410e-01 5.247762565362563691e-01 -5.245148883682304586e-02 8.213961225791877041e-02 7.218885003621267060e-01 -4.092892840667445853e-01 -3.265667486870427183e-01 6.246731017029105715e-02 -5.902102591291509270e-01 -2.141077950822136700e-01 -6.274830597488971762e-01 1.690609633470785411e-02 -3.205669239377471058e-01 -9.814051535079784117e-01 1.161038866695207616e-02
-6.205387805501345611e-01 -4.845307511516239174e-02 -7.661685751917275411e-01 -8.746670194125272246e-02 1.482653518667120807e-02 -2.004425381638270665e-01 1.188087389422776141e-01 5.287298211953839200e-03 2.028383300117297949e-01 1.137391190990229006e-01 2.094889389977652172e-01 3.046390421286560013e-01 4.234175538853719445e-01 -1.737882608085783431e-01 2.346325480038444766e-01 2.356465533731295636e-01 1.520846485948936788e-01 4.741429470757907438e-02 1.731562892035753976e-01 1.989788148324578287e-01 -6.633431792397459503e-02 3.882591287265313440e-04 -7.891428847972292715e-02 -7.639456209079753535e-02 -1.937352889175372184e-01 -1.853916549750351805e-01 2.005121540955769888e-01 -1.634160724216826566e-01 -9.411977485797251575e-02 1.193042740799228341e-01
-9.935892846477258900e-01 -6.782871221250275084e-01 -9.194749385807767794e-01 2.425473971708242971e-01 -8.071201369734239961e-01 -2.151268825704164556e-01 2.192792451991749658e-01 8.696526875282870606e-01 -1.576851689304703541e-02 8.151093607286838960e-01 -2.889378248648313274e-01 -3.179405480227615044e-01 -1.737882608085783431e-01 1.597659901163808627e+00 7.508301660683969203e-01 8.543855364073351666e-01 -4.077094476578508875e-01 4.674239700711382284e-01 2.997360521973462255e-01 -8.572647811409979113e-01 -1.804630033142302636e-01 -6.250079848325640341e-02 -2.123303377509841994e-01 2.749811361108527308e-01 -6.700959463630056234e-01 1.602708200290976492e-01 1.662450400858119792e-01 -5.310838194737357298e-01 6.240659024328465421e-01 -1.070652607057809291e-02
-1.282040948976145955e+00 -4.583858618708518406e-01 -1.423781265259037809e+00 -4.074862744710117113e-02 -4.347080817158257560e-01 -4.690580362710079498e-01 3.639805580208417268e-01 5.721160722106901630e-01 1.501762781427942173e-01 6.834029953149638459e-01 1.967871489635513171e-01 2.069549930072867028e-01 2.346325480038444766e-01 7.508301660683969203e-01 1.059004709791167897e+00 9.514136993190902558e-01 -7.033741477204102921e-02 4.302017941262761269e-01 3.974309689014603464e-01 -3.157612139058869616e-01 -3.197810556724789421e-01 -1.617497094794657642e-01 -1.996144449864800663e-01 2.743707467539024947e-02 -6.561879614970962393e-01 -1.883226095981740400e-01 3.193137114413389099e-01 -4.901342568106770159e-01 1.473961640552374774e-01 1.953123309510829131e-02
-1.494113380811882053e+00 -7.574694762305398399e-01 -1.759651341075255004e+00 -3.816302742893640243e-02 -5.361296341994261638e-01 -3.668487475741244452e-01 3.189374958305393193e-01 8.117378260149052949e-01 3.342262703370693089e-01 7.045196005136062922e-01 3.286615602988831597e-01 1.658752565285226410e-01 2.356465533731295636e-01 8.543855364073351666e-01 9.514136993190902558e-01 1.152787098336659710e+00 -2.783363910070306702e-01 4.885896084389855787e-01 5.259956922834589932e-01 -4.668498952287336579e-01 -3.405522008463606198e-01 -1.776626461272314828e-01 -1.442120090933656229e-01 1.287813711797411997e-01 -7.034752095350143009e-01 -8.366225750677358519e-02 3.800013603109846372e-01 -5.244725437632382636e-01 2.718747551131741602e-01 1.816432207198204196e-02
1.206417444669227734e-01 9.313922062980282135e-01 2.587054926978566982e-01 -1.289944378166296701e-01 2.068942878508437389e-01 -4.353141950762733359e-01 1.019683762087311152e-01 -9.634750374470968382e-01 -7.334596679049809609e-02 -2.184116637029092090e-01 -1.878595642887148642e-01 5.247762565362563691e-01 1.520846485948936788e-01 -4.077094476578508875e-01 -7.033741477204102921e-02 -2.783363910070306702e-01 7.406542127503144002e-01 -1.331004072304153851e-01 -5.949572725768348391e-03 4.860506820554064689e-01 7.642609653322551821e-02 1.709135706841777846e-01 -1.112382514845648984e-01 -3.265620712306827045e-01 8.453990051435766873e-02 -3.233269092528416877e-01 -3.869624785198766403e-02 1.543538141731914948e-03 -3.713827181804845168e-01 2.174484293645377875e-01
-7.607362789265721403e-01 -4.043727031296384666e-01 -5.470699410022348275e-01 -3.045499926690808934e-02 -2.224691724751437505e-01 -1.978372948398714470e-01 1.991970883752287591e-01 3.379873695932360533e-01 -2.749024998291815791e-02 3.863151706561325227e-01 1.216309584684154288e-01 -5.245148883682304586e-02 4.741429470757907438e-02 4.674239700711382284e-01 4.302017941262761269e-01 4.885896084389855787e-01 -1.331004072304153851e-01 3.327790186177423948e-01 2.231517923080730270e-01 -2.856523433416668922e-01 -8.368062826292543832e-02 -6.507642552972470185e-02 -6.905924151783437992e-02 9.681397526105683937e-02 -2.783048256670497267e-01 -3.261284670486475079e-03 1.061091684596817686e-01 -2.100955197336134006e-01 1.908727431343208991e-01 -5.737450098348517713e-02
-1.208034423284061631e+00 -5.888931947859248339e-01 -8.450936112616886930e-01 -2.210698246622655461e-01 -2.057386474881752747e-01 -2.279852360897507424e-01 2.190560375729546649e-01 2.084947594414074956e-01 -2.720323948400960035e-02 2.346017426459354738e-01 2.782667180248097338e-01 8.213961225791877041e-02 1.731562892035753976e-01 2.997360521973462255e-01 3.974309689014603464e-01 5.259956922834589932e-01 -5.949572725768348391e-03 2.231517923080730270e-01 4.889645328753431386e-01 -2.040030091995674866e-01 -9.638986888518275009e-03 2.380520258542162537e-01 -1.165166112021154277e-01 6.747783865748147036e-02 -2.663269469979923088e-01 -1.615314538318557425e-02 2.062919036791299732e-01 -1.843956332908760487e-01 3.507567027778293323e-01 1.334284035912673971e-01
8.874271570690552835e-01 1.598092240868652425e+00 4.722598007375040652e-01 -9.451075059945424073e-02 4.193875809733640381e-01 -3.019374597648720737e-01 -1.890695560176709478e-01 -1.068595808046552520e+00 2.704604814835533944e-01 -4.423648592879203534e-01 -2.120281573497209138e-01 7.218885003621267060e-01 1.989788148324578287e-01 -8.572647811409979113e-01 -3.157612139058869616e-01 -4.668498952287336579e-01 4.860506820554064689e-01 -2.856523433416668922e-01 -2.040030091995674866e-01 1.124307578581408507e+00 -5.073231996351523776e-02 -2.079632521752046159e-01 1.543929662626624122e-01 -4.142345885109079973e-01 3.492964764495241070e-01 -5.151188324272766295e-01 -3.088490381685460306e-02 1.690585183001189762e-01 -1.129223866441066093e+00 -6.540465430379072131e-02
-2.217026232711987177e-01 -3.899389423606862692e-01 6.706639304203463325e-01 -1.169465040787827093e-01 2.043269587744021010e-01 1.760616580957048427e-01 2.280067118414308425e-02 -1.059475104029274917e-01 -4.977679619352670670e-01 -1.463755195569547141e-01 -5.275032555732650508e-02 -4.092892840667445853e-01 -6.633431792397459503e-02 -1.804630033142302636e-01 -3.197810556724789421e-01 -3.405522008463606198e-01 7.642609653322551821e-02 -8.368062826292543832e-02 -9.638986888518275009e-03 -5.073231996351523776e-02 3.639944650537358939e-01 3.818078577916423910e-01 -6.370662070145272082e-02 1.273974308790002397e-01 2.564736100958953102e-01 1.871658477946880339e-01 -1.127961551346743363e-01 2.404679743996780417e-01 3.756198568800641624e-01 8.519815880322312296e-02
-7.742492872459934006e-01 -7.529949622024787459e-01 2.861106526158891938e-01 -2.557771204934624620e-01 1.019886865736907566e-01 9.484920692187870372e-02 1.036710252379862141e-01 -9.441830997639044654e-02 -5.583159082440829479e-01 -1.404114217393725994e-01 7.381077129355162469e-02 -3.265667486870427183e-01 3.882591287265313440e-04 -6.250079848325640341e-02 -1.617497094794657642e-01 -1.776626461272314828e-01 1.709135706841777846e-01 -6.507642552972470185e-02 2.380520258542162537e-01 -2.079632521752046159e-01 3.818078577916423910e-01 7.110715648591963145e-01 -1.744411950950279788e-01 1.046077108837835112e-01 1.374692467796307938e-01 2.254948714476086025e-01 -3.932390643893768356e-02 1.574482388846831782e-01 7.201098339883174049e-01 2.836573571281064687e-01
5.065866372178788879e-01 3.331870553280964486e-01 3.310743998061980164e-01 -1.806593660734279183e-02 1.179588313888189077e-01 1.075951818025941975e-01 -1.758714070560927212e-01 -1.359011672263363835e-01 1.023888069634608655e-01 -1.928057105203606625e-01 -2.560079254345737354e-02 6.246731017029105715e-02 -7.891428847972292715e-02 -2.123303377509841994e-01 -1.996144449864800663e-01 -1.442120090933656229e-01 -1.112382514845648984e-01 -6.905924151783437992e-02 -1.165166112021154277e-01 1.543929662626624122e-01 -6.370662070145272082e-02 -1.744411950950279788e-01 2.723318108626244793e-01 -1.340423377496335888e-02 2.421340051370179935e-01 -1.293016722098627724e-02 -4.339976572919113096e-02 1.521069288062903979e-01 -3.798697977632627953e-01 -2.143411394898180333e-01
-4.431089889382064939e-01 -8.717653567262004799e-01 3.255468659801863396e-02 -3.855852710648832726e-02 -8.023721246019022146e-02 2.937046483329481816e-01 3.139246619645064129e-02 5.989603020286722312e-01 -2.955233653486288858e-01 1.648111851841917996e-01 5.343208214890182717e-02 -5.902102591291509270e-01 -7.639456209079753535e-02 2.749811361108527308e-01 2.743707467539024947e-02 1.287813711797411997e-01 -3.265620712306827045e-01 9.681397526105683937e-02 6.747783865748147036e-02 -4.142345885109079973e-01 1.273974308790002397e-01 1.046077108837835112e-01 -1.340423377496335888e-02 3.340707135963043584e-01 -3.651016515618721314e-03 2.852127462268185809e-01 2.719776924902816972e-02 6.464233233305094473e-02 4.936166067498675147e-01 -5.344241511642167097e-02
7.744275426690592212e-01 3.192060231180562369e-01 1.319544483549918823e+00 -1.611354721108568810e-01 4.992409598151539285e-01 2.915465597796469410e-01 -2.884887593140206263e-01 -5.214174602329535446e-01 -3.674936148275378400e-01 -5.450240655715674620e-01 -1.282809634827231093e-01 -2.141077950822136700e-01 -1.937352889175372184e-01 -6.700959463630056234e-01 -6.561879614970962393e-01 -7.034752095350143009e-01 8.453990051435766873e-02 -2.783048256670497267e-01 -2.663269469979923088e-01 3.492964764495241070e-01 2.564736100958953102e-01 1.374692467796307938e-01 2.421340051370179935e-01 -3.651016515618721314e-03 7.089587562261101539e-01 1.048461685463735193e-01 -2.577060525190404405e-01 5.373304068426136837e-01 -2.794695177298649469e-01 -9.011295409248987198e-02
-1.096420361995456005e-01 -9.603603952671164734e-01 3.059183736341992699e-01 -1.257710031410397278e-02 2.993502407150572253e-03 4.670248589662264749e-01 -6.805735460744699594e-02 5.387054950299443590e-01 -3.400531181069368358e-01 -7.949958723031613772e-03 3.874957430252834456e-02 -6.274830597488971762e-01 -1.853916549750351805e-01 1.602708200290976492e-01 -1.883226095981740400e-01 -8.366225750677358519e-02 -3.233269092528416877e-01 -3.261284670486475079e-03 -1.615314538318557425e-02 -5.151188324272766295e-01 1.871658477946880339e-01 2.254948714476086025e-01 -1.293016722098627724e-02 2.852127462268185809e-01 1.048461685463735193e-01 4.484531126919932831e-01 -9.238241532557367464e-02 1.530925223776193889e-01 6.225637049621468577e-01 6.180941887123481138e-03
-5.867533861585343402e-01 -2.438993999084573261e-01 -6.706885135424158761e-01 -6.985692513694630179e-02 -1.133250530695022462e-01 -1.440417626653243133e-01 1.037977924534061458e-01 2.639645876784015854e-01 6.258985508708292400e-02 2.209856890302148713e-01 1.113277965201859843e-01 1.690609633470785411e-02 2.005121540955769888e-01 1.662450400858119792e-01 3.193137114413389099e-01 3.800013603109846372e-01 -3.869624785198766403e-02 1.061091684596817686e-01 2.062919036791299732e-01 -3.088490381685460306e-02 -1.127961551346743363e-01 -3.932390643893768356e-02 -4.339976572919113096e-02 2.719776924902816972e-02 -2.577060525190404405e-01 -9.238241532557367464e-02 3.361017609730652111e-01 -1.579486629858024571e-01 2.105117886162588547e-02 5.930815490745544594e-02
4.057728710594119548e-01 -9.735868600648700522e-02 1.016076055919882037e+00 -1.604368303674732488e-01 4.253051591310281765e-01 3.060983372186001361e-01 -1.760021357604841796e-01 -2.342398700863554950e-01 -4.078040972557346322e-01 -3.927395456560702769e-01 -2.877527146404190717e-02 -3.205669239377471058e-01 -1.634160724216826566e-01 -5.310838194737357298e-01 -4.901342568106770159e-01 -5.244725437632382636e-01 1.543538141731914948e-03 -2.100955197336134006e-01 -1.843956332908760487e-01 1.690585183001189762e-01 2.404679743996780417e-01 1.574482388846831782e-01 1.521069288062903979e-01 6.464233233305094473e-02 5.373304068426136837e-01 1.530925223776193889e-01 -1.579486629858024571e-01 5.009112416931316147e-01 -9.649047980587965867e-03 -4.073516769017260231e-02
-1.499386575009964417e+00 -2.286206199361629388e+00 -3.490169694995302052e-01 -1.033596529660485430e-01 -2.662738616233468747e-01 4.713872535677410269e-01 3.105580532633211988e-01 1.088920066403261444e+00 -6.859232943763231560e-01 3.326855990179637956e-01 2.930096495172733739e-01 -9.814051535079784117e-01 -9.411977485797251575e-02 6.240659024328465421e-01 1.473961640552374774e-01 2.718747551131741602e-01 -3.713827181804845168e-01 1.908727431343208991e-01 3.507567027778293323e-01 -1.129223866441066093e+00 3.756198568800641624e-01 7.201098339883174049e-01 -3.798697977632627953e-01 4.936166067498675147e-01 -2.794695177298649469e-01 6.225637049621468577e-01 2.105117886162588547e-02 -9.649047980587965867e-03 1.804396762285591649e+00 3.164013855214307114e-01
-4.218179305571538862e-01 -3.160784215591547763e-01 -2.845981905197731976e-01 -8.730242088358863839e-02 4.424141021911509597e-02 -5.391212510522791490e-02 8.205994355205348256e-02 -2.965013502824831448e-02 -1.390953785422084366e-01 3.354927735301771463e-03 5.190915218986447144e-02 1.161038866695207616e-02 1.193042740799228341e-01 -1.070652607057809291e-02 1.953123309510829131e-02 1.816432207198204196e-02 2.174484293645377875e-01 -5.737450098348517713e-02 1.334284035912673971e-01 -6.540465430379072131e-02 8.519815880322312296e-02 2.836573571281064687e-01 -2.143411394898180333e-01 -5.344241511642167097e-02 -9.011295409248987198e-02 6.180941887123481138e-03 5.930815490745544594e-02 -4.073516769017260231e-02 3.164013855214307114e-01 4.127738427852705172e-01
