4.277175318185982178e+00 2.458206495581691797e+00 2.483180424362615213e+00 3.922678476833425520e-01 4.019642084941779103e-01 4.150299404593056352e-01 -7.004050716833489787e-01 -1.524833741280758659e+00 8.591584471059832140e-02 -9.678717716341225241e-01 -1.214200266266573180e+00 2.757273682787513280e-01 -5.196039250727153558e-01 -1.117259197416785810e+00 -1.369987815059687364e+00 -1.578710034217181146e+00 9.445898659390650209e-02 -6.201115864832331681e-01 -1.337195369470180140e+00 1.176668555780508996e+00 6.364748956195853680e-02 -8.851257032333705865e-01 8.570874639746079993e-01 -2.097565812629227366e-01 8.423715855618638670e-01 1.728331642661942169e-01 -6.065745961270749831e-01 4.770961967724360875e-01 -1.304926184354769703e+00 -5.170698917072513723e-01
2.458206495581691797e+00 3.266153398401741015e+00 1.178243808601280307e+00 3.367343123867954091e-01 -1.893724731569363939e-01 -6.576084230666765507e-01 -2.175605263724946781e-01 -2.130953063489528176e+00 5.530952266443023291e-01 -5.661351833727508165e-01 -9.585588299683536206e-01 1.066594891456134064e+00 -4.710481823047985017e-02 -7.831847352918543947e-01 -6.923605875406337873e-01 -8.061562305678648954e-01 4.628436554269796943e-01 -2.915960155011703137e-01 -6.578375813808463590e-01 1.413980077059704854e+00 -1.595700775003479066e-01 -7.862536531044383992e-01 6.777251794190988221e-01 -4.696957544391011652e-01 3.516962951676418925e-01 -2.198101773838061490e-01 -3.307248678547125564e-01 -6.558976716206643687e-02 -1.538822713253864549e+00 -1.963776175529119428e-01
2.483180424362615213e+00 1.178243808601280307e+00 3.992749385653041827e+00 -8.927150036538478162e-02 1.029527148176043738e+00 3.888893945847939904e-01 -4.684375250268431046e-01 -1.501999101661397162e+00 -1.430890631937302260e+00 -1.073870115330294084e+00 -9.759993873342409643e-01 -7.025132325032927838e-01 -7.722936305692087444e-01 -1.026091905165515072e+00 -1.505487576289340268e+00 -2.020250031360490084e+00 5.645183615989139980e-01 -5.639178877754034147e-01 -1.062874956399525672e+00 8.600068625675589828e-01 8.594190669688828166e-01 2.391953995847302394e-01 4.499239171183262442e-01 2.955357489321386311e-02 1.532367030243733552e+00 1.326955950621027114e-01 -6.319598420117245041e-01 1.232255088922045161e+00 -7.108267121730591498e-01 -4.358418898081026782e-01
3.922678476833425520e-01 3.367343123867954091e-01 -8.927150036538478162e-02 4.648942819737840182e-01 -2.141585965592867069e-01 -5.846482240360728611e-02 -3.344665635142973770e-02 1.024768600165089083e-01 3.616062149745289389e-01 1.122859132110534119e-01 -2.036158747590093299e-01 1.282522647192081422e-01 -5.593877010142023209e-02 2.281380064225686510e-01 -9.818726109699582594e-03 -6.300699896428341162e-03 -1.588584214676984629e-01 -1.686969747242983431e-02 -2.145390890444787146e-01 -5.854554168274717085e-02 -1.287061782595060322e-01 -2.845919843117030723e-01 2.437526014477953140e-02 -2.701411102600559389e-02 -1.848504723363362245e-01 1.885460156961471512e-02 -7.345971391703187692e-02 -1.897805663177791757e-01 -7.540060979300733379e-02 -8.625394488478832500e-02
4.019642084941779103e-01 -1.893724731569363939e-01 1.029527148176043738e+00 -2.141585965592867069e-01 9.614212630903580248e-01 2.776657107160076521e-01 -1.842737258039051085e-01 -3.851776818106600331e-01 -6.189536709007938953e-01 -3.845127934781089607e-01 -1.844389320026493806e-01 -1.645029041876000520e-01 -1.121126232879987583e-02 -7.867259493108917923e-01 -4.516718101631340687e-01 -6.170028141648913333e-01 2.671011037988932912e-01 -2.391840376585605554e-01 -2.630568576293228489e-01 4.409924893685115421e-01 3.060355001569519118e-01 1.602849275060975742e-01 1.149767885346477669e-01 -2.686959770716157436e-02 5.787389910731803866e-01 9.284937816573801683e-04 -1.023488265815899467e-01 5.332277980333515188e-01 -2.397054332852803782e-01 -9.697680187002788443e-03
4.150299404593056352e-01 -6.576084230666765507e-01 3.888893945847939904e-01 -5.846482240360728611e-02 2.776657107160076521e-01 7.453697310904772166e-01 -2.066660814518854750e-01 4.849140254802364325e-01 -2.547531503552136201e-01 -1.231075784599511280e-01 -7.796593542116170283e-02 -5.708330498422355959e-01 -1.501574021224314492e-01 -1.751696821937116511e-01 -3.180877561735542258e-01 -3.240307552666763513e-01 -2.515441601509564862e-01 -1.584011285287942883e-01 -2.261804253566594980e-01 -1.373181550836761744e-01 1.774456444939573885e-01 7.800586517527108299e-02 7.289458208981614007e-02 2.171723757401196053e-01 2.828366726375861617e-01 2.263970082324249233e-01 -8.737871470128766305e-02 3.127350443660361634e-01 2.377345232999346081e-01 -1.394236113061992910e-01
-7.004050716833489787e-01 -2.175605263724946781e-01 -4.684375250268431046e-01 -3.344665635142973770e-02 -1.842737258039051085e-01 -2.066660814518854750e-01 3.231811071250376699e-01 1.236805996196608248e-01 1.870328160231338188e-02 2.024211773267552417e-01 2.845330351565849014e-01 8.047431924296688521e-02 7.969811060257825375e-02 1.964101163090390401e-01 3.187802538658388585e-01 2.809056965770651004e-01 8.304062548387491915e-02 1.334770151852353592e-01 2.054579770085069867e-01 -2.217367080634744525e-01 -4.544893262112736920e-02 9.422212786910222349e-02 -2.168163516853951478e-01 -1.505881288409227636e-02 -2.703778938996492798e-01 -9.101485322167945924e-02 7.989897730624306860e-02 -1.816564368634203674e-01 2.437382673277852518e-01 1.042765365750710771e-01
-1.524833741280758659e+00 -2.130953063489528176e+00 -1.501999101661397162e+00 1.024768600165089083e-01 -3.851776818106600331e-01 4.849140254802364325e-01 1.236805996196608248e-01 2.186952339399056200e+00 1.085403761469478923e-01 8.037051065496711999e-01 4.904091925676539176e-01 -8.064159721486134913e-01 4.962441525066196846e-02 1.093732187340549444e+00 8.507721939359385033e-01 1.005635511579725971e+00 -7.806137702763749076e-01 3.494330870584008153e-01 3.678314348341018558e-01 -1.143851499000902550e+00 -2.147232720615193102e-01 2.648476046448422494e-02 -4.100978845542044837e-01 4.450926657068521308e-01 -6.448511550209445886e-01 1.540533004017561325e-01 3.554621623127331986e-01 -3.097537847343119211e-01 9.255474160553944785e-01 -7.107643134105501304e-02
8.591584471059832140e-02 5.530952266443023291e-01 -1.430890631937302260e+00 3.616062149745289389e-01 -6.189536709007938953e-01 -2.547531503552136201e-01 1.870328160231338188e-02 1.085403761469478923e-01 1.255587728453576801e+00 2.056631439592706556e-01 2.887437171040119210e-01 6.960047460121927543e-01 2.607011431119303779e-01 5.379037850576651181e-02 2.376962078739097706e-01 5.614671631720966616e-01 -3.772116553413411566e-01 9.387410616329816548e-02 1.234551001125510084e-01 1.095974242781494468e-02 -5.014726953548915844e-01 -5.391619771419868812e-01 1.641772494348288092e-01 -1.298587661697752083e-01 -5.310553238513762153e-01 -2.053074029106483067e-03 5.497862446986800933e-02 -5.472939612491813932e-01 -1.810882018703523499e-01 -2.116555808817111028e-02
-9.678717716341225241e-01 -5.661351833727508165e-01 -1.073870115330294084e+00 1.122859132110534119e-01 -3.845127934781089607e-01 -1.231075784599511280e-01 2.024211773267552417e-01 8.037051065496711999e-01 2.056631439592706556e-01 7.096723308879404613e-01 9.813801395137033978e-02 -1.455943269381805294e-01 1.028083772376930938e-01 8.474144266629650701e-01 6.720633163523075382e-01 7.208836540635275014e-01 -2.372100262440994811e-01 3.332275780947497879e-01 2.461677983237109402e-01 -5.069983065147312118e-01 -2.212031955286306584e-01 -1.377103345572550097e-01 -2.790503736044911420e-01 1.134871116587987672e-01 -5.686245814711128332e-01 -6.731378034879753613e-02 2.155515512429246883e-01 -4.200317449557360305e-01 2.919633619226829069e-01 2.378285213399067288e-02
-1.214200266266573180e+00 -9.585588299683536206e-01 -9.759993873342409643e-01 -2.036158747590093299e-01 -1.844389320026493806e-01 -7.796593542116170283e-02 2.845330351565849014e-01 4.904091925676539176e-01 2.887437171040119210e-01 9.813801395137033978e-02 1.154884677197742349e+00 2.205122797471403828e-02 2.161359055937737139e-01 -1.285296513604521351e-01 3.493765206459897854e-01 5.208747823002113364e-01 -2.193065340866837687e-01 1.797863232029044411e-01 4.578433377892565659e-01 -4.584509708230370961e-01 -9.535017299015180470e-02 1.947051307896572325e-01 -1.785783520596169183e-01 5.542322662114429477e-02 -2.509776125065172891e-01 9.623247620254460344e-03 1.575428214900398416e-01 -1.034355755166984636e-01 4.729458544633757811e-01 9.639125503809964357e-02
2.757273682787513280e-01 1.066594891456134064e+00 -7.025132325032927838e-01 1.282522647192081422e-01 -1.645029041876000520e-01 -5.708330498422355959e-01 8.047431924296688521e-02 -8.064159721486134913e-01 6.960047460121927543e-01 -1.455943269381805294e-01 2.205122797471403828e-02 1.145762006385837140e+00 2.832554889829452804e-01 -3.230598905649912922e-01 6.844527168016156793e-02 1.911565240996537796e-01 1.728309482890040272e-01 -1.896252118302754752e-02 1.111709289703810555e-01 4.433107917557208566e-01 -3.477199323158401967e-01 -3.041693918654289064e-01 1.768411111787600021e-01 -3.742711256235224937e-01 -2.570632401335615214e-01 -1.457822386144584925e-01 -4.370534583080143420e-02 -3.632108174170980419e-01 -4.418673929149576907e-01 1.477926593800589217e-01
-5.196039250727153558e-01 -4.710481823047985017e-02 -7.722936305692087444e-01 -5.593877010142023209e-02 -1.121126232879987583e-02 -1.501574021224314492e-01 7.969811060257825375e-02 4.962441525066196846e-02 2.607011431119303779e-01 1.028083772376930938e-01 2.161359055937737139e-01 2.832554889829452804e-01 4.465209894719919248e-01 -2.232863862346334827e-01 2.202663407660452322e-01 2.629413764285004618e-01 4.246512025315496430e-02 3.133698681693886101e-02 1.718390856188420912e-01 1.586847850274466509e-01 -1.202260815747422384e-01 -4.416068434713338320e-02 -4.958057253674041931e-02 -7.415592200834453251e-02 -2.298156326201592492e-01 -1.009212857090346915e-01 1.706794549057235599e-01 -2.142892930083917236e-01 -3.480610714996146271e-02 1.505936715251436908e-01
-1.117259197416785810e+00 -7.831847352918543947e-01 -1.026091905165515072e+00 2.281380064225686510e-01 -7.867259493108917923e-01 -1.751696821937116511e-01 1.964101163090390401e-01 1.093732187340549444e+00 5.379037850576651181e-02 8.474144266629650701e-01 -1.285296513604521351e-01 -3.230598905649912922e-01 -2.232863862346334827e-01 1.772319494775842941e+00 8.235946219874108465e-01 9.261741710137130212e-01 -3.652368749984020724e-01 4.764395849390439253e-01 3.885557292262262763e-01 -1.029483470487662089e+00 -2.440668475443317220e-01 3.327655245976757215e-02 -3.991786797301415390e-01 1.960658734896014721e-01 -7.236559148240075956e-01 1.730746446918374204e-02 1.982076665606768984e-01 -5.557666421406679547e-01 6.089807105955742372e-01 2.029054491663373483e-02
-1.369987815059687364e+00 -6.923605875406337873e-01 -1.505487576289340268e+00 -9.818726109699582594e-03 -4.516718101631340687e-01 -3.180877561735542258e-01 3.187802538658388585e-01 8.507721939359385033e-01 2.376962078739097706e-01 6.720633163523075382e-01 3.493765206459897854e-01 6.844527168016156793e-02 2.202663407660452322e-01 8.235946219874108465e-01 1.045775399948240647e+00 1.009198311217346600e+00 -1.604452242884804036e-01 3.897820993215361796e-01 4.746797027812306169e-01 -5.481083573182559121e-01 -3.682312117339279212e-01 -6.880404552080676694e-02 -3.368075170808424446e-01 3.320250470306973511e-02 -7.154779600671190565e-01 -1.545958230635164909e-01 3.178986146923534761e-01 -5.308993521993556897e-01 3.202459890639488549e-01 9.900692843922342945e-02
-1.578710034217181146e+00 -8.061562305678648954e-01 -2.020250031360490084e+00 -6.300699896428341162e-03 -6.170028141648913333e-01 -3.240307552666763513e-01 2.809056965770651004e-01 1.005635511579725971e+00 5.614671631720966616e-01 7.208836540635275014e-01 5.208747823002113364e-01 1.911565240996537796e-01 2.629413764285004618e-01 9.261741710137130212e-01 1.009198311217346600e+00 1.313674776152055301e+00 -3.654943890177264620e-01 4.816182842857870128e-01 6.554711857592110391e-01 -6.528968241851771381e-01 -4.758476937037983134e-01 -1.559734076305971939e-01 -2.761173684213815704e-01 7.085458677659062232e-02 -8.422967544105972593e-01 -9.446518051748853395e-02 3.949006270255495110e-01 -6.505956082240231808e-01 3.594485452280764548e-01 1.109332683632828775e-01
9.445898659390650209e-02 4.628436554269796943e-01 5.645183615989139980e-01 -1.588584214676984629e-01 2.671011037988932912e-01 -2.515441601509564862e-01 8.304062548387491915e-02 -7.806137702763749076e-01 -3.772116553413411566e-01 -2.372100262440994811e-01 -2.193065340866837687e-01 1.728309482890040272e-01 4.246512025315496430e-02 -3.652368749984020724e-01 -1.604452242884804036e-01 -3.654943890177264620e-01 6.214726884300603160e-01 -1.289589843646581357e-01 -3.315171704102226613e-02 2.997683388375094182e-01 1.967732346073489680e-01 2.815185195132414719e-01 -9.441246008850612270e-02 -1.757207132296230156e-01 1.797457092442300564e-01 -1.147242095663045802e-01 -7.631422862942827123e-02 1.134856833031108181e-01 -7.689195013102789744e-02 2.360722902876659646e-01
-6.201115864832331681e-01 -2.915960155011703137e-01 -5.639178877754034147e-01 -1.686969747242983431e-02 -2.391840376585605554e-01 -1.584011285287942883e-01 1.334770151852353592e-01 3.494330870584008153e-01 9.387410616329816548e-02 3.332275780947497879e-01 1.797863232029044411e-01 -1.896252118302754752e-02 3.133698681693886101e-02 4.764395849390439253e-01 3.897820993215361796e-01 4.816182842857870128e-01 -1.289589843646581357e-01 3.050039562722588471e-01 2.386648152169357218e-01 -3.114396878287948311e-01 -1.401922664969958987e-01 -7.054984323806934299e-02 -1.089074886266985231e-01 3.452873860737781797e-02 -2.831540157898189136e-01 -4.736619928786467426e-02 9.638801282068243381e-02 -2.276390780603492203e-01 1.217941088497127566e-01 -3.810306262363383212e-02
-1.337195369470180140e+00 -6.578375813808463590e-01 -1.062874956399525672e+00 -2.145390890444787146e-01 -2.630568576293228489e-01 -2.261804253566594980e-01 2.054579770085069867e-01 3.678314348341018558e-01 1.234551001125510084e-01 2.461677983237109402e-01 4.578433377892565659e-01 1.111709289703810555e-01 1.718390856188420912e-01 3.885557292262262763e-01 4.746797027812306169e-01 6.554711857592110391e-01 -3.315171704102226613e-02 2.386648152169357218e-01 6.205564914898786810e-01 -3.671890600030280893e-01 -1.125535938432165040e-01 2.918075220244134016e-01 -2.364020341247794477e-01 1.049003068007436923e-02 -3.677688456722307819e-01 -5.878419617727104196e-02 2.329595407323381551e-01 -2.717968701441009216e-01 4.021913313818288316e-01 2.101886611628174251e-01
1.176668555780508996e+00 1.413980077059704854e+00 8.600068625675589828e-01 -5.854554168274717085e-02 4.409924893685115421e-01 -1.373181550836761744e-01 -2.217367080634744525e-01 -1.143851499000902550e+00 1.095974242781494468e-02 -5.069983065147312118e-01 -4.584509708230370961e-01 4.433107917557208566e-01 1.586847850274466509e-01 -1.029483470487662089e+00 -5.481083573182559121e-01 -6.528968241851771381e-01 2.997683388375094182e-01 -3.114396878287948311e-01 -3.671890600030280893e-01 1.155777344761759196e+00 8.852482001856287752e-02 -2.705631037687510343e-01 3.755066161395461677e-01 -2.353509887421978419e-01 4.773701073241909398e-01 -1.575611050081420217e-01 -1.206051757541217739e-01 2.652055824141825724e-01 -8.966776362068458184e-01 -4.997979248548745090e-02
6.364748956195853680e-02 -1.595700775003479066e-01 8.594190669688828166e-01 -1.287061782595060322e-01 3.060355001569519118e-01 1.774456444939573885e-01 -4.544893262112736920e-02 -2.147232720615193102e-01 -5.014726953548915844e-01 -2.212031955286306584e-01 -9.535017299015180470e-02 -3.477199323158401967e-01 -1.202260815747422384e-01 -2.440668475443317220e-01 -3.682312117339279212e-01 -4.758476937037983134e-01 1.967732346073489680e-01 -1.401922664969958987e-01 -1.125535938432165040e-01 8.852482001856287752e-02 3.639963508386472313e-01 3.513556818561767159e-01 -5.945765204319286568e-02 5.732605449651373419e-02 3.640852388090820568e-01 5.453129328162731326e-02 -1.238964894146192819e-01 3.248967244977620794e-01 1.273036975021000217e-01 2.332567282479658388e-02
-8.851257032333705865e-01 -7.862536531044383992e-01 2.391953995847302394e-01 -2.845919843117030723e-01 1.602849275060975742e-01 7.800586517527108299e-02 9.422212786910222349e-02 2.648476046448422494e-02 -5.391619771419868812e-01 -1.377103345572550097e-01 1.947051307896572325e-01 -3.041693918654289064e-01 -4.416068434713338320e-02 3.327655245976757215e-02 -6.880404552080676694e-02 -1.559734076305971939e-01 2.815185195132414719e-01 -7.054984323806934299e-02 2.918075220244134016e-01 -2.705631037687510343e-01 3.513556818561767159e-01 8.027449237100370283e-01 -3.025075143786750687e-01 3.488330283130380849e-02 1.424137693630882495e-01 4.901200952429007884e-02 1.947469267804535775e-03 1.763736119708596561e-01 6.140425366597810353e-01 2.772974051350729496e-01
8.570874639746079993e-01 6.777251794190988221e-01 4.499239171183262442e-01 2.437526014477953140e-02 1.149767885346477669e-01 7.289458208981614007e-02 -2.168163516853951478e-01 -4.100978845542044837e-01 1.641772494348288092e-01 -2.790503736044911420e-01 -1.785783520596169183e-01 1.768411111787600021e-01 -4.958057253674041931e-02 -3.991786797301415390e-01 -3.368075170808424446e-01 -2.761173684213815704e-01 -9.441246008850612270e-02 -1.089074886266985231e-01 -2.364020341247794477e-01 3.755066161395461677e-01 -5.945765204319286568e-02 -3.025075143786750687e-01 4.242393626255420713e-01 -4.296100342736508537e-02 3.093998372895043758e-01 3.253284081762330970e-02 -8.653416736399321962e-02 1.696111429680513538e-01 -5.427131788582642002e-01 -2.291688694097615553e-01
-2.097565812629227366e-01 -4.696957544391011652e-01 2.955357489321386311e-02 -2.701411102600559389e-02 -2.686959770716157436e-02 2.171723757401196053e-01 -1.505881288409227636e-02 4.450926657068521308e-01 -1.298587661697752083e-01 1.134871116587987672e-01 5.542322662114429477e-02 -3.742711256235224937e-01 -7.415592200834453251e-02 1.960658734896014721e-01 3.320250470306973511e-02 7.085458677659062232e-02 -1.757207132296230156e-01 3.452873860737781797e-02 1.049003068007436923e-02 -2.353509887421978419e-01 5.732605449651373419e-02 3.488330283130380849e-02 -4.296100342736508537e-02 2.016916240269779337e-01 2.466756643656253800e-02 8.073767028190559358e-02 3.010406894543393719e-02 7.160320340290127206e-02 1.732782868040771973e-01 -9.944977052782633109e-02
8.423715855618638670e-01 3.516962951676418925e-01 1.532367030243733552e+00 -1.848504723363362245e-01 5.787389910731803866e-01 2.828366726375861617e-01 -2.703778938996492798e-01 -6.448511550209445886e-01 -5.310553238513762153e-01 -5.686245814711128332e-01 -2.509776125065172891e-01 -2.570632401335615214e-01 -2.298156326201592492e-01 -7.236559148240075956e-01 -7.154779600671190565e-01 -8.422967544105972593e-01 1.797457092442300564e-01 -2.831540157898189136e-01 -3.677688456722307819e-01 4.773701073241909398e-01 3.640852388090820568e-01 1.424137693630882495e-01 3.093998372895043758e-01 2.466756643656253800e-02 8.262053354198997113e-01 8.804668163526230273e-02 -2.631615999284804275e-01 6.527429371712969441e-01 -3.655136511359273754e-01 -1.540435375358697456e-01
1.728331642661942169e-01 -2.198101773838061490e-01 1.326955950621027114e-01 1.885460156961471512e-02 9.284937816573801683e-04 2.263970082324249233e-01 -9.101485322167945924e-02 1.540533004017561325e-01 -2.053074029106483067e-03 -6.731378034879753613e-02 9.623247620254460344e-03 -1.457822386144584925e-01 -1.009212857090346915e-01 1.730746446918374204e-02 -1.545958230635164909e-01 -9.446518051748853395e-02 -1.147242095663045802e-01 -4.736619928786467426e-02 -5.878419617727104196e-02 -1.575611050081420217e-01 5.453129328162731326e-02 4.901200952429007884e-02 3.253284081762330970e-02 8.073767028190559358e-02 8.804668163526230273e-02 1.637403559189465341e-01 -8.015492018330405699e-02 8.375271690408681025e-02 1.139098342551960741e-01 -6.440904108234235537e-02
-6.065745961270749831e-01 -3.307248678547125564e-01 -6.319598420117245041e-01 -7.345971391703187692e-02 -1.023488265815899467e-01 -8.737871470128766305e-02 7.989897730624306860e-02 3.554621623127331986e-01 5.497862446986800933e-02 2.155515512429246883e-01 1.575428214900398416e-01 -4.370534583080143420e-02 1.706794549057235599e-01 1.982076665606768984e-01 3.178986146923534761e-01 3.949006270255495110e-01 -7.631422862942827123e-02 9.638801282068243381e-02 2.329595407323381551e-01 -1.206051757541217739e-01 -1.238964894146192819e-01 1.947469267804535775e-03 -8.653416736399321962e-02 3.010406894543393719e-02 -2.631615999284804275e-01 -8.015492018330405699e-02 3.227641125012041812e-01 -1.527417164822963969e-01 8.547011070390908571e-02 6.480648310423475777e-02
4.770961967724360875e-01 -6.558976716206643687e-02 1.232255088922045161e+00 -1.897805663177791757e-01 5.332277980333515188e-01 3.127350443660361634e-01 -1.816564368634203674e-01 -3.097537847343119211e-01 -5.472939612491813932e-01 -4.200317449557360305e-01 -1.034355755166984636e-01 -3.632108174170980419e-01 -2.142892930083917236e-01 -5.557666421406679547e-01 -5.308993521993556897e-01 -6.505956082240231808e-01 1.134856833031108181e-01 -2.276390780603492203e-01 -2.717968701441009216e-01 2.652055824141825724e-01 3.248967244977620794e-01 1.763736119708596561e-01 1.696111429680513538e-01 7.160320340290127206e-02 6.527429371712969441e-01 8.375271690408681025e-02 -1.527417164822963969e-01 6.219376867074402071e-01 -1.307378975300821367e-01 -1.197053476925589166e-01
-1.304926184354769703e+00 -1.538822713253864549e+00 -7.108267121730591498e-01 -7.540060979300733379e-02 -2.397054332852803782e-01 2.377345232999346081e-01 2.437382673277852518e-01 9.255474160553944785e-01 -1.810882018703523499e-01 2.919633619226829069e-01 4.729458544633757811e-01 -4.418673929149576907e-01 -3.480610714996146271e-02 6.089807105955742372e-01 3.202459890639488549e-01 3.594485452280764548e-01 -7.689195013102789744e-02 1.217941088497127566e-01 4.021913313818288316e-01 -8.966776362068458184e-01 1.273036975021000217e-01 6.140425366597810353e-01 -5.427131788582642002e-01 1.732782868040771973e-01 -3.655136511359273754e-01 1.139098342551960741e-01 8.547011070390908571e-02 -1.307378975300821367e-01 1.173426772020093267e+00 2.679551340792727387e-01
-5.170698917072513723e-01 -1.963776175529119428e-01 -4.358418898081026782e-01 -8.625394488478832500e-02 -9.697680187002788443e-03 -1.394236113061992910e-01 1.042765365750710771e-01 -7.107643134105501304e-02 -2.116555808817111028e-02 2.378285213399067288e-02 9.639125503809964357e-02 1.477926593800589217e-01 1.505936715251436908e-01 2.029054491663373483e-02 9.900692843922342945e-02 1.109332683632828775e-01 2.360722902876659646e-01 -3.810306262363383212e-02 2.101886611628174251e-01 -4.997979248548745090e-02 2.332567282479658388e-02 2.772974051350729496e-01 -2.291688694097615553e-01 -9.944977052782633109e-02 -1.540435375358697456e-01 -6.440904108234235537e-02 6.480648310423475777e-02 -1.197053476925589166e-01 2.679551340792727387e-01 3.990517418357626411e-01
