5.598259916506322043e+00 3.447055403844103694e+00 1.353727132748531403e+00 1.190705693566428636e+00 -8.084423369805335824e-01 1.707331833893590556e-01 -9.991934044959407402e-01 -7.089388467174444486e-01 1.481410931848472501e+00 -7.427167293257639358e-01 -1.148415680352513846e+00 3.709322322104640079e-01 -8.895263802754129756e-01 -1.623713009947209684e-01 -1.043928531710889729e+00 -1.265842346029842247e+00 -5.115470570939919526e-01 -4.397049153894840856e-01 -1.422696443305198954e+00 6.862203027827149526e-01 -1.972442382243571046e-01 -1.381063378112003193e+00 7.000034569859963085e-01 -1.550847895484821493e-01 5.417126667128968620e-02 -3.324978729131089494e-02 -4.165602239876307067e-01 -1.420996003183176981e-01 -1.460312271928387418e+00 -1.124279721761013207e+00
3.447055403844103694e+00 4.108498356453878841e+00 2.054540943522908947e+00 6.477457880932320222e-01 1.388924858645168570e-03 -1.075363200634342320e+00 -7.933432325767739712e-01 -2.183348401536875372e+00 -1.103116912095174484e-01 -7.232392261448694626e-01 -2.156148496667071868e+00 8.889458971132739862e-01 -1.486018956329075991e-01 -7.760521906533313086e-02 -7.009657620349116769e-01 -9.724591547645786704e-01 6.330989092034542409e-01 -2.854489818881802421e-01 -8.803875585499838508e-01 1.455496452847057753e+00 8.249366706644423175e-02 -7.905679824272624501e-01 5.290404726756605669e-01 -3.988851197877920640e-01 3.948440136758790686e-01 -3.821211674277833481e-01 -2.024673865482213841e-01 -1.810464054448175375e-01 -1.928299723591521797e+00 -2.525396134272455129e-01
1.353727132748531403e+00 2.054540943522908947e+00 2.116845670061024975e+00 3.039947571303400764e-01 3.006111192376010877e-01 -9.566608233670308437e-01 -2.493421137918403474e-01 -1.278760676901072202e+00 -7.339834030472616178e-01 -4.163738387440503175e-01 -1.374407991321277223e+00 2.773365208267932758e-01 -9.101083226744322019e-02 -5.925232446872996661e-02 -4.195062586937297056e-01 -7.405667888680795841e-01 4.576642643624495577e-01 -5.955456057841956863e-02 -5.644815453792944027e-01 8.520535197132517169e-01 2.897834963462742053e-01 -3.313245170189702549e-01 2.514031656338033827e-01 -1.257585727045125168e-01 4.897258252917708887e-01 -1.888567381259917966e-01 -1.678050562118187372e-01 2.456536151162254100e-01 -1.014997642776563680e+00 -2.206958699257484113e-01
1.190705693566428636e+00 6.477457880932320222e-01 3.039947571303400764e-01 4.351834130569613990e-01 -3.066631808508191170e-01 1.408829530142838848e-01 -1.864053973580439560e-01 -2.869782738133608291e-02 4.932786003283808896e-01 -1.787816031165903041e-01 -1.218623367271334246e-01 -1.798076575329332627e-02 -3.048420140537473344e-01 -2.480890866672780248e-02 -3.046012069009975676e-01 -3.446022631471237219e-01 -2.355102896456173767e-01 -1.139363330557898735e-01 -3.794427800405060225e-01 4.686452162479781691e-02 -2.804408787062584452e-02 -3.413345473612707792e-01 1.670930948802151761e-01 2.561953060438781904e-02 3.512328767936878648e-02 6.513624968442854879e-02 -1.297922241178639524e-01 7.439768278078418007e-02 -2.092976401460759917e-01 -3.694204439243549132e-01
-8.084423369805335824e-01 1.388924858645168570e-03 3.006111192376010877e-01 -3.066631808508191170e-01 1.025936523777545517e+00 -5.242224224113556375e-01 4.045016147614433066e-02 -5.640695987739263728e-01 -1.028891965526270269e+00 1.095662569864543912e-01 -6.981032525900445762e-01 3.871286675985743386e-01 4.617000218325983951e-01 -8.161247950312144894e-02 3.668154291241307874e-01 1.885292706709265076e-01 5.484208784228599143e-01 1.222464090589028274e-01 1.369861156895808563e-01 4.846920686337625739e-01 4.010714797209402604e-02 1.145163713979400200e-01 -7.927523310382866839e-02 -2.186107814778779357e-01 1.124318776553536736e-01 -2.380480442371322169e-01 1.183754660492013500e-01 -4.907417862625607086e-02 -3.993280185434855412e-01 4.364406037403796290e-01
1.707331833893590556e-01 -1.075363200634342320e+00 -9.566608233670308437e-01 1.408829530142838848e-01 -5.242224224113556375e-01 1.194526147404985750e+00 4.704943766284941375e-02 1.270797281725890571e+00 1.004453480244649199e+00 1.281622598797866885e-01 8.777967950066454250e-01 -6.583502444246960295e-01 -2.946077711246744002e-01 -7.596953525802518925e-02 -2.379334799626349195e-01 -6.120020209903032082e-02 -6.968591080427017914e-01 -8.274882136583983083e-02 -1.150495025692066520e-01 -5.476837424583891334e-01 -5.225496197641632534e-02 -1.106775902328536176e-01 -1.951401601138513797e-02 2.269770485725643994e-01 -1.395206427955599793e-01 2.310738399214642413e-01 1.101724610293786100e-03 2.342289248753104403e-01 5.599430162146177281e-01 -4.391104039324318364e-01
-9.991934044959407402e-01 -7.933432325767739712e-01 -2.493421137918403474e-01 -1.864053973580439560e-01 4.045016147614433066e-02 4.704943766284941375e-02 4.204187536539620851e-01 2.907819473122117415e-01 -3.297472760983737317e-01 1.910639383000329872e-01 4.224754670784705013e-01 -1.242313005727737618e-01 7.838057853882673953e-02 7.511092224075355261e-02 3.496121071030415806e-01 2.332157254584217299e-01 7.961397970746020292e-03 1.112314827732916456e-01 1.705833022789420284e-01 -3.191150437551755203e-01 -1.765731985244656244e-02 1.693349333875744378e-01 -1.841187548425864406e-01 5.300095430612827840e-02 -1.083897693325752698e-01 2.949328140010720745e-02 2.947348553874462596e-02 3.099106517532845828e-02 4.303027758514872403e-01 1.306107854349534136e-01
-7.089388467174444486e-01 -2.183348401536875372e+00 -1.278760676901072202e+00 -2.869782738133608291e-02 -5.640695987739263728e-01 1.270797281725890571e+00 2.907819473122117415e-01 1.970003349626324507e+00 9.915636835352188427e-01 3.813495044615251572e-01 1.615631339388414744e+00 -9.594323818221823785e-01 -2.567663692925066243e-01 -1.392106985770169558e-01 -8.199481971587374574e-03 2.731562372505891290e-01 -1.031936790591373665e+00 7.741223045042033846e-02 7.601962356159219780e-02 -9.162340435242413150e-01 -9.734651973832342264e-02 -6.928369809094192533e-02 -7.083724526677315225e-02 4.178934795892246257e-01 -2.207872880057948350e-01 3.418821112117598204e-01 5.320567129194841982e-02 2.631677327410102407e-01 9.781201197457676244e-01 -4.671342048904421063e-01
1.481410931848472501e+00 -1.103116912095174484e-01 -7.339834030472616178e-01 4.932786003283808896e-01 -1.028891965526270269e+00 1.004453480244649199e+00 -3.297472760983737317e-01 9.915636835352188427e-01 1.776805848524531939e+00 -8.517010531477353652e-02 8.775407016090071011e-01 -5.010797049107509338e-01 -5.855501889304832730e-01 -8.350574055407378182e-02 -6.491009531833924484e-01 -2.368252631568452671e-01 -1.002480549229801454e+00 -1.918462559965519176e-01 -3.227731697943738709e-01 -4.491987017062228915e-01 -1.289725527119003345e-01 -4.517941340656079774e-01 2.929084407762729825e-01 3.049470856697666932e-01 -7.647654585252894321e-02 3.256940414797782068e-01 -1.299964417713113107e-01 1.136489339962736267e-01 1.866844881218412411e-01 -7.512287022828445515e-01
-7.427167293257639358e-01 -7.232392261448694626e-01 -4.163738387440503175e-01 -1.787816031165903041e-01 1.095662569864543912e-01 1.281622598797866885e-01 1.910639383000329872e-01 3.813495044615251572e-01 -8.517010531477353652e-02 2.484626532473726002e-01 4.079503401229089832e-01 -1.448539221588021064e-01 1.402362207136320649e-01 -4.760204047016713957e-02 2.608376210183678268e-01 2.743669918801288077e-01 -1.198555319644469819e-01 1.080280394420469747e-01 1.444846123161482865e-01 -1.707702760588745150e-01 -5.598601116309964709e-02 3.929270275222052078e-02 -6.784660998067693072e-02 7.191954277357126557e-02 -8.726533027743244020e-02 1.314249252101262755e-02 7.078522845949919429e-02 -2.914347516207271838e-02 2.173037681053529013e-01 6.265095604783255112e-02
-1.148415680352513846e+00 -2.156148496667071868e+00 -1.374407991321277223e+00 -1.218623367271334246e-01 -6.981032525900445762e-01 8.777967950066454250e-01 4.224754670784705013e-01 1.615631339388414744e+00 8.775407016090071011e-01 4.079503401229089832e-01 1.883973495127008846e+00 -7.162270943961743797e-01 -2.313153840163408859e-01 1.040991444790506648e-02 1.960955211883401716e-01 5.378739116443966850e-01 -9.563957752672536117e-01 1.478134292630670643e-01 3.139183805797642890e-01 -1.074015703869633853e+00 -1.751238010913311882e-01 6.737953174416588809e-02 -7.134011830311237645e-02 4.329735244930930094e-01 -2.901642758650950782e-01 3.565410044222971919e-01 3.513541055042423977e-02 4.215986327278642420e-02 1.089447986831999060e+00 -3.015966722804250821e-01
3.709322322104640079e-01 8.889458971132739862e-01 2.773365208267932758e-01 -1.798076575329332627e-02 3.871286675985743386e-01 -6.583502444246960295e-01 -1.242313005727737618e-01 -9.594323818221823785e-01 -5.010797049107509338e-01 -1.448539221588021064e-01 -7.162270943961743797e-01 7.861366742762356807e-01 1.381973752601766137e-01 1.281519083743205556e-01 2.319668383676685153e-01 6.058607013784467199e-02 5.191302383032621037e-01 -2.320476203942689608e-02 2.727646523044313653e-02 3.244223173497289281e-01 -1.239249564540045867e-01 7.753565804108575321e-03 6.707142560287593369e-03 -2.770278492073430243e-01 -2.980898582245572470e-02 -1.652910105293585730e-01 -6.154917440511553650e-02 -2.878699492281953098e-01 -4.135367835475562970e-01 3.496963181404453280e-01
-8.895263802754129756e-01 -1.486018956329075991e-01 -9.101083226744322019e-02 -3.048420140537473344e-01 4.617000218325983951e-01 -2.946077711246744002e-01 7.838057853882673953e-02 -2.567663692925066243e-01 -5.855501889304832730e-01 1.402362207136320649e-01 -2.313153840163408859e-01 1.381973752601766137e-01 4.262464528855502977e-01 -6.231063189056840201e-02 2.708230986429498444e-01 2.605047123243480200e-01 3.721538543592259884e-01 1.223471302700431806e-01 2.615367785406021994e-01 2.499737968171871216e-01 3.923802997417169536e-02 1.863591361015721759e-01 -1.249625988104980934e-01 -1.113639272526256718e-01 -2.196916250744607169e-02 -1.706151223218057567e-01 1.519488978618142028e-01 -1.369252626101342685e-01 -8.925621970422525919e-02 3.599797169427461085e-01
-1.623713009947209684e-01 -7.760521906533313086e-02 -5.925232446872996661e-02 -2.480890866672780248e-02 -8.161247950312144894e-02 -7.596953525802518925e-02 7.511092224075355261e-02 -1.392106985770169558e-01 -8.350574055407378182e-02 -4.760204047016713957e-02 1.040991444790506648e-02 1.281519083743205556e-01 -6.231063189056840201e-02 2.331651788710473738e-01 5.001253637271929620e-02 2.417904770754830679e-02 1.201099034266803756e-01 -5.552956709209411201e-02 1.131857045203048528e-01 -2.021737857438665742e-01 -1.314788923116338992e-02 2.005509323699925517e-01 -1.056446785104299124e-01 -3.743762384829096845e-03 -6.041302109207435933e-02 4.570895822490683713e-02 -4.388440948082461546e-02 -5.552015791704434378e-02 1.968543014669990043e-01 1.568696918147338693e-01
-1.043928531710889729e+00 -7.009657620349116769e-01 -4.195062586937297056e-01 -3.046012069009975676e-01 3.668154291241307874e-01 -2.379334799626349195e-01 3.496121071030415806e-01 -8.199481971587374574e-03 -6.491009531833924484e-01 2.608376210183678268e-01 1.960955211883401716e-01 2.319668383676685153e-01 2.708230986429498444e-01 5.001253637271929620e-02 8.101408421970859308e-01 4.869733056781910818e-01 2.606745960641774218e-01 1.973467370707453483e-01 2.776984122524766008e-01 -2.086615263123121622e-01 -1.925269913721763260e-01 1.922609826410734968e-01 -2.109633095073490949e-01 -1.387847128087855708e-01 -2.425699294612400081e-01 -7.030501029584002026e-02 3.306094145176530219e-02 -2.471038803180931609e-01 3.254974687897629337e-01 3.653380535738506296e-01
-1.265842346029842247e+00 -9.724591547645786704e-01 -7.405667888680795841e-01 -3.446022631471237219e-01 1.885292706709265076e-01 -6.120020209903032082e-02 2.332157254584217299e-01 2.731562372505891290e-01 -2.368252631568452671e-01 2.743669918801288077e-01 5.378739116443966850e-01 6.058607013784467199e-02 2.605047123243480200e-01 2.417904770754830679e-02 4.869733056781910818e-01 6.239116327319322863e-01 -6.711130018061339797e-03 1.965001106546822029e-01 4.349493661641190556e-01 -2.466477270988320925e-01 -1.382213317777427619e-01 1.958531690013387561e-01 -1.264977828265045900e-01 2.727505294399179547e-02 -1.898154316121178908e-01 -4.200110661258804612e-03 1.287588082660136024e-01 -2.225427685442582515e-01 3.327774669171503774e-01 2.767230131731253095e-01
-5.115470570939919526e-01 6.330989092034542409e-01 4.576642643624495577e-01 -2.355102896456173767e-01 5.484208784228599143e-01 -6.968591080427017914e-01 7.961397970746020292e-03 -1.031936790591373665e+00 -1.002480549229801454e+00 -1.198555319644469819e-01 -9.563957752672536117e-01 5.191302383032621037e-01 3.721538543592259884e-01 1.201099034266803756e-01 2.606745960641774218e-01 -6.711130018061339797e-03 9.400279295456357431e-01 8.083456496706276084e-03 2.400283637684879068e-01 3.874459345886975825e-01 1.055974401628532178e-01 4.423624186657093560e-01 -2.321342202158689361e-01 -3.357683787765495254e-01 1.771767970069504372e-03 -2.432404912797778707e-01 6.301958108525695934e-02 -1.906538155810721946e-01 -1.653953855393410777e-01 6.209387543929665298e-01
-4.397049153894840856e-01 -2.854489818881802421e-01 -5.955456057841956863e-02 -1.139363330557898735e-01 1.222464090589028274e-01 -8.274882136583983083e-02 1.112314827732916456e-01 7.741223045042033846e-02 -1.918462559965519176e-01 1.080280394420469747e-01 1.478134292630670643e-01 -2.320476203942689608e-02 1.223471302700431806e-01 -5.552956709209411201e-02 1.973467370707453483e-01 1.965001106546822029e-01 8.083456496706276084e-03 2.141891193047626984e-01 1.225569526607728221e-01 -3.449338163915172117e-02 -1.446910668627765517e-02 4.316739743586595068e-03 -7.704490038179301337e-03 5.987417197843569738e-04 -1.376517413532951650e-02 -4.205636179665361851e-02 -1.642960657426328908e-02 -9.757306053927550238e-02 6.967589083694747387e-02 -2.388155469179764623e-02
-1.422696443305198954e+00 -8.803875585499838508e-01 -5.644815453792944027e-01 -3.794427800405060225e-01 1.369861156895808563e-01 -1.150495025692066520e-01 1.705833022789420284e-01 7.601962356159219780e-02 -3.227731697943738709e-01 1.444846123161482865e-01 3.139183805797642890e-01 2.727646523044313653e-02 2.615367785406021994e-01 1.131857045203048528e-01 2.776984122524766008e-01 4.349493661641190556e-01 2.400283637684879068e-01 1.225569526607728221e-01 6.061610351088972948e-01 -2.413765690991169777e-01 3.338790483465459147e-02 5.496914751406052346e-01 -2.257521545949430219e-01 9.981444964353158866e-04 -1.450853976476196294e-01 -1.692077382455181578e-02 1.262207724581116963e-01 -2.201826489289544497e-01 4.842983538596001836e-01 4.141662486054542569e-01
6.862203027827149526e-01 1.455496452847057753e+00 8.520535197132517169e-01 4.686452162479781691e-02 4.846920686337625739e-01 -5.476837424583891334e-01 -3.191150437551755203e-01 -9.162340435242413150e-01 -4.491987017062228915e-01 -1.707702760588745150e-01 -1.074015703869633853e+00 3.244223173497289281e-01 2.499737968171871216e-01 -2.021737857438665742e-01 -2.086615263123121622e-01 -2.466477270988320925e-01 3.874459345886975825e-01 -3.449338163915172117e-02 -2.413765690991169777e-01 9.625538772151571720e-01 1.354400172102714350e-01 -2.682441918953202276e-01 1.678215722730556081e-01 -2.043871165039945481e-01 2.739676028879216574e-01 -2.948579491967393551e-01 5.234726274773038313e-02 -1.087446365767164025e-02 -9.707279159447352868e-01 8.016129341177702372e-02
-1.972442382243571046e-01 8.249366706644423175e-02 2.897834963462742053e-01 -2.804408787062584452e-02 4.010714797209402604e-02 -5.225496197641632534e-02 -1.765731985244656244e-02 -9.734651973832342264e-02 -1.289725527119003345e-01 -5.598601116309964709e-02 -1.751238010913311882e-01 -1.239249564540045867e-01 3.923802997417169536e-02 -1.314788923116338992e-02 -1.925269913721763260e-01 -1.382213317777427619e-01 1.055974401628532178e-01 -1.446910668627765517e-02 3.338790483465459147e-02 1.354400172102714350e-01 1.933072124516002077e-01 1.513165559204878718e-01 -4.256007245476212120e-02 1.917636151949864143e-02 1.214973339462517288e-01 -2.148569626217522455e-02 -5.583804160892213986e-03 9.171551544778822063e-02 -1.397534603523808983e-02 1.546582784578731662e-02
-1.381063378112003193e+00 -7.905679824272624501e-01 -3.313245170189702549e-01 -3.413345473612707792e-01 1.145163713979400200e-01 -1.106775902328536176e-01 1.693349333875744378e-01 -6.928369809094192533e-02 -4.517941340656079774e-01 3.929270275222052078e-02 6.737953174416588809e-02 7.753565804108575321e-03 1.863591361015721759e-01 2.005509323699925517e-01 1.922609826410734968e-01 1.958531690013387561e-01 4.423624186657093560e-01 4.316739743586595068e-03 5.496914751406052346e-01 -2.682441918953202276e-01 1.513165559204878718e-01 8.341733333659533400e-01 -3.463161303388631040e-01 -8.363039050766474247e-02 -1.203706192740980896e-01 6.094209231548575190e-03 8.147258878403818017e-02 -1.319347515392905734e-01 6.435069052556343649e-01 5.403077116012582337e-01
7.000034569859963085e-01 5.290404726756605669e-01 2.514031656338033827e-01 1.670930948802151761e-01 -7.927523310382866839e-02 -1.951401601138513797e-02 -1.841187548425864406e-01 -7.083724526677315225e-02 2.929084407762729825e-01 -6.784660998067693072e-02 -7.134011830311237645e-02 6.707142560287593369e-03 -1.249625988104980934e-01 -1.056446785104299124e-01 -2.109633095073490949e-01 -1.264977828265045900e-01 -2.321342202158689361e-01 -7.704490038179301337e-03 -2.257521545949430219e-01 1.678215722730556081e-01 -4.256007245476212120e-02 -3.463161303388631040e-01 3.041444884188990727e-01 6.060283681756573060e-02 1.565603465741389755e-01 3.750618748028955451e-03 -2.961132047278169921e-02 5.183552555649839633e-02 -4.455239862914481819e-01 -3.012693864847619807e-01
-1.550847895484821493e-01 -3.988851197877920640e-01 -1.257585727045125168e-01 2.561953060438781904e-02 -2.186107814778779357e-01 2.269770485725643994e-01 5.300095430612827840e-02 4.178934795892246257e-01 3.049470856697666932e-01 7.191954277357126557e-02 4.329735244930930094e-01 -2.770278492073430243e-01 -1.113639272526256718e-01 -3.743762384829096845e-03 -1.387847128087855708e-01 2.727505294399179547e-02 -3.357683787765495254e-01 5.987417197843569738e-04 9.981444964353158866e-04 -2.043871165039945481e-01 1.917636151949864143e-02 -8.363039050766474247e-02 6.060283681756573060e-02 2.207910104340840007e-01 4.479483658508343069e-02 1.216553730677105705e-01 -1.236943795771594523e-02 1.264727493110058276e-01 1.282697778294163982e-01 -2.185518219595223854e-01
5.417126667128968620e-02 3.948440136758790686e-01 4.897258252917708887e-01 3.512328767936878648e-02 1.124318776553536736e-01 -1.395206427955599793e-01 -1.083897693325752698e-01 -2.207872880057948350e-01 -7.647654585252894321e-02 -8.726533027743244020e-02 -2.901642758650950782e-01 -2.980898582245572470e-02 -2.196916250744607169e-02 -6.041302109207435933e-02 -2.425699294612400081e-01 -1.898154316121178908e-01 1.771767970069504372e-03 -1.376517413532951650e-02 -1.450853976476196294e-01 2.739676028879216574e-01 1.214973339462517288e-01 -1.203706192740980896e-01 1.565603465741389755e-01 4.479483658508343069e-02 3.405501598390969775e-01 -8.386338765376422089e-03 -5.830272552219639692e-02 2.430509767524995368e-01 -3.598243626583439436e-01 -9.557224371218353554e-02
-3.324978729131089494e-02 -3.821211674277833481e-01 -1.888567381259917966e-01 6.513624968442854879e-02 -2.380480442371322169e-01 2.310738399214642413e-01 2.949328140010720745e-02 3.418821112117598204e-01 3.256940414797782068e-01 1.314249252101262755e-02 3.565410044222971919e-01 -1.652910105293585730e-01 -1.706151223218057567e-01 4.570895822490683713e-02 -7.030501029584002026e-02 -4.200110661258804612e-03 -2.432404912797778707e-01 -4.205636179665361851e-02 -1.692077382455181578e-02 -2.948579491967393551e-01 -2.148569626217522455e-02 6.094209231548575190e-03 3.750618748028955451e-03 1.216553730677105705e-01 -8.386338765376422089e-03 1.825202783016379726e-01 -4.987980168220929045e-02 1.195054845275649313e-01 2.278654364237127083e-01 -1.405476743659050953e-01
-4.165602239876307067e-01 -2.024673865482213841e-01 -1.678050562118187372e-01 -1.297922241178639524e-01 1.183754660492013500e-01 1.101724610293786100e-03 2.947348553874462596e-02 5.320567129194841982e-02 -1.299964417713113107e-01 7.078522845949919429e-02 3.513541055042423977e-02 -6.154917440511553650e-02 1.519488978618142028e-01 -4.388440948082461546e-02 3.306094145176530219e-02 1.287588082660136024e-01 6.301958108525695934e-02 -1.642960657426328908e-02 1.262207724581116963e-01 5.234726274773038313e-02 -5.583804160892213986e-03 8.147258878403818017e-02 -2.961132047278169921e-02 -1.236943795771594523e-02 -5.830272552219639692e-02 -4.987980168220929045e-02 2.382637140004817411e-01 1.599515552561570075e-02 3.759116785658989102e-03 1.213063155868212561e-01
-1.420996003183176981e-01 -1.810464054448175375e-01 2.456536151162254100e-01 7.439768278078418007e-02 -4.907417862625607086e-02 2.342289248753104403e-01 3.099106517532845828e-02 2.631677327410102407e-01 1.136489339962736267e-01 -2.914347516207271838e-02 4.215986327278642420e-02 -2.878699492281953098e-01 -1.369252626101342685e-01 -5.552015791704434378e-02 -2.471038803180931609e-01 -2.225427685442582515e-01 -1.906538155810721946e-01 -9.757306053927550238e-02 -2.201826489289544497e-01 -1.087446365767164025e-02 9.171551544778822063e-02 -1.319347515392905734e-01 5.183552555649839633e-02 1.264727493110058276e-01 2.430509767524995368e-01 1.195054845275649313e-01 1.599515552561570075e-02 5.343868744098472234e-01 1.050121001549086941e-02 -1.951670757364922792e-01
-1.460312271928387418e+00 -1.928299723591521797e+00 -1.014997642776563680e+00 -2.092976401460759917e-01 -3.993280185434855412e-01 5.599430162146177281e-01 4.303027758514872403e-01 9.781201197457676244e-01 1.866844881218412411e-01 2.173037681053529013e-01 1.089447986831999060e+00 -4.135367835475562970e-01 -8.925621970422525919e-02 1.968543014669990043e-01 3.254974687897629337e-01 3.327774669171503774e-01 -1.653953855393410777e-01 6.967589083694747387e-02 4.842983538596001836e-01 -9.707279159447352868e-01 -1.397534603523808983e-02 6.435069052556343649e-01 -4.455239862914481819e-01 1.282697778294163982e-01 -3.598243626583439436e-01 2.278654364237127083e-01 3.759116785658989102e-03 1.050121001549086941e-02 1.416988218062726901e+00 1.686778372266530823e-01
-1.124279721761013207e+00 -2.525396134272455129e-01 -2.206958699257484113e-01 -3.694204439243549132e-01 4.364406037403796290e-01 -4.391104039324318364e-01 1.306107854349534136e-01 -4.671342048904421063e-01 -7.512287022828445515e-01 6.265095604783255112e-02 -3.015966722804250821e-01 3.496963181404453280e-01 3.599797169427461085e-01 1.568696918147338693e-01 3.653380535738506296e-01 2.767230131731253095e-01 6.209387543929665298e-01 -2.388155469179764623e-02 4.141662486054542569e-01 8.016129341177702372e-02 1.546582784578731662e-02 5.403077116012582337e-01 -3.012693864847619807e-01 -2.185518219595223854e-01 -9.557224371218353554e-02 -1.405476743659050953e-01 1.213063155868212561e-01 -1.951670757364922792e-01 1.686778372266530823e-01 8.016603282632104310e-01
