4.454667521065516667e+00 2.473611289325788221e+00 2.598645713990038075e+00 3.550418186378010432e-01 5.015102576694516756e-01 5.226182354818433851e-01 -7.930557146922865286e-01 -1.462989899061767574e+00 2.232358872903432712e-01 -1.041211480892116015e+00 -1.020002650550395629e+00 3.705263823027848957e-01 -6.099644432387663073e-01 -1.045639795586680521e+00 -1.332248988108403864e+00 -1.615943071120341301e+00 3.563668130941550771e-01 -6.967196953292500439e-01 -1.299746036532212656e+00 1.222222480246955456e+00 -2.550494988668106089e-02 -8.163791831984781311e-01 6.924609668451466860e-01 -3.915447854948297390e-01 8.727957078054373596e-01 -1.139871123090756555e-01 -6.422658157647447297e-01 4.937944008340764412e-01 -1.603553760467605116e+00 -6.267432665244996315e-01
2.473611289325788221e+00 3.259850449914836190e+00 1.054240705755319141e+00 3.220405990844597000e-01 -1.672961514419739615e-01 -6.113804610504303128e-01 -2.662820954047901978e-01 -2.005137957118051872e+00 7.557201820704904094e-01 -5.520128187995396729e-01 -7.676014682114669085e-01 1.146606812354605154e+00 -5.390733429061356219e-02 -6.564709439754210507e-01 -6.398043070665835330e-01 -7.795986656575450979e-01 6.585671490361733049e-01 -3.627568355673247424e-01 -6.254654751823807146e-01 1.384898770061681716e+00 -2.207803020068581645e-01 -7.421199562392644111e-01 4.760630225534896454e-01 -5.753979992531412790e-01 3.151728947945571235e-01 -4.655351287510143266e-01 -3.005673091433322952e-01 -9.143857992148696212e-02 -1.717337746550867905e+00 -2.458801991404584442e-01
2.598645713990038075e+00 1.054240705755319141e+00 4.105200414349496896e+00 -1.080922254827214601e-01 1.068576580336809911e+00 5.391209345412448783e-01 -5.557842263946781713e-01 -1.408482882250552848e+00 -1.382229681864714621e+00 -1.124676721210221331e+00 -8.608101601115549784e-01 -6.603683275054663682e-01 -8.224816453305265895e-01 -9.489702763194713953e-01 -1.477446811531763160e+00 -1.996535888401524517e+00 6.945941902971526360e-01 -5.897764234813962503e-01 -9.973339971448922370e-01 8.583736260812884211e-01 7.838328874689182157e-01 2.794193961580617724e-01 3.595204122161703708e-01 -9.232408073575015806e-02 1.515035832341368405e+00 3.612285190797592804e-03 -6.915895393757409693e-01 1.211802985602787430e+00 -8.206542551131406071e-01 -5.344201043491807468e-01
3.550418186378010432e-01 3.220405990844597000e-01 -1.080922254827214601e-01 4.627098056311069740e-01 -1.877398513022967563e-01 -8.714774633409660964e-02 -2.739829745769384317e-02 1.361965852317439385e-01 3.639768898264605923e-01 1.244484198332429514e-01 -1.861754631456165043e-01 1.159323823640647788e-01 -6.767078121526992618e-02 2.604826897184011614e-01 4.452865932910299307e-02 -7.113898789157246938e-03 -1.347847468355780620e-01 -1.729141883538432012e-02 -2.153859970921416789e-01 -5.766819443078929908e-02 -1.238747434846345641e-01 -2.669857614756665498e-01 -8.862201047975304391e-03 -3.098724860114998592e-02 -1.818951246146980338e-01 -3.241959716842757189e-02 -5.384450798612760991e-02 -1.757500046390418902e-01 -1.110699325855080133e-01 -1.032001414764636138e-01
5.015102576694516756e-01 -1.672961514419739615e-01 1.068576580336809911e+00 -1.877398513022967563e-01 9.662187375910775700e-01 3.443615684435599178e-01 -2.173260106250154422e-01 -3.778487501056133624e-01 -6.016985572696285089e-01 -4.007013023683612118e-01 -2.084961111813186108e-01 -1.369030408032472224e-01 -1.717918202143664530e-02 -8.114981325072676555e-01 -5.154938072542449845e-01 -6.328935107301276730e-01 2.673561420546661793e-01 -2.492529903826152804e-01 -2.755506753772181128e-01 4.614305603219008844e-01 2.897282541817958190e-01 1.325340746882375242e-01 1.331888618828998005e-01 -3.921276895056280409e-02 5.776514770069525184e-01 9.328814953732944559e-04 -1.328113962896395606e-01 5.196947287406601390e-01 -2.639886963184494562e-01 -2.729399504920593245e-02
5.226182354818433851e-01 -6.113804610504303128e-01 5.391209345412448783e-01 -8.714774633409660964e-02 3.443615684435599178e-01 7.913792449629113435e-01 -2.342664013684156998e-01 4.152233287201738676e-01 -2.999370742729752237e-01 -2.030974555052011965e-01 -8.092072128727068048e-02 -5.592392502658753983e-01 -1.882810310738705084e-01 -2.607770853157944657e-01 -3.579285930895252932e-01 -3.941508931013686379e-01 -1.894084042959889302e-01 -1.701606367144563592e-01 -2.356192119908087079e-01 -5.197297174447612633e-02 1.903284820563726498e-01 9.495371033432320473e-02 1.030574851297387795e-01 1.747437299795819854e-01 3.519506304266997176e-01 1.922555092297670853e-01 -1.229098111857638287e-01 3.730399959079022665e-01 1.395623442513738155e-01 -1.853970361031542780e-01
-7.930557146922865286e-01 -2.662820954047901978e-01 -5.557842263946781713e-01 -2.739829745769384317e-02 -2.173260106250154422e-01 -2.342664013684156998e-01 3.515532375436691837e-01 1.501268465783027750e-01 6.771057509126876539e-03 2.377075900968179667e-01 2.703512513519399363e-01 6.587512086503011233e-02 1.095879498065528423e-01 1.995244159888329705e-01 3.344320203357256105e-01 3.198616496105728402e-01 2.637124186850314800e-02 1.611561976971529475e-01 2.152430743338413777e-01 -2.509838350400741547e-01 -3.888809349410848881e-02 8.289036296542917626e-02 -1.923315274141828013e-01 1.906206885138317375e-02 -2.980384928879402651e-01 -3.555201293107757010e-02 1.035794018684441653e-01 -1.983518405058930512e-01 3.161022970675730903e-01 1.380627119440873685e-01
-1.462989899061767574e+00 -2.005137957118051872e+00 -1.408482882250552848e+00 1.361965852317439385e-01 -3.778487501056133624e-01 4.152233287201738676e-01 1.501268465783027750e-01 2.072445782669262826e+00 3.467802994805424532e-02 7.764184264497089316e-01 3.413314250760208779e-01 -8.684817949176704133e-01 5.685286885187679218e-02 9.595478366115912650e-01 8.270344799818758474e-01 9.460768971536026584e-01 -9.068732550609297505e-01 3.625687329603692888e-01 2.979248903569100548e-01 -1.064147834968366624e+00 -1.652155335057159391e-01 -2.996500303447646729e-02 -2.776108728816097937e-01 5.261018164011943554e-01 -5.958876699775146335e-01 2.823879138588267779e-01 3.413422744322929248e-01 -2.747534554920321170e-01 9.759053379443116683e-01 -6.476830644783149182e-02
2.232358872903432712e-01 7.557201820704904094e-01 -1.382229681864714621e+00 3.639768898264605923e-01 -6.016985572696285089e-01 -2.999370742729752237e-01 6.771057509126876539e-03 3.467802994805424532e-02 1.326269870772250670e+00 1.758258281363396236e-01 2.843649657947935339e-01 7.392503111135511062e-01 2.279110990992307961e-01 4.405045400022800095e-02 2.056969964298787090e-01 4.685878213654177671e-01 -2.837268036086015854e-01 5.741496260992562384e-02 5.607119340498911697e-02 9.845201060954877903e-02 -4.842387393835565490e-01 -5.542954156036330460e-01 1.460927403642813260e-01 -1.658608123085514308e-01 -4.689789584672894307e-01 -1.112190971326185718e-01 6.306942257140235597e-02 -4.991055385330582794e-01 -3.667132851168162233e-01 -5.943527514580182469e-02
-1.041211480892116015e+00 -5.520128187995396729e-01 -1.124676721210221331e+00 1.244484198332429514e-01 -4.007013023683612118e-01 -2.030974555052011965e-01 2.377075900968179667e-01 7.764184264497089316e-01 1.758258281363396236e-01 7.190106232181960877e-01 5.392859467741573098e-02 -1.785624869218054300e-01 1.326474863242879110e-01 8.144545936406757392e-01 6.948320184665135457e-01 7.467798332504003156e-01 -3.358538715391432561e-01 3.535706205051951656e-01 2.491148287868441003e-01 -5.367669655832969511e-01 -2.018621838254262002e-01 -1.467043065783286693e-01 -2.361065078674755568e-01 1.724352976812610905e-01 -5.854130386002225350e-01 2.076317923234682894e-02 2.375863535316966590e-01 -4.363794965270813009e-01 3.958763069543920210e-01 7.394919986427339609e-02
-1.020002650550395629e+00 -7.676014682114669085e-01 -8.608101601115549784e-01 -1.861754631456165043e-01 -2.084961111813186108e-01 -8.092072128727068048e-02 2.703512513519399363e-01 3.413314250760208779e-01 2.843649657947935339e-01 5.392859467741573098e-02 1.057611760631857578e+00 6.424355566554140751e-02 2.083703136041776816e-01 -2.304202688468421911e-01 2.275921259568463029e-01 4.122462237695572185e-01 -2.149222153155392334e-01 1.690152176598758160e-01 3.752116856806537726e-01 -3.435360272585512575e-01 -6.620926533571491746e-02 1.357541472909247204e-01 -8.202536821534067712e-02 5.269370842205489680e-02 -1.819640320114785936e-01 5.614590237945549234e-02 1.185944866221575467e-01 -6.772015217654825392e-02 3.919131829662205746e-01 9.143609515035677759e-02
3.705263823027848957e-01 1.146606812354605154e+00 -6.603683275054663682e-01 1.159323823640647788e-01 -1.369030408032472224e-01 -5.592392502658753983e-01 6.587512086503011233e-02 -8.684817949176704133e-01 7.392503111135511062e-01 -1.785624869218054300e-01 6.424355566554140751e-02 1.184431901938125975e+00 2.749843026185203598e-01 -3.837504366712209958e-01 -2.909336015699182099e-02 1.017269440643246980e-01 2.446642670113305940e-01 -7.624681232385910334e-02 6.353054433813554169e-02 4.830582573912352018e-01 -3.242036183228833579e-01 -2.937719648057850463e-01 1.555502677657614186e-01 -3.916804814495549181e-01 -2.003806708221418376e-01 -1.949947743249822452e-01 -4.548266137999235070e-02 -3.198604321361244729e-01 -5.099934121845990376e-01 1.626314537704729446e-01
-6.099644432387663073e-01 -5.390733429061356219e-02 -8.224816453305265895e-01 -6.767078121526992618e-02 -1.717918202143664530e-02 -1.882810310738705084e-01 1.095879498065528423e-01 5.685286885187679218e-02 2.279110990992307961e-01 1.326474863242879110e-01 2.083703136041776816e-01 2.749843026185203598e-01 4.339662017485466095e-01 -1.848352716601198154e-01 2.262119420321937469e-01 2.814573544896177282e-01 3.736277935473708567e-02 4.907795984223639607e-02 1.849341181059855899e-01 1.215043041750618613e-01 -1.010688515492006445e-01 -2.689435919708671463e-02 -6.360093826214097135e-02 -4.349218934595455721e-02 -2.325105836162038031e-01 -1.020890589926466419e-01 2.034867371789914614e-01 -2.055529617258002872e-01 -2.477927225186249416e-03 1.736516005439625587e-01
-1.045639795586680521e+00 -6.564709439754210507e-01 -9.489702763194713953e-01 2.604826897184011614e-01 -8.114981325072676555e-01 -2.607770853157944657e-01 1.995244159888329705e-01 9.595478366115912650e-01 4.405045400022800095e-02 8.144545936406757392e-01 -2.304202688468421911e-01 -3.837504366712209958e-01 -1.848352716601198154e-01 1.652565936529356350e+00 8.019511379856112399e-01 8.811569480930074860e-01 -4.957551985767167935e-01 4.533194170135175227e-01 3.358975022052561599e-01 -9.815177366853049534e-01 -2.103410099036864267e-01 -9.794262001491915726e-03 -3.026772531505912411e-01 2.686738091849747434e-01 -6.978876669310807301e-01 1.565049014685655493e-01 1.799117920199364562e-01 -5.533591794686003595e-01 7.097212108926100882e-01 5.593299280161545539e-02
-1.332248988108403864e+00 -6.398043070665835330e-01 -1.477446811531763160e+00 4.452865932910299307e-02 -5.154938072542449845e-01 -3.579285930895252932e-01 3.344320203357256105e-01 8.270344799818758474e-01 2.056969964298787090e-01 6.948320184665135457e-01 2.275921259568463029e-01 -2.909336015699182099e-02 2.262119420321937469e-01 8.019511379856112399e-01 9.982849945535576808e-01 9.872835381920594955e-01 -3.268639074421457735e-01 3.870440396121068716e-01 4.102901686229358802e-01 -5.850509890411785818e-01 -3.278778014930594509e-01 -1.154505294102534663e-01 -2.575414672826923379e-01 1.468513045740564849e-01 -7.112695966688988847e-01 -3.053620499144926725e-04 3.190576970212646302e-01 -5.386089154810065338e-01 4.684823855940862813e-01 1.354116545479655542e-01
-1.615943071120341301e+00 -7.795986656575450979e-01 -1.996535888401524517e+00 -7.113898789157246938e-03 -6.328935107301276730e-01 -3.941508931013686379e-01 3.198616496105728402e-01 9.460768971536026584e-01 4.685878213654177671e-01 7.467798332504003156e-01 4.122462237695572185e-01 1.017269440643246980e-01 2.814573544896177282e-01 8.811569480930074860e-01 9.872835381920594955e-01 1.304870999798254161e+00 -4.941224277295646061e-01 5.029584972138536614e-01 6.211899311308002325e-01 -6.850995821592107404e-01 -4.258988498363578401e-01 -1.801302990537578808e-01 -1.959102199719211512e-01 1.728134282407154387e-01 -8.263075383816840258e-01 4.810037530529598371e-02 4.104473045087502214e-01 -6.446651555555149571e-01 5.000449005592031426e-01 1.727688898011479068e-01
3.563668130941550771e-01 6.585671490361733049e-01 6.945941902971526360e-01 -1.347847468355780620e-01 2.673561420546661793e-01 -1.894084042959889302e-01 2.637124186850314800e-02 -9.068732550609297505e-01 -2.837268036086015854e-01 -3.358538715391432561e-01 -2.149222153155392334e-01 2.446642670113305940e-01 3.736277935473708567e-02 -4.957551985767167935e-01 -3.268639074421457735e-01 -4.941224277295646061e-01 6.649631647495652942e-01 -1.990685045408326914e-01 -1.014798168356492170e-01 4.046897376029505722e-01 2.045417245430485309e-01 2.491685856177809910e-01 -6.337819201297634208e-02 -2.227576673767543980e-01 2.442789777839493581e-01 -1.344452817529599997e-01 -1.286316817792112488e-01 1.526915451802324242e-01 -1.802019935498151426e-01 2.066563836048658231e-01
-6.967196953292500439e-01 -3.627568355673247424e-01 -5.897764234813962503e-01 -1.729141883538432012e-02 -2.492529903826152804e-01 -1.701606367144563592e-01 1.611561976971529475e-01 3.625687329603692888e-01 5.741496260992562384e-02 3.535706205051951656e-01 1.690152176598758160e-01 -7.624681232385910334e-02 4.907795984223639607e-02 4.533194170135175227e-01 3.870440396121068716e-01 5.029584972138536614e-01 -1.990685045408326914e-01 3.194687160330715869e-01 2.484419200139598161e-01 -3.648872604889561444e-01 -1.163263025964624831e-01 -6.303511589408117288e-02 -9.122946770770568037e-02 8.612900133084622212e-02 -3.004309793910238113e-01 3.818507687338978940e-02 1.029124750731398308e-01 -2.377283258929310250e-01 2.441074155440219329e-01 -4.587946202718740096e-04
-1.299746036532212656e+00 -6.254654751823807146e-01 -9.973339971448922370e-01 -2.153859970921416789e-01 -2.755506753772181128e-01 -2.356192119908087079e-01 2.152430743338413777e-01 2.979248903569100548e-01 5.607119340498911697e-02 2.491148287868441003e-01 3.752116856806537726e-01 6.353054433813554169e-02 1.849341181059855899e-01 3.358975022052561599e-01 4.102901686229358802e-01 6.211899311308002325e-01 -1.014798168356492170e-01 2.484419200139598161e-01 5.790566553266387473e-01 -3.568234280473063791e-01 -6.952333098647045517e-02 2.581173750954519619e-01 -1.666720796452239028e-01 6.103647610393636569e-02 -3.401363995557460385e-01 4.462215812486647337e-02 2.244380938142285231e-01 -2.523877007498924741e-01 4.723351269152828991e-01 2.386685351376058861e-01
1.222222480246955456e+00 1.384898770061681716e+00 8.583736260812884211e-01 -5.766819443078929908e-02 4.614305603219008844e-01 -5.197297174447612633e-02 -2.509838350400741547e-01 -1.064147834968366624e+00 9.845201060954877903e-02 -5.367669655832969511e-01 -3.435360272585512575e-01 4.830582573912352018e-01 1.215043041750618613e-01 -9.815177366853049534e-01 -5.850509890411785818e-01 -6.850995821592107404e-01 4.046897376029505722e-01 -3.648872604889561444e-01 -3.568234280473063791e-01 1.135490358707158975e+00 7.791692169445241234e-02 -2.212763385272467076e-01 2.803573470350784191e-01 -2.893820929859316493e-01 4.871121794118948856e-01 -2.881181942068451463e-01 -1.242646977358958793e-01 2.777790156046080483e-01 -9.895471444701797736e-01 -1.022428752299902044e-01
-2.550494988668106089e-02 -2.207803020068581645e-01 7.838328874689182157e-01 -1.238747434846345641e-01 2.897282541817958190e-01 1.903284820563726498e-01 -3.888809349410848881e-02 -1.652155335057159391e-01 -4.842387393835565490e-01 -2.018621838254262002e-01 -6.620926533571491746e-02 -3.242036183228833579e-01 -1.010688515492006445e-01 -2.103410099036864267e-01 -3.278778014930594509e-01 -4.258988498363578401e-01 2.045417245430485309e-01 -1.163263025964624831e-01 -6.952333098647045517e-02 7.791692169445241234e-02 3.444786393653203049e-01 3.552235697950152371e-01 -7.629141450559018267e-02 3.771189139342823182e-02 3.274300310365561018e-01 3.775450200288332780e-02 -1.165813407372979782e-01 3.039674797341831436e-01 1.288959585887141657e-01 1.287565256279776804e-02
-8.163791831984781311e-01 -7.421199562392644111e-01 2.794193961580617724e-01 -2.669857614756665498e-01 1.325340746882375242e-01 9.495371033432320473e-02 8.289036296542917626e-02 -2.996500303447646729e-02 -5.542954156036330460e-01 -1.467043065783286693e-01 1.357541472909247204e-01 -2.937719648057850463e-01 -2.689435919708671463e-02 -9.794262001491915726e-03 -1.154505294102534663e-01 -1.801302990537578808e-01 2.491685856177809910e-01 -6.303511589408117288e-02 2.581173750954519619e-01 -2.212763385272467076e-01 3.552235697950152371e-01 7.500034122830072647e-01 -2.420264424201548081e-01 4.094183245518934200e-02 1.557493590804881478e-01 1.080265162042337579e-01 -1.602370949336773265e-02 1.903327944193051735e-01 6.196991641537294981e-01 2.720383602569427239e-01
6.924609668451466860e-01 4.760630225534896454e-01 3.595204122161703708e-01 -8.862201047975304391e-03 1.331888618828998005e-01 1.030574851297387795e-01 -1.923315274141828013e-01 -2.776108728816097937e-01 1.460927403642813260e-01 -2.361065078674755568e-01 -8.202536821534067712e-02 1.555502677657614186e-01 -6.360093826214097135e-02 -3.026772531505912411e-01 -2.575414672826923379e-01 -1.959102199719211512e-01 -6.337819201297634208e-02 -9.122946770770568037e-02 -1.666720796452239028e-01 2.803573470350784191e-01 -7.629141450559018267e-02 -2.420264424201548081e-01 3.478643381436086202e-01 -4.702844345320045250e-02 2.660308391655803462e-01 -1.540430339883869237e-02 -6.025358853258921954e-02 1.470185869332567563e-01 -4.963769011773138118e-01 -2.318761110720402030e-01
-3.915447854948297390e-01 -5.753979992531412790e-01 -9.232408073575015806e-02 -3.098724860114998592e-02 -3.921276895056280409e-02 1.747437299795819854e-01 1.906206885138317375e-02 5.261018164011943554e-01 -1.658608123085514308e-01 1.724352976812610905e-01 5.269370842205489680e-02 -3.916804814495549181e-01 -4.349218934595455721e-02 2.686738091849747434e-01 1.468513045740564849e-01 1.728134282407154387e-01 -2.227576673767543980e-01 8.612900133084622212e-02 6.103647610393636569e-02 -2.893820929859316493e-01 3.771189139342823182e-02 4.094183245518934200e-02 -4.702844345320045250e-02 2.279273863827597779e-01 -3.028242981730500105e-02 9.432521692400541724e-02 6.598042162647743680e-02 3.001751223064275109e-02 2.319846837925751970e-01 -8.947734918979222130e-02
8.727957078054373596e-01 3.151728947945571235e-01 1.515035832341368405e+00 -1.818951246146980338e-01 5.776514770069525184e-01 3.519506304266997176e-01 -2.980384928879402651e-01 -5.958876699775146335e-01 -4.689789584672894307e-01 -5.854130386002225350e-01 -1.819640320114785936e-01 -2.003806708221418376e-01 -2.325105836162038031e-01 -6.978876669310807301e-01 -7.112695966688988847e-01 -8.263075383816840258e-01 2.442789777839493581e-01 -3.004309793910238113e-01 -3.401363995557460385e-01 4.871121794118948856e-01 3.274300310365561018e-01 1.557493590804881478e-01 2.660308391655803462e-01 -3.028242981730500105e-02 8.042413611970005149e-01 1.539082207131059477e-02 -2.830563593724377824e-01 6.315147350759957590e-01 -4.298984477107410385e-01 -2.000177945520817957e-01
-1.139871123090756555e-01 -4.655351287510143266e-01 3.612285190797592804e-03 -3.241959716842757189e-02 9.328814953732944559e-04 1.922555092297670853e-01 -3.555201293107757010e-02 2.823879138588267779e-01 -1.112190971326185718e-01 2.076317923234682894e-02 5.614590237945549234e-02 -1.949947743249822452e-01 -1.020890589926466419e-01 1.565049014685655493e-01 -3.053620499144926725e-04 4.810037530529598371e-02 -1.344452817529599997e-01 3.818507687338978940e-02 4.462215812486647337e-02 -2.881181942068451463e-01 3.775450200288332780e-02 1.080265162042337579e-01 -1.540430339883869237e-02 9.432521692400541724e-02 1.539082207131059477e-02 1.758460981291705139e-01 -3.495637068300538886e-02 4.714516234128041106e-02 2.316855586407200462e-01 -2.465657090863260237e-02
-6.422658157647447297e-01 -3.005673091433322952e-01 -6.915895393757409693e-01 -5.384450798612760991e-02 -1.328113962896395606e-01 -1.229098111857638287e-01 1.035794018684441653e-01 3.413422744322929248e-01 6.306942257140235597e-02 2.375863535316966590e-01 1.185944866221575467e-01 -4.548266137999235070e-02 2.034867371789914614e-01 1.799117920199364562e-01 3.190576970212646302e-01 4.104473045087502214e-01 -1.286316817792112488e-01 1.029124750731398308e-01 2.244380938142285231e-01 -1.242646977358958793e-01 -1.165813407372979782e-01 -1.602370949336773265e-02 -6.025358853258921954e-02 6.598042162647743680e-02 -2.830563593724377824e-01 -3.495637068300538886e-02 3.307909285016421563e-01 -1.843470132545235174e-01 1.416375722943143955e-01 9.475195574708550339e-02
4.937944008340764412e-01 -9.143857992148696212e-02 1.211802985602787430e+00 -1.757500046390418902e-01 5.196947287406601390e-01 3.730399959079022665e-01 -1.983518405058930512e-01 -2.747534554920321170e-01 -4.991055385330582794e-01 -4.363794965270813009e-01 -6.772015217654825392e-02 -3.198604321361244729e-01 -2.055529617258002872e-01 -5.533591794686003595e-01 -5.386089154810065338e-01 -6.446651555555149571e-01 1.526915451802324242e-01 -2.377283258929310250e-01 -2.523877007498924741e-01 2.777790156046080483e-01 3.039674797341831436e-01 1.903327944193051735e-01 1.470185869332567563e-01 3.001751223064275109e-02 6.315147350759957590e-01 4.714516234128041106e-02 -1.843470132545235174e-01 5.974452974231780900e-01 -1.570578812836629368e-01 -1.391781456489411539e-01
-1.603553760467605116e+00 -1.717337746550867905e+00 -8.206542551131406071e-01 -1.110699325855080133e-01 -2.639886963184494562e-01 1.395623442513738155e-01 3.161022970675730903e-01 9.759053379443116683e-01 -3.667132851168162233e-01 3.958763069543920210e-01 3.919131829662205746e-01 -5.099934121845990376e-01 -2.477927225186249416e-03 7.097212108926100882e-01 4.684823855940862813e-01 5.000449005592031426e-01 -1.802019935498151426e-01 2.441074155440219329e-01 4.723351269152828991e-01 -9.895471444701797736e-01 1.288959585887141657e-01 6.196991641537294981e-01 -4.963769011773138118e-01 2.319846837925751970e-01 -4.298984477107410385e-01 2.316855586407200462e-01 1.416375722943143955e-01 -1.570578812836629368e-01 1.338227286385517800e+00 3.426920549385386039e-01
-6.267432665244996315e-01 -2.458801991404584442e-01 -5.344201043491807468e-01 -1.032001414764636138e-01 -2.729399504920593245e-02 -1.853970361031542780e-01 1.380627119440873685e-01 -6.476830644783149182e-02 -5.943527514580182469e-02 7.394919986427339609e-02 9.143609515035677759e-02 1.626314537704729446e-01 1.736516005439625587e-01 5.593299280161545539e-02 1.354116545479655542e-01 1.727688898011479068e-01 2.066563836048658231e-01 -4.587946202718740096e-04 2.386685351376058861e-01 -1.022428752299902044e-01 1.287565256279776804e-02 2.720383602569427239e-01 -2.318761110720402030e-01 -8.947734918979222130e-02 -2.000177945520817957e-01 -2.465657090863260237e-02 9.475195574708550339e-02 -1.391781456489411539e-01 3.426920549385386039e-01 4.635179604957784250e-01
