4.591518018984629634e+00 2.516857809982127492e+00 2.496901016505262305e+00 3.265084183169619791e-01 6.018078325129181394e-01 5.539892695394428301e-01 -9.582748120180895057e-01 -1.271313820211901202e+00 3.920250939520428801e-01 -1.196269158788709319e+00 -6.851887153445659351e-01 4.102447556859374345e-01 -6.803904228806914034e-01 -1.101555986575988300e+00 -1.280504085789289093e+00 -1.629476246269746298e+00 4.608036285289927037e-01 -8.085171911185966565e-01 -1.212142597639910946e+00 1.103987798794946684e+00 -1.667051390735423411e-01 -6.801166875329158756e-01 4.790736713994192542e-01 -5.334932062531834163e-01 9.194358888838110033e-01 -3.339746551837379229e-01 -5.665541804808071902e-01 5.192067035452510027e-01 -1.770496872836247348e+00 -4.973853809732418085e-01
2.516857809982127492e+00 3.730642575766410118e+00 8.663043504309939635e-01 3.060510108672929164e-01 -3.217356422004513661e-02 -7.410061412757045218e-01 -3.750032580203424004e-01 -2.006179503507325990e+00 1.063076269577777566e+00 -6.671597419525028272e-01 -5.047071473223354587e-01 1.473469723709683876e+00 -8.172216679241728343e-02 -5.862604986484711844e-01 -4.831545008458419943e-01 -7.707486242713343927e-01 1.048962992808583294e+00 -4.607387867972647655e-01 -5.489848852138834445e-01 1.481298212802755643e+00 -3.411032225287726760e-01 -6.297413235691919908e-01 1.686633327856839060e-01 -8.559065355481720871e-01 3.252080743158103360e-01 -1.051476080879638175e+00 -1.992597769199733193e-01 -7.475673055961351565e-02 -2.248770447823460472e+00 -3.216810635803994955e-01
2.496901016505262305e+00 8.663043504309939635e-01 3.819676433928520964e+00 -1.070934825017388903e-01 1.004009563003648964e+00 5.235082664658534668e-01 -5.869528178874929836e-01 -1.219085812459638873e+00 -1.291283121918354482e+00 -1.129799599501893681e+00 -6.573301768523265309e-01 -7.109946470424688414e-01 -8.090561244667924257e-01 -9.937113790319926920e-01 -1.388621043382158859e+00 -1.845726273779234816e+00 5.450694491134981945e-01 -6.011106462851785182e-01 -8.846582940505811621e-01 6.776184076154549984e-01 6.770800256599045497e-01 3.086600247383444184e-01 3.111550374780449602e-01 -3.433128645252736533e-02 1.432159182054135727e+00 1.020820477629627021e-01 -6.205909023592539597e-01 1.125565303282712648e+00 -6.361096370823702273e-01 -3.733314662937914363e-01
3.265084183169619791e-01 3.060510108672929164e-01 -1.070934825017388903e-01 4.651196537172381795e-01 -1.836507523019577093e-01 -7.622214406768534900e-02 -3.504536266245850129e-02 1.650415388116357462e-01 3.665695092957435008e-01 1.269353490695266373e-01 -1.652154986450682372e-01 1.062608156142346161e-01 -6.732554986371042105e-02 2.833686566106621285e-01 3.596227657931194699e-02 -7.019774090792907373e-03 -1.269755020662159950e-01 -9.675752808050219755e-03 -2.077118872248888692e-01 -7.838013478186667271e-02 -1.225621738468021249e-01 -2.517747029597217079e-01 -2.981783856961328638e-02 -4.625611196053114327e-02 -1.802826460306619083e-01 -5.434328280847466885e-02 -5.058322661636793782e-02 -1.694035697020694897e-01 -1.160785006029527722e-01 -9.639913120838627947e-02
6.018078325129181394e-01 -3.217356422004513661e-02 1.004009563003648964e+00 -1.836507523019577093e-01 9.532729715671734994e-01 2.632433928104660481e-01 -2.255771930551304649e-01 -4.692871906086679701e-01 -5.337013791903473248e-01 -4.497690609289293207e-01 -1.719835199406247739e-01 -3.249411621396802730e-02 -1.836818728770595044e-02 -8.729618096500644242e-01 -5.022567870370266974e-01 -6.308465547417085872e-01 3.182096238569442903e-01 -2.605736179734776670e-01 -2.589251143815829437e-01 5.182058867814589576e-01 2.406752220113048679e-01 1.098902327513542332e-01 1.457162869500621127e-01 -8.127333344037879215e-02 5.707904776705845507e-01 -3.649912124461707208e-02 -1.125569632760061722e-01 4.846476602839970838e-01 -3.524986515718637747e-01 1.492824693110605949e-02
5.539892695394428301e-01 -7.410061412757045218e-01 5.235082664658534668e-01 -7.622214406768534900e-02 2.632433928104660481e-01 8.105602370536644230e-01 -2.283684994655459377e-01 4.546082758794796064e-01 -3.243799918322451958e-01 -2.060900965149699005e-01 -6.871017193310535731e-02 -6.527186230076154061e-01 -2.015981642056772216e-01 -2.726267237135857613e-01 -3.860791178086628861e-01 -3.768537715794195719e-01 -3.097484564336241419e-01 -1.656194150461942627e-01 -2.246246042158475120e-01 -1.414923134146874872e-01 1.826103939401377829e-01 8.170788230029302213e-02 1.516830765033887474e-01 2.495885704154261475e-01 3.346800152813216300e-01 3.586270801619662052e-01 -1.282037619730544975e-01 3.433790506118157282e-01 3.054227346799507359e-01 -1.092655279602467999e-01
-9.582748120180895057e-01 -3.750032580203424004e-01 -5.869528178874929836e-01 -3.504536266245850129e-02 -2.255771930551304649e-01 -2.283684994655459377e-01 4.019716953267788995e-01 1.873482227323393090e-01 -4.814478160221824510e-02 3.133917911661683320e-01 2.176646786528522171e-01 2.497104651376957918e-02 1.357106088239561359e-01 2.551399185623495214e-01 3.645300005988474368e-01 3.737533654721119092e-01 -5.857208854536111176e-03 2.109989430230712060e-01 2.254698841573485879e-01 -2.673076081755993982e-01 -5.016597327198724088e-03 7.612562434235314868e-02 -1.700836278718043104e-01 5.848971591376539436e-02 -3.287272116737653960e-01 2.253845812560939521e-04 1.054652613202620159e-01 -2.043747883176934010e-01 3.834498312749019533e-01 1.040274847409818904e-01
-1.271313820211901202e+00 -2.006179503507325990e+00 -1.219085812459638873e+00 1.650415388116357462e-01 -4.692871906086679701e-01 4.546082758794796064e-01 1.873482227323393090e-01 1.921780012478734534e+00 -7.144539816505357521e-02 8.004732059355319507e-01 1.068278107144351452e-01 -9.277408327704961266e-01 7.409927648222947028e-02 8.978136667381590996e-01 6.773079337722265336e-01 8.873557524178181666e-01 -1.085369367873340707e+00 3.933345788603901383e-01 2.171527252801297436e-01 -1.022395797357887659e+00 -1.420387225581976054e-01 -1.579319414575479641e-01 -5.696063698314901558e-02 6.052939443713398759e-01 -5.946044636235114922e-01 5.811976892905477143e-01 2.540762586934874889e-01 -3.076210379165331688e-01 1.132573370617876662e+00 -2.431075358731504821e-02
3.920250939520428801e-01 1.063076269577777566e+00 -1.291283121918354482e+00 3.665695092957435008e-01 -5.337013791903473248e-01 -3.243799918322451958e-01 -4.814478160221824510e-02 -7.144539816505357521e-02 1.410638342739957807e+00 1.023794230920316295e-01 2.872615994910461268e-01 8.801362455308776589e-01 2.005317144839864341e-01 6.337601172577933539e-02 1.789922653102280492e-01 3.606362807746563703e-01 -6.204935386921306417e-02 3.617453527624547860e-03 1.290247599547456048e-02 2.251899355268847103e-01 -4.800356638563130218e-01 -5.283892234975269275e-01 5.360502683157619686e-02 -3.049260427017657094e-01 -4.095160955046708295e-01 -3.713595262692592769e-01 6.202065387066113544e-02 -4.489936514665942013e-01 -6.539538717919981536e-01 -1.347809829018160599e-01
-1.196269158788709319e+00 -6.671597419525028272e-01 -1.129799599501893681e+00 1.269353490695266373e-01 -4.497690609289293207e-01 -2.060900965149699005e-01 3.133917911661683320e-01 8.004732059355319507e-01 1.023794230920316295e-01 8.047923113784349880e-01 -2.949758603847385530e-02 -2.176656203027391712e-01 1.657476327470703836e-01 8.753910032324370150e-01 7.177867509217890074e-01 8.043083481945245694e-01 -4.166575124084488380e-01 4.212029396463776720e-01 2.628695525355624341e-01 -5.665098808235597971e-01 -1.827222502558356609e-01 -1.738699727615085067e-01 -1.731296681773528690e-01 2.134536952559642486e-01 -6.370627958740442409e-01 1.196242149886757034e-01 2.196351617193954553e-01 -4.708430859108148070e-01 5.072346463379631132e-01 6.181884572151830071e-02
-6.851887153445659351e-01 -5.047071473223354587e-01 -6.573301768523265309e-01 -1.652154986450682372e-01 -1.719835199406247739e-01 -6.871017193310535731e-02 2.176646786528522171e-01 1.068278107144351452e-01 2.872615994910461268e-01 -2.949758603847385530e-02 9.094030768771403928e-01 1.398183988392815991e-01 1.915086934672558527e-01 -3.636711358828392804e-01 9.178131003045564285e-02 2.463901585289818286e-01 -1.332243588257142619e-01 1.022279260459413308e-01 2.618068982644103926e-01 -1.485852330043258007e-01 -3.401156581838904458e-02 7.723164189178532979e-02 3.860235389311128529e-03 1.414367484591139146e-02 -9.355042922567236019e-02 5.034064838861240787e-02 6.392585992961130614e-02 -2.114924640574145087e-02 2.517387857766948400e-01 6.089302347214697875e-02
4.102447556859374345e-01 1.473469723709683876e+00 -7.109946470424688414e-01 1.062608156142346161e-01 -3.249411621396802730e-02 -6.527186230076154061e-01 2.497104651376957918e-02 -9.277408327704961266e-01 8.801362455308776589e-01 -2.176656203027391712e-01 1.398183988392815991e-01 1.400115269945899854e+00 2.649458149131760365e-01 -3.423652434300947789e-01 6.251318375848313735e-02 8.262013213823138358e-02 5.127764458464980635e-01 -1.081226321383610411e-01 6.368583787224224579e-02 6.246874553733618995e-01 -3.610713792355682017e-01 -2.688628011349294411e-01 1.257606486518625388e-02 -5.581076083371954155e-01 -1.763385160507482396e-01 -5.724447114268400583e-01 -1.730370467896591435e-03 -2.898609118890362879e-01 -8.882829495774444695e-01 4.998011935185786569e-02
-6.803904228806914034e-01 -8.172216679241728343e-02 -8.090561244667924257e-01 -6.732554986371042105e-02 -1.836818728770595044e-02 -2.015981642056772216e-01 1.357106088239561359e-01 7.409927648222947028e-02 2.005317144839864341e-01 1.657476327470703836e-01 1.915086934672558527e-01 2.649458149131760365e-01 3.972725453803036544e-01 -8.296434236530103590e-02 2.642913475260684208e-01 2.918513624871366119e-01 8.800449638630425397e-02 7.625206456276600875e-02 1.890736560918071518e-01 1.079311566501246489e-01 -7.522485375079668302e-02 -1.031284789917208400e-02 -9.340256527656265462e-02 -4.443113935104747725e-02 -2.324782171073707104e-01 -1.545677954666757614e-01 2.049665267717273309e-01 -1.891486275841884890e-01 -3.051892535972910991e-02 1.193223223511949982e-01
-1.101555986575988300e+00 -5.862604986484711844e-01 -9.937113790319926920e-01 2.833686566106621285e-01 -8.729618096500644242e-01 -2.726267237135857613e-01 2.551399185623495214e-01 8.978136667381590996e-01 6.337601172577933539e-02 8.753910032324370150e-01 -3.636711358828392804e-01 -3.423652434300947789e-01 -8.296434236530103590e-02 1.626082720465319653e+00 7.858866656400778083e-01 9.303878873307667163e-01 -5.982317935790320007e-01 4.724712835524655929e-01 3.221369397613784713e-01 -9.270603353410251657e-01 -2.243585761501663001e-01 -9.696568134165772790e-02 -2.076535443870284325e-01 2.972929850021159837e-01 -7.656402444345076219e-01 2.559547339061509774e-01 1.614645612859817447e-01 -6.192980752873609163e-01 7.759874357424223490e-01 5.257003932990755857e-02
-1.280504085789289093e+00 -4.831545008458419943e-01 -1.388621043382158859e+00 3.596227657931194699e-02 -5.022567870370266974e-01 -3.860791178086628861e-01 3.645300005988474368e-01 6.773079337722265336e-01 1.789922653102280492e-01 7.177867509217890074e-01 9.178131003045564285e-02 6.251318375848313735e-02 2.642913475260684208e-01 7.858866656400778083e-01 9.749826396237040171e-01 9.620250683076960740e-01 -3.008281305313289522e-01 3.999538237138722252e-01 3.742486943992560100e-01 -4.624267791073748413e-01 -3.278576831893360577e-01 -1.752041191557793809e-01 -1.825563102092928602e-01 1.074885902431788054e-01 -7.141400344410726575e-01 -2.782136823498149170e-03 2.895218677628008663e-01 -5.489956465016803122e-01 3.790273805470292245e-01 8.910577830516785980e-02
-1.629476246269746298e+00 -7.707486242713343927e-01 -1.845726273779234816e+00 -7.019774090792907373e-03 -6.308465547417085872e-01 -3.768537715794195719e-01 3.737533654721119092e-01 8.873557524178181666e-01 3.606362807746563703e-01 8.043083481945245694e-01 2.463901585289818286e-01 8.262013213823138358e-02 2.918513624871366119e-01 9.303878873307667163e-01 9.620250683076960740e-01 1.282896231730944692e+00 -5.141722023137162978e-01 5.498466724675381556e-01 5.809683490896304647e-01 -6.489919729267796811e-01 -3.770559400273612027e-01 -2.173498086246468119e-01 -1.213744137260164280e-01 1.843599911672981762e-01 -8.326281910530610730e-01 9.930317357662943323e-02 3.539992224906427509e-01 -6.473028354386087813e-01 5.226969456414281012e-01 1.061481099965249086e-01
4.608036285289927037e-01 1.048962992808583294e+00 5.450694491134981945e-01 -1.269755020662159950e-01 3.182096238569442903e-01 -3.097484564336241419e-01 -5.857208854536111176e-03 -1.085369367873340707e+00 -6.204935386921306417e-02 -4.166575124084488380e-01 -1.332243588257142619e-01 5.127764458464980635e-01 8.800449638630425397e-02 -5.982317935790320007e-01 -3.008281305313289522e-01 -5.141722023137162978e-01 8.871080687633821071e-01 -2.657730702778735576e-01 -1.008805113395112585e-01 5.943349408905191922e-01 1.465843442031200539e-01 2.298695169557731788e-01 -1.436570037945443801e-01 -3.704619591787263744e-01 2.446682494593801493e-01 -3.910980827820367267e-01 -7.912524192056480388e-02 1.411969735297589068e-01 -4.970346459110146498e-01 1.835559163488937884e-01
-8.085171911185966565e-01 -4.607387867972647655e-01 -6.011106462851785182e-01 -9.675752808050219755e-03 -2.605736179734776670e-01 -1.656194150461942627e-01 2.109989430230712060e-01 3.933345788603901383e-01 3.617453527624547860e-03 4.212029396463776720e-01 1.022279260459413308e-01 -1.081226321383610411e-01 7.625206456276600875e-02 4.724712835524655929e-01 3.999538237138722252e-01 5.498466724675381556e-01 -2.657730702778735576e-01 3.675578469862443853e-01 2.547854677011969216e-01 -3.877365507103718301e-01 -9.790484283905698248e-02 -8.856597063120830171e-02 -4.517704256997490120e-02 1.195336231713213238e-01 -3.395501120423034536e-01 1.179155801381170932e-01 8.412819244824731868e-02 -2.667774238199740466e-01 3.340499926259781205e-01 -2.033108699151853216e-03
-1.212142597639910946e+00 -5.489848852138834445e-01 -8.846582940505811621e-01 -2.077118872248888692e-01 -2.589251143815829437e-01 -2.246246042158475120e-01 2.254698841573485879e-01 2.171527252801297436e-01 1.290247599547456048e-02 2.628695525355624341e-01 2.618068982644103926e-01 6.368583787224224579e-02 1.890736560918071518e-01 3.221369397613784713e-01 3.742486943992560100e-01 5.809683490896304647e-01 -1.008805113395112585e-01 2.547854677011969216e-01 5.195278642995049267e-01 -2.807750280577465674e-01 -2.937001636382774450e-02 2.034863129281347938e-01 -1.128418385012537328e-01 7.399092072444091173e-02 -3.229632570871387998e-01 6.338719978776907737e-02 1.872547785290521460e-01 -2.385776109671553513e-01 4.379234062905368319e-01 1.717844064735913889e-01
1.103987798794946684e+00 1.481298212802755643e+00 6.776184076154549984e-01 -7.838013478186667271e-02 5.182058867814589576e-01 -1.414923134146874872e-01 -2.673076081755993982e-01 -1.022395797357887659e+00 2.251899355268847103e-01 -5.665098808235597971e-01 -1.485852330043258007e-01 6.246874553733618995e-01 1.079311566501246489e-01 -9.270603353410251657e-01 -4.624267791073748413e-01 -6.489919729267796811e-01 5.943349408905191922e-01 -3.877365507103718301e-01 -2.807750280577465674e-01 1.140935066902784456e+00 2.935260143800633159e-02 -1.331137572477132380e-01 1.095437740435727392e-01 -3.969228416505643509e-01 4.789122183554468393e-01 -5.597487366094924255e-01 -5.170174822956141725e-02 2.842476896551602294e-01 -1.186527221519952491e+00 -1.165684942596953988e-01
-1.667051390735423411e-01 -3.411032225287726760e-01 6.770800256599045497e-01 -1.225621738468021249e-01 2.406752220113048679e-01 1.826103939401377829e-01 -5.016597327198724088e-03 -1.420387225581976054e-01 -4.800356638563130218e-01 -1.827222502558356609e-01 -3.401156581838904458e-02 -3.610713792355682017e-01 -7.522485375079668302e-02 -2.243585761501663001e-01 -3.278576831893360577e-01 -3.770559400273612027e-01 1.465843442031200539e-01 -9.790484283905698248e-02 -2.937001636382774450e-02 2.935260143800633159e-02 3.668766300162360494e-01 3.689788949148180563e-01 -5.620004128701339141e-02 9.808842311798571245e-02 3.032977547326254353e-01 1.233815879164694707e-01 -1.050800502953848081e-01 2.863806160551689572e-01 2.577181940791319903e-01 4.729484824338214821e-02
-6.801166875329158756e-01 -6.297413235691919908e-01 3.086600247383444184e-01 -2.517747029597217079e-01 1.098902327513542332e-01 8.170788230029302213e-02 7.612562434235314868e-02 -1.579319414575479641e-01 -5.283892234975269275e-01 -1.738699727615085067e-01 7.723164189178532979e-02 -2.688628011349294411e-01 -1.031284789917208400e-02 -9.696568134165772790e-02 -1.752041191557793809e-01 -2.173498086246468119e-01 2.298695169557731788e-01 -8.856597063120830171e-02 2.034863129281347938e-01 -1.331137572477132380e-01 3.689788949148180563e-01 6.804520943321961113e-01 -1.774266704377112092e-01 7.657075755849973575e-02 1.755711150796344100e-01 1.695824473898142060e-01 -3.047460022338555063e-02 1.977883191879641345e-01 6.086058694586427009e-01 2.555791919712078197e-01
4.790736713994192542e-01 1.686633327856839060e-01 3.111550374780449602e-01 -2.981783856961328638e-02 1.457162869500621127e-01 1.516830765033887474e-01 -1.700836278718043104e-01 -5.696063698314901558e-02 5.360502683157619686e-02 -1.731296681773528690e-01 3.860235389311128529e-03 1.257606486518625388e-02 -9.340256527656265462e-02 -2.076535443870284325e-01 -1.825563102092928602e-01 -1.213744137260164280e-01 -1.436570037945443801e-01 -4.517704256997490120e-02 -1.128418385012537328e-01 1.095437740435727392e-01 -5.620004128701339141e-02 -1.774266704377112092e-01 2.969829731384265870e-01 1.789475947748542239e-02 2.460883883615565537e-01 2.627778547383741170e-02 -4.589713538541673188e-02 1.529143094153937454e-01 -3.427739680123522703e-01 -2.170831444329337501e-01
-5.334932062531834163e-01 -8.559065355481720871e-01 -3.433128645252736533e-02 -4.625611196053114327e-02 -8.127333344037879215e-02 2.495885704154261475e-01 5.848971591376539436e-02 6.052939443713398759e-01 -3.049260427017657094e-01 2.134536952559642486e-01 1.414367484591139146e-02 -5.581076083371954155e-01 -4.443113935104747725e-02 2.972929850021159837e-01 1.074885902431788054e-01 1.843599911672981762e-01 -3.704619591787263744e-01 1.195336231713213238e-01 7.399092072444091173e-02 -3.969228416505643509e-01 9.808842311798571245e-02 7.657075755849973575e-02 1.789475947748542239e-02 3.444138142875203812e-01 -2.585211722009717050e-02 2.867348254918624662e-01 3.925629579282485793e-02 4.316731194006706573e-02 4.832046368446754059e-01 -6.100457215251253729e-02
9.194358888838110033e-01 3.252080743158103360e-01 1.432159182054135727e+00 -1.802826460306619083e-01 5.707904776705845507e-01 3.346800152813216300e-01 -3.287272116737653960e-01 -5.946044636235114922e-01 -4.095160955046708295e-01 -6.370627958740442409e-01 -9.355042922567236019e-02 -1.763385160507482396e-01 -2.324782171073707104e-01 -7.656402444345076219e-01 -7.141400344410726575e-01 -8.326281910530610730e-01 2.446682494593801493e-01 -3.395501120423034536e-01 -3.229632570871387998e-01 4.789122183554468393e-01 3.032977547326254353e-01 1.755711150796344100e-01 2.460883883615565537e-01 -2.585211722009717050e-02 8.139526894711650584e-01 1.200270306435413659e-02 -2.585692164052488806e-01 6.251828656131124262e-01 -4.238745276518329774e-01 -1.461703366954338890e-01
-3.339746551837379229e-01 -1.051476080879638175e+00 1.020820477629627021e-01 -5.434328280847466885e-02 -3.649912124461707208e-02 3.586270801619662052e-01 2.253845812560939521e-04 5.811976892905477143e-01 -3.713595262692592769e-01 1.196242149886757034e-01 5.034064838861240787e-02 -5.724447114268400583e-01 -1.545677954666757614e-01 2.559547339061509774e-01 -2.782136823498149170e-03 9.930317357662943323e-02 -3.910980827820367267e-01 1.179155801381170932e-01 6.338719978776907737e-02 -5.597487366094924255e-01 1.233815879164694707e-01 1.695824473898142060e-01 2.627778547383741170e-02 2.867348254918624662e-01 1.200270306435413659e-02 4.737238585489649267e-01 -6.018484287073988526e-02 7.876064898590584562e-02 6.513276525706146458e-01 1.803060125712363515e-02
-5.665541804808071902e-01 -1.992597769199733193e-01 -6.205909023592539597e-01 -5.058322661636793782e-02 -1.125569632760061722e-01 -1.282037619730544975e-01 1.054652613202620159e-01 2.540762586934874889e-01 6.202065387066113544e-02 2.196351617193954553e-01 6.392585992961130614e-02 -1.730370467896591435e-03 2.049665267717273309e-01 1.614645612859817447e-01 2.895218677628008663e-01 3.539992224906427509e-01 -7.912524192056480388e-02 8.412819244824731868e-02 1.872547785290521460e-01 -5.170174822956141725e-02 -1.050800502953848081e-01 -3.047460022338555063e-02 -4.589713538541673188e-02 3.925629579282485793e-02 -2.585692164052488806e-01 -6.018484287073988526e-02 3.119833083702587828e-01 -1.651387216672901559e-01 6.925890395189071569e-02 6.869416161202934745e-02
5.192067035452510027e-01 -7.475673055961351565e-02 1.125565303282712648e+00 -1.694035697020694897e-01 4.846476602839970838e-01 3.433790506118157282e-01 -2.043747883176934010e-01 -3.076210379165331688e-01 -4.489936514665942013e-01 -4.708430859108148070e-01 -2.114924640574145087e-02 -2.898609118890362879e-01 -1.891486275841884890e-01 -6.192980752873609163e-01 -5.489956465016803122e-01 -6.473028354386087813e-01 1.411969735297589068e-01 -2.667774238199740466e-01 -2.385776109671553513e-01 2.842476896551602294e-01 2.863806160551689572e-01 1.977883191879641345e-01 1.529143094153937454e-01 4.316731194006706573e-02 6.251828656131124262e-01 7.876064898590584562e-02 -1.651387216672901559e-01 5.774722712489506193e-01 -1.189418616296507025e-01 -7.872520206160515954e-02
-1.770496872836247348e+00 -2.248770447823460472e+00 -6.361096370823702273e-01 -1.160785006029527722e-01 -3.524986515718637747e-01 3.054227346799507359e-01 3.834498312749019533e-01 1.132573370617876662e+00 -6.539538717919981536e-01 5.072346463379631132e-01 2.517387857766948400e-01 -8.882829495774444695e-01 -3.051892535972910991e-02 7.759874357424223490e-01 3.790273805470292245e-01 5.226969456414281012e-01 -4.970346459110146498e-01 3.340499926259781205e-01 4.379234062905368319e-01 -1.186527221519952491e+00 2.577181940791319903e-01 6.086058694586427009e-01 -3.427739680123522703e-01 4.832046368446754059e-01 -4.238745276518329774e-01 6.513276525706146458e-01 6.925890395189071569e-02 -1.189418616296507025e-01 1.815977552027447928e+00 3.496654108685675055e-01
-4.973853809732418085e-01 -3.216810635803994955e-01 -3.733314662937914363e-01 -9.639913120838627947e-02 1.492824693110605949e-02 -1.092655279602467999e-01 1.040274847409818904e-01 -2.431075358731504821e-02 -1.347809829018160599e-01 6.181884572151830071e-02 6.089302347214697875e-02 4.998011935185786569e-02 1.193223223511949982e-01 5.257003932990755857e-02 8.910577830516785980e-02 1.061481099965249086e-01 1.835559163488937884e-01 -2.033108699151853216e-03 1.717844064735913889e-01 -1.165684942596953988e-01 4.729484824338214821e-02 2.555791919712078197e-01 -2.170831444329337501e-01 -6.100457215251253729e-02 -1.461703366954338890e-01 1.803060125712363515e-02 6.869416161202934745e-02 -7.872520206160515954e-02 3.496654108685675055e-01 4.253404717600233198e-01
