4.587606122497049910e+00 2.571947663950140850e+00 2.346871922354978324e+00 3.111259981872080971e-01 6.769415580853319625e-01 7.061967330955667421e-01 -1.083932282964156002e+00 -9.667503167460154145e-01 6.270430578010177669e-01 -1.292012858924124430e+00 -3.785548754975707197e-01 3.185611285346112709e-01 -6.640074007718226312e-01 -1.143299214153614685e+00 -1.325962112506147150e+00 -1.501660382965951612e+00 2.407937714743866309e-01 -1.020043301011014591e+00 -1.071257855008354909e+00 6.877931004866582043e-01 -4.683994979162093841e-01 -5.673607550345423078e-01 2.233005795771987323e-01 -6.172096926649714987e-01 8.255690050933139901e-01 -2.804258651556210680e-01 -4.504852086872688233e-01 4.559313815142900239e-01 -1.631747803831729016e+00 -1.165702560125509990e-01
2.571947663950140850e+00 4.451146540955960518e+00 1.053777296500641114e+00 1.563712380553852199e-01 3.684965780884112974e-01 -8.506759695139294308e-01 -4.520817641562757672e-01 -2.073889217301143617e+00 1.127092644072490657e+00 -7.397903487811845480e-01 -4.562045783822554768e-01 1.778612778582044029e+00 -1.100012913088903588e-01 -7.267590264816021772e-01 -3.137644356463056283e-01 -8.243577840199804996e-01 1.348377008040586134e+00 -4.956534537827224085e-01 -5.415369536323169086e-01 1.607487789443098336e+00 -4.100142438029479308e-01 -5.529272934310256460e-01 -6.139394195389513698e-02 -1.170070907626381995e+00 4.430399836522269652e-01 -1.644554307011730998e+00 -2.353112639049186328e-01 4.933644764366817981e-02 -2.812707719395973527e+00 -4.839912849889174140e-01
2.346871922354978324e+00 1.053777296500641114e+00 3.653415208675028225e+00 -1.968985208977187540e-01 9.679664013960405100e-01 4.889129956398505783e-01 -5.548013798334068269e-01 -1.275043162980864508e+00 -1.082663321123391142e+00 -1.153562210308052727e+00 -5.072308814406483179e-01 -6.178832758278076653e-01 -7.097686258857152097e-01 -1.141881297749137048e+00 -1.397849811674404918e+00 -1.641984165553083130e+00 3.245446277525161349e-01 -6.726512998473594962e-01 -6.986278001753873923e-01 4.482380867769393262e-01 4.722783667440921818e-01 3.562127431737849292e-01 2.597481066046611886e-01 -9.218064001294123955e-02 1.279025217757521204e+00 2.504752643142751367e-01 -6.284610631381610801e-01 9.735330077277239980e-01 -3.805959077379270639e-01 -1.229159940236854709e-01
3.111259981872080971e-01 1.563712380553852199e-01 -1.968985208977187540e-01 5.361688216274842489e-01 -2.859200070013230288e-01 2.182744328479202522e-03 -5.145295623276524566e-02 2.771208267441807038e-01 4.177115896139866891e-01 1.367361583220372268e-01 -9.578960966319982617e-02 1.817553073669841979e-02 -9.545930860576845589e-02 3.700671891729712115e-01 -3.038696226980164283e-02 2.447066830012545324e-02 -2.136463268332136067e-01 -1.539078975235952385e-02 -1.815545711187382949e-01 -2.119352230467370646e-01 -1.556142939537039638e-01 -2.462146877017516999e-01 -5.476331292749136992e-02 -5.732852783694397658e-03 -2.295833370013724561e-01 5.052362387908715391e-02 -2.152589516265379643e-02 -2.042368148287323493e-01 7.972953092291845678e-03 -1.252178731954245450e-02
6.769415580853319625e-01 3.684965780884112974e-01 9.679664013960405100e-01 -2.859200070013230288e-01 1.068078851331506485e+00 1.002814752919221064e-01 -2.442467282010625240e-01 -6.058263967417474305e-01 -4.034417283208426852e-01 -4.967921012371334655e-01 -1.012999038229054349e-01 2.023144726313717001e-01 2.102660481091334077e-02 -9.439279161488798309e-01 -3.769668640970280649e-01 -5.705906259007633707e-01 4.410835943730262443e-01 -2.780524482183750479e-01 -1.866049220552099541e-01 5.779765861607870647e-01 1.155818805059425358e-01 1.089967808740652799e-01 5.559675799230490156e-02 -2.580982975218830688e-01 5.427281986070511266e-01 -2.596096171201907055e-01 -1.042790847184278391e-01 4.344625730384450435e-01 -6.005688591637863283e-01 3.469533956842951739e-02
7.061967330955667421e-01 -8.506759695139294308e-01 4.889129956398505783e-01 2.182744328479202522e-03 1.002814752919221064e-01 9.052646418718381938e-01 -2.772197093550516911e-01 4.560161471720789450e-01 -2.092852735406154352e-01 -2.723261188003789357e-01 -8.826145076454849914e-03 -7.570234420369956752e-01 -2.132260356984829741e-01 -2.371410477563813402e-01 -5.471554614576348285e-01 -3.503973414083816351e-01 -5.043089618905014504e-01 -2.812259997231194575e-01 -1.912427356737396167e-01 -3.300472665445681741e-01 6.681105126529018889e-02 8.381027433449617092e-02 1.686184894707025705e-01 3.142115422607503206e-01 2.618555714480521601e-01 6.475416773805591220e-01 -1.037272454041158198e-01 2.503668411587796072e-01 5.585412186685516645e-01 1.232172262783137739e-01
-1.083932282964156002e+00 -4.520817641562757672e-01 -5.548013798334068269e-01 -5.145295623276524566e-02 -2.442467282010625240e-01 -2.772197093550516911e-01 4.703374873109282817e-01 1.209487462226661592e-01 -1.485559509894756047e-01 3.549838997418532927e-01 1.510921767356308010e-01 2.925952540596199469e-02 1.431684920295310803e-01 2.673468960064724342e-01 3.825309542737045376e-01 3.566366073933409098e-01 4.395226266973395468e-02 2.875213140439427661e-01 2.113402137732123265e-01 -1.869240124235034273e-01 1.122000609842075391e-01 7.946891619815232843e-02 -1.098529423841796415e-01 1.045319588607185324e-01 -3.034164640927770051e-01 -5.353720508367132425e-03 7.063366163066575609e-02 -1.771339460776175656e-01 4.151193360453930836e-01 -6.100950167081009567e-03
-9.667503167460154145e-01 -2.073889217301143617e+00 -1.275043162980864508e+00 2.771208267441807038e-01 -6.058263967417474305e-01 4.560161471720789450e-01 1.209487462226661592e-01 1.808764899070865795e+00 -4.702446904667567651e-02 7.645553312373181143e-01 5.205660532789124773e-02 -8.848728203918199142e-01 3.563852758804841869e-02 9.681721947512755833e-01 5.559301330658286133e-01 8.494703532114726841e-01 -1.078826522946940258e+00 3.846041440439762482e-01 1.824108287000285600e-01 -9.475230503555280848e-01 -1.797497434833417174e-01 -2.655506981164990066e-01 4.504183165255426502e-02 6.304525544507555423e-01 -6.201030887726801666e-01 7.367733795729805024e-01 2.843648136001775129e-01 -3.777403162173982309e-01 1.095257341331091538e+00 7.532148303801022848e-02
6.270430578010177669e-01 1.127092644072490657e+00 -1.082663321123391142e+00 4.177115896139866891e-01 -4.034417283208426852e-01 -2.092852735406154352e-01 -1.485559509894756047e-01 -4.702446904667567651e-02 1.357752983699015203e+00 4.895192598951325635e-03 2.514936259980231625e-01 8.233365322133181508e-01 1.326150734338398252e-01 2.921985046526742735e-02 7.184284769601845255e-02 1.914976332489004562e-01 1.314956631250652208e-02 -9.195301435278224744e-02 -9.471741552300727562e-02 2.598409068513092279e-01 -4.549352399778285871e-01 -5.020179057415532498e-01 4.268142949911180040e-03 -3.337029042416475022e-01 -2.876545664688023862e-01 -4.488846666810104580e-01 6.020940664382123941e-02 -3.408164635727644054e-01 -7.857135599988396280e-01 -1.406017286680025791e-01
-1.292012858924124430e+00 -7.397903487811845480e-01 -1.153562210308052727e+00 1.367361583220372268e-01 -4.967921012371334655e-01 -2.723261188003789357e-01 3.549838997418532927e-01 7.645553312373181143e-01 4.895192598951325635e-03 8.750539195052056129e-01 -9.739147790753577283e-02 -1.542476804740999796e-01 1.350299329772042256e-01 9.767076494632078720e-01 7.830769660491796458e-01 7.961280399744623537e-01 -2.877913436705057393e-01 5.327461847644485715e-01 2.574343910812615377e-01 -4.525925770630578882e-01 -6.800139760809997824e-02 -1.814886316941510813e-01 -1.373720465371093269e-01 2.259579898486663296e-01 -6.249836611451655699e-01 3.548670526305386375e-02 1.927495752356094272e-01 -4.568812670851229996e-01 4.349811694385721239e-01 -9.128971086096271392e-02
-3.785548754975707197e-01 -4.562045783822554768e-01 -5.072308814406483179e-01 -9.578960966319982617e-02 -1.012999038229054349e-01 -8.826145076454849914e-03 1.510921767356308010e-01 5.205660532789124773e-02 2.514936259980231625e-01 -9.739147790753577283e-02 7.461634127541287853e-01 7.859587473097917609e-02 1.943600236213001153e-01 -4.542014371957066032e-01 -4.299550688813269517e-03 1.115258331173549777e-01 -1.666093973777265091e-01 1.312053996599615857e-02 1.141666310140010410e-01 -3.496988395841071906e-02 -2.839908487948150650e-02 -1.762542138919798163e-03 8.992296178303149645e-02 5.261702450667371522e-02 -1.463456183546441025e-02 1.257967991475652525e-01 6.242588695988615655e-02 1.698839740129187703e-02 1.993459769792025327e-01 9.050324656891461927e-02
3.185611285346112709e-01 1.778612778582044029e+00 -6.178832758278076653e-01 1.817553073669841979e-02 2.023144726313717001e-01 -7.570234420369956752e-01 2.925952540596199469e-02 -8.848728203918199142e-01 8.233365322133181508e-01 -1.542476804740999796e-01 7.859587473097917609e-02 1.531943352039661477e+00 2.607547046873719410e-01 -3.311874815206010680e-01 2.977113611967183715e-01 7.500817250959812554e-02 7.431674059835131629e-01 -3.406170713719802734e-02 2.795242762420002691e-02 7.861800418303914739e-01 -3.154327545677801936e-01 -2.664960773977895769e-01 -9.616969655598950339e-02 -6.962125464272048703e-01 -1.056608768936939668e-01 -1.006789280221994431e+00 -2.576680939864672837e-02 -2.033069654463588449e-01 -1.269851537943281983e+00 -2.066104308944431978e-01
-6.640074007718226312e-01 -1.100012913088903588e-01 -7.097686258857152097e-01 -9.545930860576845589e-02 2.102660481091334077e-02 -2.132260356984829741e-01 1.431684920295310803e-01 3.563852758804841869e-02 1.326150734338398252e-01 1.350299329772042256e-01 1.943600236213001153e-01 2.607547046873719410e-01 3.730191577288906046e-01 -1.120840718877502695e-01 2.672325260344337039e-01 2.248999795058352902e-01 1.595683376732495162e-01 9.733755410451294665e-02 1.659463060912003129e-01 1.724786974079393076e-01 -6.715136533102850080e-03 1.565627473254949109e-02 -7.908635482795034477e-02 -4.702422459541821809e-02 -1.686686922112698994e-01 -2.026997111275932184e-01 1.769101668114672066e-01 -1.295850744900235441e-01 -7.920103530273081560e-02 4.188352604580813932e-02
-1.143299214153614685e+00 -7.267590264816021772e-01 -1.141881297749137048e+00 3.700671891729712115e-01 -9.439279161488798309e-01 -2.371410477563813402e-01 2.673468960064724342e-01 9.681721947512755833e-01 2.921985046526742735e-02 9.767076494632078720e-01 -4.542014371957066032e-01 -3.311874815206010680e-01 -1.120840718877502695e-01 1.771528950585206985e+00 8.015588812756959669e-01 9.369482671006039709e-01 -5.187573200377642024e-01 5.648150420057618248e-01 2.834465896564495324e-01 -8.400250973249399067e-01 -1.505168056852426162e-01 -1.638705618463518476e-01 -1.630614114499735479e-01 3.316937683247260793e-01 -7.900813865298914607e-01 2.232624802655323037e-01 1.834934646674355463e-01 -6.251816817094777434e-01 6.837693992690674349e-01 -5.005561426054327967e-02
-1.325962112506147150e+00 -3.137644356463056283e-01 -1.397849811674404918e+00 -3.038696226980164283e-02 -3.769668640970280649e-01 -5.471554614576348285e-01 3.825309542737045376e-01 5.559301330658286133e-01 7.184284769601845255e-02 7.830769660491796458e-01 -4.299550688813269517e-03 2.977113611967183715e-01 2.672325260344337039e-01 8.015588812756959669e-01 1.166898605904975739e+00 9.451885886107618262e-01 -9.213395498989029875e-03 5.447489460187284749e-01 3.538111264035421755e-01 -1.639585722099923260e-01 -2.251953099918750922e-01 -2.230820623538249947e-01 -1.579133528901479622e-01 -2.908100939919222583e-03 -6.544195206802214670e-01 -3.295881113024279330e-01 2.598637503793952419e-01 -4.979897296871627077e-01 -1.785025895173930621e-03 -1.679577487411734182e-01
-1.501660382965951612e+00 -8.243577840199804996e-01 -1.641984165553083130e+00 2.447066830012545324e-02 -5.705906259007633707e-01 -3.503973414083816351e-01 3.566366073933409098e-01 8.494703532114726841e-01 1.914976332489004562e-01 7.961280399744623537e-01 1.115258331173549777e-01 7.500817250959812554e-02 2.248999795058352902e-01 9.369482671006039709e-01 9.451885886107618262e-01 1.100851956578026147e+00 -3.432804063295975538e-01 5.958737610724256228e-01 4.467612734750900927e-01 -4.313881138360784462e-01 -1.981655009263363354e-01 -2.312584931505341501e-01 -5.307203498344392756e-02 2.068003874871919834e-01 -6.951603019102776670e-01 -1.908554849757138072e-02 2.978745555979003257e-01 -5.216696652217365227e-01 3.438310465490985735e-01 -1.216969031941061985e-01
2.407937714743866309e-01 1.348377008040586134e+00 3.245446277525161349e-01 -2.136463268332136067e-01 4.410835943730262443e-01 -5.043089618905014504e-01 4.395226266973395468e-02 -1.078826522946940258e+00 1.314956631250652208e-02 -2.877913436705057393e-01 -1.666093973777265091e-01 7.431674059835131629e-01 1.595683376732495162e-01 -5.187573200377642024e-01 -9.213395498989029875e-03 -3.432804063295975538e-01 1.015104063137073354e+00 -1.594544445846963754e-01 -3.065862814162301220e-02 6.603316448668579142e-01 7.258089871379524993e-02 1.870454287511620350e-01 -2.272681980232391652e-01 -5.135896280344240949e-01 1.647278987304616749e-01 -7.002132067075308441e-01 -4.907732361704120194e-02 7.928897377138355296e-02 -7.732223709992354088e-01 8.220214703004558032e-02
-1.020043301011014591e+00 -4.956534537827224085e-01 -6.726512998473594962e-01 -1.539078975235952385e-02 -2.780524482183750479e-01 -2.812259997231194575e-01 2.875213140439427661e-01 3.846041440439762482e-01 -9.195301435278224744e-02 5.327461847644485715e-01 1.312053996599615857e-02 -3.406170713719802734e-02 9.733755410451294665e-02 5.648150420057618248e-01 5.447489460187284749e-01 5.958737610724256228e-01 -1.594544445846963754e-01 4.713603800053363102e-01 2.524612799949750297e-01 -2.710113694386677707e-01 -1.057451659676189593e-02 -9.982305641676703090e-02 -2.630799296170494017e-02 1.334673178823777562e-01 -3.557544668422849554e-01 5.200952881239118142e-03 8.047264553152899680e-02 -2.749289789053932509e-01 2.627391328413182237e-01 -1.395828799221021654e-01
-1.071257855008354909e+00 -5.415369536323169086e-01 -6.986278001753873923e-01 -1.815545711187382949e-01 -1.866049220552099541e-01 -1.912427356737396167e-01 2.113402137732123265e-01 1.824108287000285600e-01 -9.471741552300727562e-02 2.574343910812615377e-01 1.141666310140010410e-01 2.795242762420002691e-02 1.659463060912003129e-01 2.834465896564495324e-01 3.538111264035421755e-01 4.467612734750900927e-01 -3.065862814162301220e-02 2.524612799949750297e-01 3.855593720167291849e-01 -1.246398816416842692e-01 7.569962299922394777e-02 1.713707522612537559e-01 -4.553879349541034571e-02 1.052396659226246811e-01 -2.277733232893695003e-01 1.711559630302872392e-02 1.416606469707630822e-01 -1.578271144146299321e-01 3.318398291997652905e-01 2.776286286018603278e-02
6.877931004866582043e-01 1.607487789443098336e+00 4.482380867769393262e-01 -2.119352230467370646e-01 5.779765861607870647e-01 -3.300472665445681741e-01 -1.869240124235034273e-01 -9.475230503555280848e-01 2.598409068513092279e-01 -4.525925770630578882e-01 -3.496988395841071906e-02 7.861800418303914739e-01 1.724786974079393076e-01 -8.400250973249399067e-01 -1.639585722099923260e-01 -4.313881138360784462e-01 6.603316448668579142e-01 -2.710113694386677707e-01 -1.246398816416842692e-01 1.072078028646217263e+00 -3.327548792145762491e-02 -7.696188410145055059e-02 -2.637880044233043009e-02 -5.037357072562258509e-01 3.881102602239820953e-01 -8.058456204242929743e-01 -2.335628707072601173e-02 2.360604235777259419e-01 -1.263132051554691770e+00 -1.688741812322405167e-01
-4.683994979162093841e-01 -4.100142438029479308e-01 4.722783667440921818e-01 -1.556142939537039638e-01 1.155818805059425358e-01 6.681105126529018889e-02 1.122000609842075391e-01 -1.797497434833417174e-01 -4.549352399778285871e-01 -6.800139760809997824e-02 -2.839908487948150650e-02 -3.154327545677801936e-01 -6.715136533102850080e-03 -1.505168056852426162e-01 -2.251953099918750922e-01 -1.981655009263363354e-01 7.258089871379524993e-02 -1.057451659676189593e-02 7.569962299922394777e-02 -3.327548792145762491e-02 3.491354756498026291e-01 3.562781965001420303e-01 -2.383058634694634748e-02 1.393312550671907957e-01 1.761417713174751043e-01 2.055044522489879455e-01 -9.481438508743167404e-02 1.765760403248464172e-01 4.321195087173919092e-01 7.339600833785198120e-02
-5.673607550345423078e-01 -5.529272934310256460e-01 3.562127431737849292e-01 -2.462146877017516999e-01 1.089967808740652799e-01 8.381027433449617092e-02 7.946891619815232843e-02 -2.655506981164990066e-01 -5.020179057415532498e-01 -1.814886316941510813e-01 -1.762542138919798163e-03 -2.664960773977895769e-01 1.565627473254949109e-02 -1.638705618463518476e-01 -2.230820623538249947e-01 -2.312584931505341501e-01 1.870454287511620350e-01 -9.982305641676703090e-02 1.713707522612537559e-01 -7.696188410145055059e-02 3.562781965001420303e-01 6.240472501314116016e-01 -1.004521432851106510e-01 8.838159954711954924e-02 1.662950157852378652e-01 2.480119183566102947e-01 -5.560154207211098765e-02 1.694846831963445766e-01 6.174710510243244244e-01 2.623380265774244435e-01
2.233005795771987323e-01 -6.139394195389513698e-02 2.597481066046611886e-01 -5.476331292749136992e-02 5.559675799230490156e-02 1.686184894707025705e-01 -1.098529423841796415e-01 4.504183165255426502e-02 4.268142949911180040e-03 -1.373720465371093269e-01 8.992296178303149645e-02 -9.616969655598950339e-02 -7.908635482795034477e-02 -1.630614114499735479e-01 -1.579133528901479622e-01 -5.307203498344392756e-02 -2.272681980232391652e-01 -2.630799296170494017e-02 -4.553879349541034571e-02 -2.637880044233043009e-02 -2.383058634694634748e-02 -1.004521432851106510e-01 2.683975759414352069e-01 9.182920818659567885e-02 2.089509879928073133e-01 1.259813878052113978e-01 -4.173312771911241725e-02 1.478854798671136450e-01 -1.068373658210362009e-01 -1.785088833287886700e-01
-6.172096926649714987e-01 -1.170070907626381995e+00 -9.218064001294123955e-02 -5.732852783694397658e-03 -2.580982975218830688e-01 3.142115422607503206e-01 1.045319588607185324e-01 6.304525544507555423e-01 -3.337029042416475022e-01 2.259579898486663296e-01 5.261702450667371522e-02 -6.962125464272048703e-01 -4.702422459541821809e-02 3.316937683247260793e-01 -2.908100939919222583e-03 2.068003874871919834e-01 -5.135896280344240949e-01 1.334673178823777562e-01 1.052396659226246811e-01 -5.037357072562258509e-01 1.393312550671907957e-01 8.838159954711954924e-02 9.182920818659567885e-02 4.721087562234629331e-01 -7.218829211228694476e-02 5.493284573806249682e-01 4.223618052924393851e-02 1.124390156030585786e-02 7.895743821709970689e-01 2.364922062253071999e-02
8.255690050933139901e-01 4.430399836522269652e-01 1.279025217757521204e+00 -2.295833370013724561e-01 5.427281986070511266e-01 2.618555714480521601e-01 -3.034164640927770051e-01 -6.201030887726801666e-01 -2.876545664688023862e-01 -6.249836611451655699e-01 -1.463456183546441025e-02 -1.056608768936939668e-01 -1.686686922112698994e-01 -7.900813865298914607e-01 -6.544195206802214670e-01 -6.951603019102776670e-01 1.647278987304616749e-01 -3.557544668422849554e-01 -2.277733232893695003e-01 3.881102602239820953e-01 1.761417713174751043e-01 1.662950157852378652e-01 2.089509879928073133e-01 -7.218829211228694476e-02 7.195889710006611040e-01 3.985791509853697789e-02 -2.239184546713204327e-01 5.381332319894909233e-01 -3.625970469041703836e-01 -1.742570621155437038e-02
-2.804258651556210680e-01 -1.644554307011730998e+00 2.504752643142751367e-01 5.052362387908715391e-02 -2.596096171201907055e-01 6.475416773805591220e-01 -5.353720508367132425e-03 7.367733795729805024e-01 -4.488846666810104580e-01 3.548670526305386375e-02 1.257967991475652525e-01 -1.006789280221994431e+00 -2.026997111275932184e-01 2.232624802655323037e-01 -3.295881113024279330e-01 -1.908554849757138072e-02 -7.002132067075308441e-01 5.200952881239118142e-03 1.711559630302872392e-02 -8.058456204242929743e-01 2.055044522489879455e-01 2.480119183566102947e-01 1.259813878052113978e-01 5.493284573806249682e-01 3.985791509853697789e-02 9.878627556723245107e-01 -6.715846455603013965e-02 1.165689225566666209e-01 1.210546246726437403e+00 1.943693259980250332e-01
-4.504852086872688233e-01 -2.353112639049186328e-01 -6.284610631381610801e-01 -2.152589516265379643e-02 -1.042790847184278391e-01 -1.037272454041158198e-01 7.063366163066575609e-02 2.843648136001775129e-01 6.020940664382123941e-02 1.927495752356094272e-01 6.242588695988615655e-02 -2.576680939864672837e-02 1.769101668114672066e-01 1.834934646674355463e-01 2.598637503793952419e-01 2.978745555979003257e-01 -4.907732361704120194e-02 8.047264553152899680e-02 1.416606469707630822e-01 -2.335628707072601173e-02 -9.481438508743167404e-02 -5.560154207211098765e-02 -4.173312771911241725e-02 4.223618052924393851e-02 -2.239184546713204327e-01 -6.715846455603013965e-02 3.394445288565179908e-01 -1.282979885168629153e-01 -9.368579385977682250e-03 7.054267661567337200e-02
4.559313815142900239e-01 4.933644764366817981e-02 9.735330077277239980e-01 -2.042368148287323493e-01 4.344625730384450435e-01 2.503668411587796072e-01 -1.771339460776175656e-01 -3.777403162173982309e-01 -3.408164635727644054e-01 -4.568812670851229996e-01 1.698839740129187703e-02 -2.033069654463588449e-01 -1.295850744900235441e-01 -6.251816817094777434e-01 -4.979897296871627077e-01 -5.216696652217365227e-01 7.928897377138355296e-02 -2.749289789053932509e-01 -1.578271144146299321e-01 2.360604235777259419e-01 1.765760403248464172e-01 1.694846831963445766e-01 1.478854798671136450e-01 1.124390156030585786e-02 5.381332319894909233e-01 1.165689225566666209e-01 -1.282979885168629153e-01 4.837843009334505950e-01 -7.766969150816294132e-02 3.362030644245805888e-02
-1.631747803831729016e+00 -2.812707719395973527e+00 -3.805959077379270639e-01 7.972953092291845678e-03 -6.005688591637863283e-01 5.585412186685516645e-01 4.151193360453930836e-01 1.095257341331091538e+00 -7.857135599988396280e-01 4.349811694385721239e-01 1.993459769792025327e-01 -1.269851537943281983e+00 -7.920103530273081560e-02 6.837693992690674349e-01 -1.785025895173930621e-03 3.438310465490985735e-01 -7.732223709992354088e-01 2.627391328413182237e-01 3.318398291997652905e-01 -1.263132051554691770e+00 4.321195087173919092e-01 6.174710510243244244e-01 -1.068373658210362009e-01 7.895743821709970689e-01 -3.625970469041703836e-01 1.210546246726437403e+00 -9.368579385977682250e-03 -7.766969150816294132e-02 2.367550175686801595e+00 4.043392202811446623e-01
-1.165702560125509990e-01 -4.839912849889174140e-01 -1.229159940236854709e-01 -1.252178731954245450e-02 3.469533956842951739e-02 1.232172262783137739e-01 -6.100950167081009567e-03 7.532148303801022848e-02 -1.406017286680025791e-01 -9.128971086096271392e-02 9.050324656891461927e-02 -2.066104308944431978e-01 4.188352604580813932e-02 -5.005561426054327967e-02 -1.679577487411734182e-01 -1.216969031941061985e-01 8.220214703004558032e-02 -1.395828799221021654e-01 2.776286286018603278e-02 -1.688741812322405167e-01 7.339600833785198120e-02 2.623380265774244435e-01 -1.785088833287886700e-01 2.364922062253071999e-02 -1.742570621155437038e-02 1.943693259980250332e-01 7.054267661567337200e-02 3.362030644245805888e-02 4.043392202811446623e-01 4.868637823947210563e-01
