4.538694432892157238e+00 2.461142165917522107e+00 2.561602730828440144e+00 2.556136290512540654e-01 7.536597961757252051e-01 6.085019484316376293e-01 -9.594996241148692206e-01 -1.302381800473767726e+00 1.994845312945017213e-01 -1.290340313097317448e+00 -7.312124200570337962e-01 2.241560530925426065e-01 -6.583970688222962053e-01 -1.393687519252182483e+00 -1.431194898758064937e+00 -1.684652044303447838e+00 2.184901578122548926e-01 -7.802474831765948693e-01 -1.186556189582745446e+00 9.178560569583851247e-01 -3.178613343322922447e-02 -5.874647009693489963e-01 5.507100741031081270e-01 -3.811686862921419561e-01 9.786821968927483795e-01 -5.908154863010395275e-02 -6.093166178196725014e-01 5.939195201549978265e-01 -1.415495245703311866e+00 -3.600306017416414761e-01
2.461142165917522107e+00 3.869031557718301428e+00 9.160936979941993741e-01 2.007782960016015750e-01 1.222760023644013927e-01 -8.242909408124887705e-01 -3.287799630625727332e-01 -2.136582563277727331e+00 8.764171198898793591e-01 -6.806907153561496671e-01 -6.135546417674504482e-01 1.492974511247439295e+00 -8.315100426386834442e-02 -8.085586741303814051e-01 -4.911682248954889474e-01 -8.032581649233065946e-01 9.445413936072100114e-01 -3.763471943364038452e-01 -5.534390308853005536e-01 1.504172252266755549e+00 -2.569597574066619927e-01 -6.179583501621550568e-01 2.777693318666365485e-01 -7.967377740667416219e-01 3.964834921547435442e-01 -9.817493082884425348e-01 -2.332599461901168070e-01 8.873159099209715350e-03 -2.177346194417850711e+00 -3.067222257046751110e-01
2.561602730828440144e+00 9.160936979941993741e-01 3.790835075103814233e+00 -2.010204146124578983e-01 1.100743488468253872e+00 5.438881337562975204e-01 -5.872043285785935041e-01 -1.356878055498157210e+00 -1.300554963797367236e+00 -1.233594033726774342e+00 -6.305263658811668392e-01 -7.407849996567961171e-01 -7.404339691333916562e-01 -1.348474995326171211e+00 -1.516282142413388101e+00 -1.846444778512932317e+00 3.647617750706331208e-01 -5.934522366297301232e-01 -8.178417198576255487e-01 5.679060913082594197e-01 7.014464550259731368e-01 3.410382948551955451e-01 3.976715199826230673e-01 1.317449973919337936e-02 1.420487937030486592e+00 3.455943395338749724e-01 -6.852047856079934718e-01 1.103410671252333941e+00 -3.568916504262347189e-01 -2.130640841280637687e-01
2.556136290512540654e-01 2.007782960016015750e-01 -2.010204146124578983e-01 4.951556187996857261e-01 -2.455824376516488883e-01 -4.655625862199030962e-02 -2.796387589364712767e-02 2.595766914737396291e-01 3.734111843398864039e-01 1.630724818401176890e-01 -1.488903724480223900e-01 5.942644621234194346e-02 -6.919903192118681545e-02 3.625787088676588610e-01 2.210872335086833118e-02 4.110724599649984157e-02 -1.803846315124815192e-01 2.475284111852715796e-02 -1.777403471615457420e-01 -1.683563920857977791e-01 -1.152019712618539415e-01 -2.474508661435379508e-01 -4.939770127987230808e-02 -1.295946583979912248e-02 -2.285025370528614985e-01 -5.000810932926924579e-03 -3.585975318378586962e-02 -2.040926563508378422e-01 -2.532125888188829776e-02 -6.810123655156985478e-02
7.536597961757252051e-01 1.222760023644013927e-01 1.100743488468253872e+00 -2.455824376516488883e-01 1.015967852570952346e+00 2.352514283884374890e-01 -2.530588724152948998e-01 -6.104015794330166500e-01 -5.103213852038948062e-01 -5.410690815006660159e-01 -1.436536504514833723e-01 3.803986715070095670e-03 -1.941574925285749487e-02 -1.026673143619348139e+00 -5.471431633014276485e-01 -6.679730927900209281e-01 3.158494914659399910e-01 -2.810655471002974082e-01 -2.450055737061802574e-01 5.203062570411134402e-01 2.348335275174804337e-01 1.215272263168003519e-01 1.653458134464926843e-01 -1.163200961659640598e-01 5.984305312283595413e-01 -1.171134085348057852e-02 -1.543674269213965999e-01 4.984866199572479672e-01 -3.473051885402469452e-01 3.458583056089992169e-02
6.085019484316376293e-01 -8.242909408124887705e-01 5.438881337562975204e-01 -4.655625862199030962e-02 2.352514283884374890e-01 8.831998196918107169e-01 -2.609921422957199866e-01 4.935155625484526354e-01 -3.040865574206463862e-01 -2.406333245585301484e-01 -5.131578196898090027e-02 -7.460405912561896002e-01 -1.966297666810419287e-01 -2.892203725585886787e-01 -4.579725573992163845e-01 -3.790817237724013467e-01 -3.965448606664381259e-01 -2.039206517538900698e-01 -2.139311975599298421e-01 -2.423177601473298637e-01 1.760627194704511567e-01 1.003990960131204702e-01 1.508632439371240253e-01 2.877750819408788630e-01 3.163001000085614578e-01 4.825628131429198220e-01 -1.417868228676866238e-01 3.126237923908661287e-01 4.414984205589576050e-01 -3.711796110468412735e-02
-9.594996241148692206e-01 -3.287799630625727332e-01 -5.872043285785935041e-01 -2.796387589364712767e-02 -2.530588724152948998e-01 -2.609921422957199866e-01 4.061558839541703492e-01 1.608332477173348707e-01 -1.420951508924872542e-02 3.301756384011582668e-01 2.201110953271268045e-01 7.945899028118219576e-02 1.322207828030741439e-01 3.108636523562040566e-01 3.925485206492567158e-01 3.718861283838919007e-01 6.902816039780645951e-02 2.085337735524603886e-01 2.172280875097385433e-01 -2.014231003628879080e-01 -1.826800074451284672e-02 6.132368942286348101e-02 -1.828450342511018789e-01 2.278495270525127125e-02 -3.243587596006136664e-01 -8.030712679027374179e-02 1.131311030333108647e-01 -2.071674855779406244e-01 2.855774012930396566e-01 6.421656675115627877e-02
-1.302381800473767726e+00 -2.136582563277727331e+00 -1.356878055498157210e+00 2.595766914737396291e-01 -6.104015794330166500e-01 4.935155625484526354e-01 1.608332477173348707e-01 2.040421375431492379e+00 3.511187012196614887e-02 8.479933732160702675e-01 1.642136398964453292e-01 -9.028989543101033632e-01 6.411721575830142683e-02 1.135683463934071824e+00 7.001393065885395117e-01 9.638649851752916220e-01 -1.037845136957059822e+00 3.789980230625928925e-01 2.543144074663246101e-01 -1.067184717421810092e+00 -2.012952579846682966e-01 -1.697881170449591082e-01 -1.275061431607582563e-01 5.738704828092977550e-01 -6.791579695247378368e-01 5.426963993004960685e-01 2.936326835840077365e-01 -3.993718017063656589e-01 1.096505453493421101e+00 -1.419548738732601123e-02
1.994845312945017213e-01 8.764171198898793591e-01 -1.300554963797367236e+00 3.734111843398864039e-01 -5.103213852038948062e-01 -3.040865574206463862e-01 -1.420951508924872542e-02 3.511187012196614887e-02 1.269584435323679372e+00 1.574822975667302671e-01 2.421461322788331927e-01 7.868112659988923951e-01 1.903035943117856732e-01 1.511191804303280151e-01 2.095172458122647186e-01 3.685950078243536154e-01 -8.476850161792981453e-02 3.102605240195543956e-02 5.457006041808654118e-03 1.767825367942350567e-01 -4.214336610511963954e-01 -4.804892335121166980e-01 3.371692451042918037e-02 -2.381761679527016895e-01 -3.939437795288540656e-01 -3.501828570582574685e-01 9.591700003818459663e-02 -4.060910041571901274e-01 -5.700215371683725607e-01 -1.286050565350365105e-01
-1.290340313097317448e+00 -6.806907153561496671e-01 -1.233594033726774342e+00 1.630724818401176890e-01 -5.410690815006660159e-01 -2.406333245585301484e-01 3.301756384011582668e-01 8.479933732160702675e-01 1.574822975667302671e-01 8.811075768140881337e-01 -1.538342178633911317e-02 -1.417217915147261920e-01 1.587247677736627338e-01 1.054860824553600196e+00 7.934911023357358317e-01 8.610298012388852840e-01 -3.203463500154271060e-01 4.432317975832233969e-01 2.817328360918622820e-01 -5.184874986703107425e-01 -2.104150202402479408e-01 -1.900528306438786785e-01 -2.230499596906838633e-01 1.734369846482195499e-01 -6.826545872231690737e-01 5.603849269277816347e-04 2.502802854504011520e-01 -5.127952601959009371e-01 3.956117679852582114e-01 8.441830693186602730e-03
-7.312124200570337962e-01 -6.135546417674504482e-01 -6.305263658811668392e-01 -1.488903724480223900e-01 -1.436536504514833723e-01 -5.131578196898090027e-02 2.201110953271268045e-01 1.642136398964453292e-01 2.421461322788331927e-01 -1.538342178633911317e-02 8.678085218820683622e-01 9.772675760359561536e-02 1.933865875089963993e-01 -2.905049423379182372e-01 1.344711596713068502e-01 2.409290003176352002e-01 -1.095850518551060304e-01 7.211337607577661402e-02 2.309589341176661037e-01 -1.474533283595746980e-01 -3.502137983872444238e-02 9.458088294434219279e-02 -1.494101503129741104e-02 2.553374671396113627e-02 -8.254513365756110943e-02 3.288853701542393537e-02 8.985261913267095224e-02 -1.935104056656200555e-03 2.547829037513338335e-01 5.501994006232280299e-02
2.241560530925426065e-01 1.492974511247439295e+00 -7.407849996567961171e-01 5.942644621234194346e-02 3.803986715070095670e-03 -7.460405912561896002e-01 7.945899028118219576e-02 -9.028989543101033632e-01 7.868112659988923951e-01 -1.417217915147261920e-01 9.772675760359561536e-02 1.409933553959206165e+00 2.657515198081910057e-01 -2.803781709213808426e-01 1.906527067022238953e-01 1.251094588945136366e-01 5.346194030773858685e-01 -3.906814277732451046e-02 7.090651847971685129e-02 6.492575125606094844e-01 -3.300451472166514577e-01 -2.605507947804142077e-01 1.324283821418248408e-03 -5.459861394043628025e-01 -1.711928324934319789e-01 -6.618692812307926943e-01 3.063324754521090654e-02 -2.513440654856822221e-01 -9.345602692232546360e-01 -1.610554817671072669e-02
-6.583970688222962053e-01 -8.315100426386834442e-02 -7.404339691333916562e-01 -6.919903192118681545e-02 -1.941574925285749487e-02 -1.966297666810419287e-01 1.322207828030741439e-01 6.411721575830142683e-02 1.903035943117856732e-01 1.587247677736627338e-01 1.933865875089963993e-01 2.657515198081910057e-01 3.827695918118365626e-01 -6.180416793387166763e-02 2.620397547481161382e-01 2.658709490394528530e-01 1.233796956848323134e-01 6.880969506113387979e-02 1.702588103962625610e-01 1.433826328691338858e-01 -7.093922601882240997e-02 -1.015510293331089997e-02 -9.166542034671465444e-02 -5.949037048299032904e-02 -2.056308415639591658e-01 -1.852955628646100195e-01 1.981569731482295538e-01 -1.664622002992928174e-01 -8.293388075520624625e-02 8.243204178620544553e-02
-1.393687519252182483e+00 -8.085586741303814051e-01 -1.348474995326171211e+00 3.625787088676588610e-01 -1.026673143619348139e+00 -2.892203725585886787e-01 3.108636523562040566e-01 1.135683463934071824e+00 1.511191804303280151e-01 1.054860824553600196e+00 -2.905049423379182372e-01 -2.803781709213808426e-01 -6.180416793387166763e-02 1.929200485444937385e+00 9.481916989378760263e-01 1.103004346498607902e+00 -5.569407102504442264e-01 5.469376199874318445e-01 3.853059350702778829e-01 -9.797773275013810235e-01 -2.832488528983958531e-01 -1.240302257154439758e-01 -2.955716818397036150e-01 2.789340914401350346e-01 -9.104103090855346636e-01 1.518421860519083566e-01 2.428960187132247484e-01 -7.266807797225851573e-01 7.412994930053287135e-01 3.324336770918989714e-02
-1.431194898758064937e+00 -4.911682248954889474e-01 -1.516282142413388101e+00 2.210872335086833118e-02 -5.471431633014276485e-01 -4.579725573992163845e-01 3.925485206492567158e-01 7.001393065885395117e-01 2.095172458122647186e-01 7.934911023357358317e-01 1.344711596713068502e-01 1.906527067022238953e-01 2.620397547481161382e-01 9.481916989378760263e-01 1.106565315120406012e+00 1.041804521237395420e+00 -1.686808928388927598e-01 4.445730807098868809e-01 4.177462365962867352e-01 -3.740808994353983508e-01 -3.607759989664600653e-01 -1.890654256036441438e-01 -2.205091526765272647e-01 4.097400358926961417e-02 -7.426124039585602077e-01 -1.791057262204844847e-01 3.335717044949433330e-01 -5.668658422275711928e-01 1.978851161030092953e-01 9.176489194544501515e-03
-1.684652044303447838e+00 -8.032581649233065946e-01 -1.846444778512932317e+00 4.110724599649984157e-02 -6.679730927900209281e-01 -3.790817237724013467e-01 3.718861283838919007e-01 9.638649851752916220e-01 3.685950078243536154e-01 8.610298012388852840e-01 2.409290003176352002e-01 1.251094588945136366e-01 2.658709490394528530e-01 1.103004346498607902e+00 1.041804521237395420e+00 1.263353806997798756e+00 -3.801934351572526793e-01 5.266601192669781994e-01 5.355900418531689411e-01 -5.380610856541920839e-01 -3.824115072231109025e-01 -2.229578418325388611e-01 -1.773191910226330492e-01 1.507240296095346821e-01 -8.117213845184778620e-01 -7.225289773134591087e-02 3.945907942519966127e-01 -6.195062470338257299e-01 3.312587884136064531e-01 4.532262732368508296e-04
2.184901578122548926e-01 9.445413936072100114e-01 3.647617750706331208e-01 -1.803846315124815192e-01 3.158494914659399910e-01 -3.965448606664381259e-01 6.902816039780645951e-02 -1.037845136957059822e+00 -8.476850161792981453e-02 -3.203463500154271060e-01 -1.095850518551060304e-01 5.346194030773858685e-01 1.233796956848323134e-01 -5.569407102504442264e-01 -1.686808928388927598e-01 -3.801934351572526793e-01 8.357060897025689883e-01 -1.741339657191929291e-01 -2.719875177265862476e-02 5.072510081535597237e-01 1.261487788377166908e-01 2.344721750589258136e-01 -1.438642807870564866e-01 -3.575989476532299705e-01 1.671548425594551190e-01 -3.666405958542213739e-01 -5.924943312408004203e-02 9.559828592273333925e-02 -3.884728814159643662e-01 2.154467189646425140e-01
-7.802474831765948693e-01 -3.763471943364038452e-01 -5.934522366297301232e-01 2.475284111852715796e-02 -2.810655471002974082e-01 -2.039206517538900698e-01 2.085337735524603886e-01 3.789980230625928925e-01 3.102605240195543956e-02 4.432317975832233969e-01 7.211337607577661402e-02 -3.906814277732451046e-02 6.880969506113387979e-02 5.469376199874318445e-01 4.445730807098868809e-01 5.266601192669781994e-01 -1.741339657191929291e-01 3.377161715125112096e-01 2.136405088054686985e-01 -2.970496788249761266e-01 -1.162227254554863975e-01 -1.020561677196383243e-01 -7.646751896859882436e-02 8.616387992930185646e-02 -3.350646167268394038e-01 6.888230930314875877e-03 1.028998765598316822e-01 -2.682610027899272609e-01 2.001263578666794274e-01 -4.971534700371194049e-02
-1.186556189582745446e+00 -5.534390308853005536e-01 -8.178417198576255487e-01 -1.777403471615457420e-01 -2.450055737061802574e-01 -2.139311975599298421e-01 2.172280875097385433e-01 2.543144074663246101e-01 5.457006041808654118e-03 2.817328360918622820e-01 2.309589341176661037e-01 7.090651847971685129e-02 1.702588103962625610e-01 3.853059350702778829e-01 4.177462365962867352e-01 5.355900418531689411e-01 -2.719875177265862476e-02 2.136405088054686985e-01 4.584084714313689801e-01 -1.981412553900270268e-01 -4.108157889152153075e-02 1.969964246332835955e-01 -1.353671262727118574e-01 5.491788084117388280e-02 -2.894913326034043166e-01 -2.911948761925486906e-02 2.017197556521637125e-01 -2.064272410933369883e-01 3.176919931922554952e-01 1.084664098587495573e-01
9.178560569583851247e-01 1.504172252266755549e+00 5.679060913082594197e-01 -1.683563920857977791e-01 5.203062570411134402e-01 -2.423177601473298637e-01 -2.014231003628879080e-01 -1.067184717421810092e+00 1.767825367942350567e-01 -5.184874986703107425e-01 -1.474533283595746980e-01 6.492575125606094844e-01 1.433826328691338858e-01 -9.797773275013810235e-01 -3.740808994353983508e-01 -5.380610856541920839e-01 5.072510081535597237e-01 -2.970496788249761266e-01 -1.981412553900270268e-01 1.083169929021153166e+00 2.782443600375472670e-02 -1.319740666179143318e-01 1.510669726623632414e-01 -3.694623625972326408e-01 4.346252601359310574e-01 -5.000098592929020924e-01 -5.385081461798790770e-02 2.605786574598027983e-01 -1.071541597926511713e+00 -8.500870437421781389e-02
-3.178613343322922447e-02 -2.569597574066619927e-01 7.014464550259731368e-01 -1.152019712618539415e-01 2.348335275174804337e-01 1.760627194704511567e-01 -1.826800074451284672e-02 -2.012952579846682966e-01 -4.214336610511963954e-01 -2.104150202402479408e-01 -3.502137983872444238e-02 -3.300451472166514577e-01 -7.093922601882240997e-02 -2.832488528983958531e-01 -3.607759989664600653e-01 -3.824115072231109025e-01 1.261487788377166908e-01 -1.162227254554863975e-01 -4.108157889152153075e-02 2.782443600375472670e-02 3.268442420433075313e-01 3.338044269032423017e-01 -3.713797617371028537e-02 7.435785194547861465e-02 2.843123980412087803e-01 1.618862529863918098e-01 -1.284087467805079541e-01 2.519876141261079283e-01 2.629703204349880252e-01 7.817424337883949192e-02
-5.874647009693489963e-01 -6.179583501621550568e-01 3.410382948551955451e-01 -2.474508661435379508e-01 1.215272263168003519e-01 1.003990960131204702e-01 6.132368942286348101e-02 -1.697881170449591082e-01 -4.804892335121166980e-01 -1.900528306438786785e-01 9.458088294434219279e-02 -2.605507947804142077e-01 -1.015510293331089997e-02 -1.240302257154439758e-01 -1.890654256036441438e-01 -2.229578418325388611e-01 2.344721750589258136e-01 -1.020561677196383243e-01 1.969964246332835955e-01 -1.319740666179143318e-01 3.338044269032423017e-01 6.555407018308301303e-01 -1.693996435325288985e-01 4.237331209247940933e-02 1.665143652740823654e-01 1.789621233048137583e-01 -4.719143567820083263e-02 1.777062392175707828e-01 5.836083684968400576e-01 2.617384297924445491e-01
5.507100741031081270e-01 2.777693318666365485e-01 3.976715199826230673e-01 -4.939770127987230808e-02 1.653458134464926843e-01 1.508632439371240253e-01 -1.828450342511018789e-01 -1.275061431607582563e-01 3.371692451042918037e-02 -2.230499596906838633e-01 -1.494101503129741104e-02 1.324283821418248408e-03 -9.166542034671465444e-02 -2.955716818397036150e-01 -2.205091526765272647e-01 -1.773191910226330492e-01 -1.438642807870564866e-01 -7.646751896859882436e-02 -1.353671262727118574e-01 1.510669726623632414e-01 -3.713797617371028537e-02 -1.693996435325288985e-01 3.133898022326206956e-01 2.856219554610106570e-02 2.901319450282358048e-01 3.247090379971950824e-02 -5.931119617440572256e-02 1.882017638737352172e-01 -3.581591719246830507e-01 -2.187117486416241263e-01
-3.811686862921419561e-01 -7.967377740667416219e-01 1.317449973919337936e-02 -1.295946583979912248e-02 -1.163200961659640598e-01 2.877750819408788630e-01 2.278495270525127125e-02 5.738704828092977550e-01 -2.381761679527016895e-01 1.734369846482195499e-01 2.553374671396113627e-02 -5.459861394043628025e-01 -5.949037048299032904e-02 2.789340914401350346e-01 4.097400358926961417e-02 1.507240296095346821e-01 -3.575989476532299705e-01 8.616387992930185646e-02 5.491788084117388280e-02 -3.694623625972326408e-01 7.435785194547861465e-02 4.237331209247940933e-02 2.856219554610106570e-02 3.174629980173904187e-01 -2.065199133164696832e-02 2.964715398437647309e-01 2.276377808277629811e-02 3.003308105178348342e-02 4.367473687326537402e-01 -5.850904805191703417e-02
9.786821968927483795e-01 3.964834921547435442e-01 1.420487937030486592e+00 -2.285025370528614985e-01 5.984305312283595413e-01 3.163001000085614578e-01 -3.243587596006136664e-01 -6.791579695247378368e-01 -3.939437795288540656e-01 -6.826545872231690737e-01 -8.254513365756110943e-02 -1.711928324934319789e-01 -2.056308415639591658e-01 -9.104103090855346636e-01 -7.426124039585602077e-01 -8.117213845184778620e-01 1.671548425594551190e-01 -3.350646167268394038e-01 -2.894913326034043166e-01 4.346252601359310574e-01 2.843123980412087803e-01 1.665143652740823654e-01 2.901319450282358048e-01 -2.065199133164696832e-02 7.948826266383548500e-01 1.097824637869848630e-01 -2.822282401110101091e-01 6.022800731462893964e-01 -3.244945192533918998e-01 -7.540635947106011372e-02
-5.908154863010395275e-02 -9.817493082884425348e-01 3.455943395338749724e-01 -5.000810932926924579e-03 -1.171134085348057852e-02 4.825628131429198220e-01 -8.030712679027374179e-02 5.426963993004960685e-01 -3.501828570582574685e-01 5.603849269277816347e-04 3.288853701542393537e-02 -6.618692812307926943e-01 -1.852955628646100195e-01 1.518421860519083566e-01 -1.791057262204844847e-01 -7.225289773134591087e-02 -3.666405958542213739e-01 6.888230930314875877e-03 -2.911948761925486906e-02 -5.000098592929020924e-01 1.618862529863918098e-01 1.789621233048137583e-01 3.247090379971950824e-02 2.964715398437647309e-01 1.097824637869848630e-01 4.989865849659054220e-01 -9.823628605926160162e-02 1.417524689699689588e-01 6.012270022327470542e-01 -4.009325938056917948e-03
-6.093166178196725014e-01 -2.332599461901168070e-01 -6.852047856079934718e-01 -3.585975318378586962e-02 -1.543674269213965999e-01 -1.417868228676866238e-01 1.131311030333108647e-01 2.936326835840077365e-01 9.591700003818459663e-02 2.502802854504011520e-01 8.985261913267095224e-02 3.063324754521090654e-02 1.981569731482295538e-01 2.428960187132247484e-01 3.335717044949433330e-01 3.945907942519966127e-01 -5.924943312408004203e-02 1.028998765598316822e-01 2.017197556521637125e-01 -5.385081461798790770e-02 -1.284087467805079541e-01 -4.719143567820083263e-02 -5.931119617440572256e-02 2.276377808277629811e-02 -2.822282401110101091e-01 -9.823628605926160162e-02 3.230694961371796126e-01 -1.832824922078657437e-01 3.189354565154189913e-02 4.654557737126197026e-02
5.939195201549978265e-01 8.873159099209715350e-03 1.103410671252333941e+00 -2.040926563508378422e-01 4.984866199572479672e-01 3.126237923908661287e-01 -2.071674855779406244e-01 -3.993718017063656589e-01 -4.060910041571901274e-01 -5.127952601959009371e-01 -1.935104056656200555e-03 -2.513440654856822221e-01 -1.664622002992928174e-01 -7.266807797225851573e-01 -5.668658422275711928e-01 -6.195062470338257299e-01 9.559828592273333925e-02 -2.682610027899272609e-01 -2.064272410933369883e-01 2.605786574598027983e-01 2.519876141261079283e-01 1.777062392175707828e-01 1.882017638737352172e-01 3.003308105178348342e-02 6.022800731462893964e-01 1.417524689699689588e-01 -1.832824922078657437e-01 5.425451227559960898e-01 -6.550221608006268070e-02 -2.220992196151883036e-02
-1.415495245703311866e+00 -2.177346194417850711e+00 -3.568916504262347189e-01 -2.532125888188829776e-02 -3.473051885402469452e-01 4.414984205589576050e-01 2.855774012930396566e-01 1.096505453493421101e+00 -5.700215371683725607e-01 3.956117679852582114e-01 2.547829037513338335e-01 -9.345602692232546360e-01 -8.293388075520624625e-02 7.412994930053287135e-01 1.978851161030092953e-01 3.312587884136064531e-01 -3.884728814159643662e-01 2.001263578666794274e-01 3.176919931922554952e-01 -1.071541597926511713e+00 2.629703204349880252e-01 5.836083684968400576e-01 -3.581591719246830507e-01 4.367473687326537402e-01 -3.244945192533918998e-01 6.012270022327470542e-01 3.189354565154189913e-02 -6.550221608006268070e-02 1.649009922444463427e+00 2.903519609012619185e-01
-3.600306017416414761e-01 -3.067222257046751110e-01 -2.130640841280637687e-01 -6.810123655156985478e-02 3.458583056089992169e-02 -3.711796110468412735e-02 6.421656675115627877e-02 -1.419548738732601123e-02 -1.286050565350365105e-01 8.441830693186602730e-03 5.501994006232280299e-02 -1.610554817671072669e-02 8.243204178620544553e-02 3.324336770918989714e-02 9.176489194544501515e-03 4.532262732368508296e-04 2.154467189646425140e-01 -4.971534700371194049e-02 1.084664098587495573e-01 -8.500870437421781389e-02 7.817424337883949192e-02 2.617384297924445491e-01 -2.187117486416241263e-01 -5.850904805191703417e-02 -7.540635947106011372e-02 -4.009325938056917948e-03 4.654557737126197026e-02 -2.220992196151883036e-02 2.903519609012619185e-01 3.692205057290607328e-01
