4.366338418524378540e+00 2.421683027354902151e+00 2.638042818458245620e+00 2.177772426310866649e-01 6.772081973321633086e-01 5.752215250581684813e-01 -8.346256274849110923e-01 -1.468433355665183626e+00 1.696464696739781175e-01 -1.206706222639013504e+00 -7.996558729877847327e-01 3.539700304850725843e-01 -5.917599894415275230e-01 -1.299326557156291528e+00 -1.389967799328928777e+00 -1.684833432064920089e+00 4.378790140495993910e-01 -7.717088371301201732e-01 -1.236454470831858998e+00 1.153359306005540930e+00 -2.417309781901622046e-02 -6.448269463418796477e-01 6.093835503619402516e-01 -4.441173899631962740e-01 9.939802967882087614e-01 -1.553438053901459170e-01 -6.135992240524501540e-01 6.211109979595903496e-01 -1.576753673427560898e+00 -4.933141169627788258e-01
2.421683027354902151e+00 3.327891305237642428e+00 1.075582145908242637e+00 2.352944885838041955e-01 -3.731374096901163284e-03 -5.942148713336337096e-01 -2.983133070677013166e-01 -1.991458023818495349e+00 7.492183468559119319e-01 -6.499366968207596074e-01 -6.350484193067131855e-01 1.198083122936964173e+00 -7.580761686278947309e-02 -7.554934256568230921e-01 -6.240658154498532895e-01 -8.354829486376615932e-01 7.980975855834344657e-01 -4.098542138779066590e-01 -6.034502543194548707e-01 1.399682485148787237e+00 -2.244860088261475539e-01 -6.303863112370322597e-01 3.714969385212611996e-01 -6.601456514561050426e-01 4.095784481495456930e-01 -6.472590333819425723e-01 -2.644159018896630187e-01 2.682129957901224770e-02 -1.864177823648276444e+00 -2.457009133165115600e-01
2.638042818458245620e+00 1.075582145908242637e+00 4.062872781687644874e+00 -2.194668851211645233e-01 1.167617815644177881e+00 5.645736176321634048e-01 -5.627983823785598361e-01 -1.513549027580779693e+00 -1.347988485979954021e+00 -1.266694965920237337e+00 -7.004134007177640342e-01 -6.214286798757484576e-01 -7.721392224110559255e-01 -1.274263274387180900e+00 -1.563181161436489219e+00 -2.036930388735811448e+00 7.127509331749024568e-01 -6.526504669503196965e-01 -9.659558920432402829e-01 8.383025057654549528e-01 7.665427015692785062e-01 3.448540369127499616e-01 3.746513159587152586e-01 -1.082139651770148703e-01 1.576275822381205671e+00 6.737024046515216469e-02 -6.884060165482424054e-01 1.264813687098865103e+00 -7.480490143766473921e-01 -4.121193900257935638e-01
2.177772426310866649e-01 2.352944885838041955e-01 -2.194668851211645233e-01 4.834551319772799616e-01 -2.387069096922118661e-01 -1.012247925029328144e-01 -1.058278654693367571e-02 2.261965670935524031e-01 3.774090977580044637e-01 1.873520114885991461e-01 -1.654609711947045980e-01 9.944839420631979010e-02 -5.561428391320077935e-02 3.592379986137075321e-01 9.084879231164677549e-02 7.097415551766061981e-02 -1.766284256457311130e-01 2.401993755415787746e-02 -1.672650135236608548e-01 -1.323504210413375404e-01 -1.414381263465429583e-01 -2.580282768280426353e-01 -4.316384794827854421e-02 -2.327196220289806661e-02 -2.456467548194609662e-01 -2.536092410917945017e-02 -3.204921608039512648e-02 -2.224211639606323843e-01 -3.905729701943982946e-02 -7.427524615343372716e-02
6.772081973321633086e-01 -3.731374096901163284e-03 1.167617815644177881e+00 -2.387069096922118661e-01 1.013952898421678128e+00 3.126828907439289651e-01 -2.350909154819760261e-01 -5.367894734355900255e-01 -5.751763689488598175e-01 -5.191312881337921681e-01 -1.588036354464179567e-01 -6.483283499966319141e-02 -2.715706203241552430e-02 -9.642525868389952848e-01 -5.763486329555576049e-01 -7.164798346044563004e-01 3.597792143858669078e-01 -2.955810432048338043e-01 -2.974954853060864934e-01 5.257544027655853824e-01 2.809840390515319086e-01 1.470281143705278737e-01 1.482092092993525512e-01 -9.342192189859588325e-02 6.440881783626650758e-01 -3.122790969825928187e-02 -1.476677613708829995e-01 5.657367527697374499e-01 -3.528913406390188356e-01 -8.255356172242045432e-03
5.752215250581684813e-01 -5.942148713336337096e-01 5.645736176321634048e-01 -1.012247925029328144e-01 3.126828907439289651e-01 7.799389022943614691e-01 -2.343978426995363407e-01 3.631281256101601684e-01 -2.983786299832900113e-01 -2.381094370801406512e-01 -6.830932355700269909e-02 -5.615754306527946937e-01 -1.787776645574012946e-01 -3.175465367338574652e-01 -3.910157373246079260e-01 -3.959366037354357104e-01 -2.232222365730081037e-01 -1.885324653611064605e-01 -2.281228968802793133e-01 -7.003063196373204846e-02 1.813047126648257290e-01 8.931604695351325063e-02 1.379874526798516854e-01 1.933267925473387550e-01 3.558331326467509825e-01 2.646896994868370712e-01 -1.355401131285702832e-01 3.561982314282090556e-01 1.948350374085521253e-01 -1.441006350657403345e-01
-8.346256274849110923e-01 -2.983133070677013166e-01 -5.627983823785598361e-01 -1.058278654693367571e-02 -2.350909154819760261e-01 -2.343978426995363407e-01 3.573511938186015868e-01 1.723903881119781545e-01 -1.546792889371317870e-03 2.801977259067029991e-01 2.249970342393794454e-01 4.815085113534678385e-02 1.059531046410597810e-01 2.639495488909346932e-01 3.473513095161138153e-01 3.395368639544358302e-01 1.507075215022268821e-02 1.824952701965685264e-01 2.138658680198091133e-01 -2.486955262274364031e-01 -2.550799699201888870e-02 7.187898416526650180e-02 -1.845857728867486003e-01 3.531484142752105981e-02 -3.132667768155101840e-01 -3.294985594811805640e-02 1.017328727319295467e-01 -2.103085547209389006e-01 3.232280373344451618e-01 1.092057480869925712e-01
-1.468433355665183626e+00 -1.991458023818495349e+00 -1.513549027580779693e+00 2.261965670935524031e-01 -5.367894734355900255e-01 3.631281256101601684e-01 1.723903881119781545e-01 2.070887956664705598e+00 7.646455126104001465e-02 8.864077235942318111e-01 2.174847983109202687e-01 -8.256050260106917449e-01 7.909917274247391106e-02 1.118172296584816650e+00 8.583133074636180027e-01 1.047114359065119515e+00 -1.025389406724627861e+00 4.178125947335047385e-01 3.203098418622118970e-01 -1.069398231395382481e+00 -2.082721091075541153e-01 -1.370699554165071277e-01 -2.045002951782635137e-01 5.540162314086387596e-01 -7.133515310148936805e-01 3.837553638348936147e-01 3.285749541764175774e-01 -4.126635377627394519e-01 1.037234666181063858e+00 -5.088399879099370082e-02
1.696464696739781175e-01 7.492183468559119319e-01 -1.347988485979954021e+00 3.774090977580044637e-01 -5.751763689488598175e-01 -2.983786299832900113e-01 -1.546792889371317870e-03 7.646455126104001465e-02 1.269174159749468345e+00 1.970840226467771572e-01 2.459884591132777132e-01 7.225474431182874469e-01 2.121188679648184916e-01 1.386870132644730802e-01 2.347366663045136193e-01 4.625687641453737342e-01 -2.397597116196834577e-01 6.219026761147006255e-02 5.748731377497051653e-02 9.452868401393743625e-02 -4.691066047907384018e-01 -5.227590091998308708e-01 9.000751457955402657e-02 -1.839802225669018299e-01 -4.670977705516747847e-01 -1.827434446332176776e-01 8.022543498640288817e-02 -4.849113739242625343e-01 -3.972146530640543460e-01 -6.942038589164667428e-02
-1.206706222639013504e+00 -6.499366968207596074e-01 -1.266694965920237337e+00 1.873520114885991461e-01 -5.191312881337921681e-01 -2.381094370801406512e-01 2.801977259067029991e-01 8.864077235942318111e-01 1.970840226467771572e-01 8.466729603792373382e-01 5.117508914054269553e-03 -1.870973714976571500e-01 1.354598145017575916e-01 1.011270848637309427e+00 7.806719181072026004e-01 8.565137069267620973e-01 -4.075254511180332884e-01 4.227341739817802591e-01 2.916755309899485837e-01 -5.937775075036597627e-01 -2.192702452335879570e-01 -1.765734793693241045e-01 -2.432403047267825968e-01 1.998582034864284651e-01 -6.891367183447414391e-01 4.467026919525096673e-02 2.491565956108843238e-01 -5.254552175476874254e-01 4.661447803978830962e-01 6.166705148922346780e-02
-7.996558729877847327e-01 -6.350484193067131855e-01 -7.004134007177640342e-01 -1.654609711947045980e-01 -1.588036354464179567e-01 -6.830932355700269909e-02 2.249970342393794454e-01 2.174847983109202687e-01 2.459884591132777132e-01 5.117508914054269553e-03 9.177800995366851566e-01 7.928779114558892616e-02 1.987037599772065732e-01 -2.788230230211752314e-01 1.604702203379702041e-01 3.153454820014758297e-01 -1.707303441198178007e-01 1.244739121992211039e-01 2.958382110961110811e-01 -2.329256894857394400e-01 -4.600937183903397454e-02 9.657465922737173969e-02 -2.874576126458805447e-02 4.272637020471847791e-02 -1.289132132147301490e-01 5.992929088313303509e-02 9.360242359286985447e-02 -4.254679396831306804e-02 3.098830856339986894e-01 6.818290293938389368e-02
3.539700304850725843e-01 1.198083122936964173e+00 -6.214286798757484576e-01 9.944839420631979010e-02 -6.483283499966319141e-02 -5.615754306527946937e-01 4.815085113534678385e-02 -8.256050260106917449e-01 7.225474431182874469e-01 -1.870973714976571500e-01 7.928779114558892616e-02 1.179804956616521849e+00 2.511271159823422749e-01 -3.444092001279273063e-01 2.188201578007920034e-02 7.831705553209644677e-02 3.362804794178941847e-01 -8.359003401716336157e-02 4.859730516457716476e-02 5.138523005842898783e-01 -3.179156929626287820e-01 -2.642036835670467099e-01 8.769741577077638794e-02 -4.302147691486766234e-01 -1.639155110347587652e-01 -3.390689296892901439e-01 -1.491922711488768982e-02 -2.643937725384262194e-01 -6.412845619928475571e-01 1.054090746193878658e-01
-5.917599894415275230e-01 -7.580761686278947309e-02 -7.721392224110559255e-01 -5.561428391320077935e-02 -2.715706203241552430e-02 -1.787776645574012946e-01 1.059531046410597810e-01 7.909917274247391106e-02 2.121188679648184916e-01 1.354598145017575916e-01 1.987037599772065732e-01 2.511271159823422749e-01 3.888441345940236715e-01 -1.097914404892321727e-01 2.398422851492227892e-01 2.683278976327301280e-01 5.502526911112681773e-02 5.467586148665759538e-02 1.728842812880770907e-01 1.095714957373274956e-01 -8.871468361502365951e-02 -1.836231568515245272e-02 -7.602827775082232620e-02 -4.225314877282926318e-02 -2.186371158406927862e-01 -1.255847142690527107e-01 1.943474336756594312e-01 -1.870956557005456489e-01 -2.803075988390446582e-02 1.297732249856835551e-01
-1.299326557156291528e+00 -7.554934256568230921e-01 -1.274263274387180900e+00 3.592379986137075321e-01 -9.642525868389952848e-01 -3.175465367338574652e-01 2.639495488909346932e-01 1.118172296584816650e+00 1.386870132644730802e-01 1.011270848637309427e+00 -2.788230230211752314e-01 -3.444092001279273063e-01 -1.097914404892321727e-01 1.847360420858080943e+00 9.338017389547985658e-01 1.074952447462635519e+00 -6.347882612259923008e-01 5.406799384202827241e-01 3.999541498751852941e-01 -1.025499104211121448e+00 -2.684408335305761284e-01 -1.034043596131937193e-01 -2.958479292584001996e-01 3.064063486387453850e-01 -8.815158310929405161e-01 1.932110504704382947e-01 2.223622276414971566e-01 -7.153262616054689715e-01 7.959611769474008725e-01 6.272281771873622347e-02
-1.389967799328928777e+00 -6.240658154498532895e-01 -1.563181161436489219e+00 9.084879231164677549e-02 -5.763486329555576049e-01 -3.910157373246079260e-01 3.473513095161138153e-01 8.583133074636180027e-01 2.347366663045136193e-01 7.806719181072026004e-01 1.604702203379702041e-01 2.188201578007920034e-02 2.398422851492227892e-01 9.338017389547985658e-01 1.053727635123777873e+00 1.048395769952634282e+00 -3.533680861091283987e-01 4.275043074587472347e-01 4.234492130548233035e-01 -5.474357083831478121e-01 -3.493933806143445508e-01 -1.708325003545780874e-01 -2.396038058680005634e-01 1.394022209830723114e-01 -7.727435433429832301e-01 -2.580574960535386708e-02 3.313431602553578159e-01 -5.970150373992169079e-01 4.140429313038112014e-01 9.499434436725096020e-02
-1.684833432064920089e+00 -8.354829486376615932e-01 -2.036930388735811448e+00 7.097415551766061981e-02 -7.164798346044563004e-01 -3.959366037354357104e-01 3.395368639544358302e-01 1.047114359065119515e+00 4.625687641453737342e-01 8.565137069267620973e-01 3.153454820014758297e-01 7.831705553209644677e-02 2.683278976327301280e-01 1.074952447462635519e+00 1.048395769952634282e+00 1.353116753364730585e+00 -5.420907495704909707e-01 5.497600503673254480e-01 6.160116258042478421e-01 -6.956358064393839413e-01 -4.209193544195670711e-01 -2.206952184101851344e-01 -1.968312733064578879e-01 1.946600307951484865e-01 -8.956739393239558922e-01 4.199150274786234149e-02 4.063320709557274313e-01 -7.032785239753138740e-01 5.071173750901039057e-01 1.137525799127843129e-01
4.378790140495993910e-01 7.980975855834344657e-01 7.127509331749024568e-01 -1.766284256457311130e-01 3.597792143858669078e-01 -2.232222365730081037e-01 1.507075215022268821e-02 -1.025389406724627861e+00 -2.397597116196834577e-01 -4.075254511180332884e-01 -1.707303441198178007e-01 3.362804794178941847e-01 5.502526911112681773e-02 -6.347882612259923008e-01 -3.533680861091283987e-01 -5.420907495704909707e-01 7.705520324345798144e-01 -2.292601213910074875e-01 -1.225947997270395717e-01 4.966330698323986326e-01 1.957049903834331417e-01 2.469299012067835974e-01 -6.799204909202671843e-02 -2.816918463898332448e-01 2.957652063115006058e-01 -2.151017678350513052e-01 -1.200171144226374054e-01 1.981693339930643560e-01 -3.110600143293140718e-01 2.025821141547226034e-01
-7.717088371301201732e-01 -4.098542138779066590e-01 -6.526504669503196965e-01 2.401993755415787746e-02 -2.955810432048338043e-01 -1.885324653611064605e-01 1.824952701965685264e-01 4.178125947335047385e-01 6.219026761147006255e-02 4.227341739817802591e-01 1.244739121992211039e-01 -8.359003401716336157e-02 5.467586148665759538e-02 5.406799384202827241e-01 4.275043074587472347e-01 5.497600503673254480e-01 -2.292601213910074875e-01 3.484410801367232580e-01 2.553616743531392785e-01 -3.824155433499072387e-01 -1.179051685403464944e-01 -8.117867074685136686e-02 -9.635307370399459614e-02 1.013259016723395689e-01 -3.531035027551467920e-01 5.188113257469240125e-02 1.061283438699547332e-01 -2.830560735424114682e-01 2.786163661324394525e-01 -2.911553375611219963e-03
-1.236454470831858998e+00 -6.034502543194548707e-01 -9.659558920432402829e-01 -1.672650135236608548e-01 -2.974954853060864934e-01 -2.281228968802793133e-01 2.138658680198091133e-01 3.203098418622118970e-01 5.748731377497051653e-02 2.916755309899485837e-01 2.958382110961110811e-01 4.859730516457716476e-02 1.728842812880770907e-01 3.999541498751852941e-01 4.234492130548233035e-01 6.160116258042478421e-01 -1.225947997270395717e-01 2.553616743531392785e-01 5.319325569793704744e-01 -3.209200147386184199e-01 -6.028829110096012300e-02 2.033553143805590935e-01 -1.492032993585041822e-01 7.865630579877347373e-02 -3.565174799796295702e-01 4.145273522894399321e-02 2.121491993621589245e-01 -2.694882721036719886e-01 4.361091122053721847e-01 1.786657918971172876e-01
1.153359306005540930e+00 1.399682485148787237e+00 8.383025057654549528e-01 -1.323504210413375404e-01 5.257544027655853824e-01 -7.003063196373204846e-02 -2.486955262274364031e-01 -1.069398231395382481e+00 9.452868401393743625e-02 -5.937775075036597627e-01 -2.329256894857394400e-01 5.138523005842898783e-01 1.095714957373274956e-01 -1.025499104211121448e+00 -5.474357083831478121e-01 -6.956358064393839413e-01 4.966330698323986326e-01 -3.824155433499072387e-01 -3.209200147386184199e-01 1.115108511157643534e+00 7.289477742352801215e-02 -1.403128679914402710e-01 2.111786966666500120e-01 -3.314732994547853195e-01 5.308790585303313492e-01 -3.795349026444228002e-01 -9.867308731168122904e-02 3.378826256511615611e-01 -1.040999166551330291e+00 -8.954958676270052820e-02
-2.417309781901622046e-02 -2.244860088261475539e-01 7.665427015692785062e-01 -1.414381263465429583e-01 2.809840390515319086e-01 1.813047126648257290e-01 -2.550799699201888870e-02 -2.082721091075541153e-01 -4.691066047907384018e-01 -2.192702452335879570e-01 -4.600937183903397454e-02 -3.179156929626287820e-01 -8.871468361502365951e-02 -2.684408335305761284e-01 -3.493933806143445508e-01 -4.209193544195670711e-01 1.957049903834331417e-01 -1.179051685403464944e-01 -6.028829110096012300e-02 7.289477742352801215e-02 3.472953351524097343e-01 3.549508254179727373e-01 -5.478772157493949635e-02 4.998835622501474063e-02 3.277363497347778321e-01 8.068479517896776088e-02 -1.237225488088142811e-01 2.976246319016695452e-01 1.717266923349711760e-01 3.291212560287704036e-02
-6.448269463418796477e-01 -6.303863112370322597e-01 3.448540369127499616e-01 -2.580282768280426353e-01 1.470281143705278737e-01 8.931604695351325063e-02 7.187898416526650180e-02 -1.370699554165071277e-01 -5.227590091998308708e-01 -1.765734793693241045e-01 9.657465922737173969e-02 -2.642036835670467099e-01 -1.836231568515245272e-02 -1.034043596131937193e-01 -1.708325003545780874e-01 -2.206952184101851344e-01 2.469299012067835974e-01 -8.117867074685136686e-02 2.033553143805590935e-01 -1.403128679914402710e-01 3.549508254179727373e-01 6.761177034912009276e-01 -1.821791938097305774e-01 4.640227321840484365e-02 1.765942832848566013e-01 1.384152903150379643e-01 -3.830932958766197771e-02 1.905401954397234476e-01 5.644044729556867424e-01 2.417599141476785007e-01
6.093835503619402516e-01 3.714969385212611996e-01 3.746513159587152586e-01 -4.316384794827854421e-02 1.482092092993525512e-01 1.379874526798516854e-01 -1.845857728867486003e-01 -2.045002951782635137e-01 9.000751457955402657e-02 -2.432403047267825968e-01 -2.874576126458805447e-02 8.769741577077638794e-02 -7.602827775082232620e-02 -2.958479292584001996e-01 -2.396038058680005634e-01 -1.968312733064578879e-01 -6.799204909202671843e-02 -9.635307370399459614e-02 -1.492032993585041822e-01 2.111786966666500120e-01 -5.478772157493949635e-02 -1.821791938097305774e-01 3.105011773702699429e-01 -2.462867229405674152e-02 2.847532648722221893e-01 -1.099724116380684791e-02 -5.679530469041083052e-02 1.810953832490440618e-01 -4.333031030328129418e-01 -2.181749489784010620e-01
-4.441173899631962740e-01 -6.601456514561050426e-01 -1.082139651770148703e-01 -2.327196220289806661e-02 -9.342192189859588325e-02 1.933267925473387550e-01 3.531484142752105981e-02 5.540162314086387596e-01 -1.839802225669018299e-01 1.998582034864284651e-01 4.272637020471847791e-02 -4.302147691486766234e-01 -4.225314877282926318e-02 3.064063486387453850e-01 1.394022209830723114e-01 1.946600307951484865e-01 -2.816918463898332448e-01 1.013259016723395689e-01 7.865630579877347373e-02 -3.314732994547853195e-01 4.998835622501474063e-02 4.640227321840484365e-02 -2.462867229405674152e-02 2.628680370420966028e-01 -5.329308378782116051e-02 1.620853283873202599e-01 5.391916054185230678e-02 8.044354056210067938e-03 3.261270886184775009e-01 -7.842126331388499239e-02
9.939802967882087614e-01 4.095784481495456930e-01 1.576275822381205671e+00 -2.456467548194609662e-01 6.440881783626650758e-01 3.558331326467509825e-01 -3.132667768155101840e-01 -7.133515310148936805e-01 -4.670977705516747847e-01 -6.891367183447414391e-01 -1.289132132147301490e-01 -1.639155110347587652e-01 -2.186371158406927862e-01 -8.815158310929405161e-01 -7.727435433429832301e-01 -8.956739393239558922e-01 2.957652063115006058e-01 -3.531035027551467920e-01 -3.565174799796295702e-01 5.308790585303313492e-01 3.277363497347778321e-01 1.765942832848566013e-01 2.847532648722221893e-01 -5.329308378782116051e-02 8.674107713816567866e-01 1.794642512072641694e-02 -2.888430246655957490e-01 6.808933224075417456e-01 -4.592304081719476017e-01 -1.608479037113852428e-01
-1.553438053901459170e-01 -6.472590333819425723e-01 6.737024046515216469e-02 -2.536092410917945017e-02 -3.122790969825928187e-02 2.646896994868370712e-01 -3.294985594811805640e-02 3.837553638348936147e-01 -1.827434446332176776e-01 4.467026919525096673e-02 5.992929088313303509e-02 -3.390689296892901439e-01 -1.255847142690527107e-01 1.932110504704382947e-01 -2.580574960535386708e-02 4.199150274786234149e-02 -2.151017678350513052e-01 5.188113257469240125e-02 4.145273522894399321e-02 -3.795349026444228002e-01 8.068479517896776088e-02 1.384152903150379643e-01 -1.099724116380684791e-02 1.620853283873202599e-01 1.794642512072641694e-02 2.714044844986460703e-01 -5.347764783363118113e-02 5.476310552575114343e-02 3.758205621858223822e-01 -2.561554941405574937e-02
-6.135992240524501540e-01 -2.644159018896630187e-01 -6.884060165482424054e-01 -3.204921608039512648e-02 -1.476677613708829995e-01 -1.355401131285702832e-01 1.017328727319295467e-01 3.285749541764175774e-01 8.022543498640288817e-02 2.491565956108843238e-01 9.360242359286985447e-02 -1.491922711488768982e-02 1.943474336756594312e-01 2.223622276414971566e-01 3.313431602553578159e-01 4.063320709557274313e-01 -1.200171144226374054e-01 1.061283438699547332e-01 2.121491993621589245e-01 -9.867308731168122904e-02 -1.237225488088142811e-01 -3.830932958766197771e-02 -5.679530469041083052e-02 5.391916054185230678e-02 -2.888430246655957490e-01 -5.347764783363118113e-02 3.209516434151282738e-01 -1.909173530000316532e-01 9.650650421849604754e-02 7.002029080177862852e-02
6.211109979595903496e-01 2.682129957901224770e-02 1.264813687098865103e+00 -2.224211639606323843e-01 5.657367527697374499e-01 3.561982314282090556e-01 -2.103085547209389006e-01 -4.126635377627394519e-01 -4.849113739242625343e-01 -5.254552175476874254e-01 -4.254679396831306804e-02 -2.643937725384262194e-01 -1.870956557005456489e-01 -7.153262616054689715e-01 -5.970150373992169079e-01 -7.032785239753138740e-01 1.981693339930643560e-01 -2.830560735424114682e-01 -2.694882721036719886e-01 3.378826256511615611e-01 2.976246319016695452e-01 1.905401954397234476e-01 1.810953832490440618e-01 8.044354056210067938e-03 6.808933224075417456e-01 5.476310552575114343e-02 -1.909173530000316532e-01 6.255027990210351163e-01 -1.939316369093262438e-01 -1.063866112754112692e-01
-1.576753673427560898e+00 -1.864177823648276444e+00 -7.480490143766473921e-01 -3.905729701943982946e-02 -3.528913406390188356e-01 1.948350374085521253e-01 3.232280373344451618e-01 1.037234666181063858e+00 -3.972146530640543460e-01 4.661447803978830962e-01 3.098830856339986894e-01 -6.412845619928475571e-01 -2.803075988390446582e-02 7.959611769474008725e-01 4.140429313038112014e-01 5.071173750901039057e-01 -3.110600143293140718e-01 2.786163661324394525e-01 4.361091122053721847e-01 -1.040999166551330291e+00 1.717266923349711760e-01 5.644044729556867424e-01 -4.333031030328129418e-01 3.261270886184775009e-01 -4.592304081719476017e-01 3.758205621858223822e-01 9.650650421849604754e-02 -1.939316369093262438e-01 1.483532448741755161e+00 3.046929930199553382e-01
-4.933141169627788258e-01 -2.457009133165115600e-01 -4.121193900257935638e-01 -7.427524615343372716e-02 -8.255356172242045432e-03 -1.441006350657403345e-01 1.092057480869925712e-01 -5.088399879099370082e-02 -6.942038589164667428e-02 6.166705148922346780e-02 6.818290293938389368e-02 1.054090746193878658e-01 1.297732249856835551e-01 6.272281771873622347e-02 9.499434436725096020e-02 1.137525799127843129e-01 2.025821141547226034e-01 -2.911553375611219963e-03 1.786657918971172876e-01 -8.954958676270052820e-02 3.291212560287704036e-02 2.417599141476785007e-01 -2.181749489784010620e-01 -7.842126331388499239e-02 -1.608479037113852428e-01 -2.561554941405574937e-02 7.002029080177862852e-02 -1.063866112754112692e-01 3.046929930199553382e-01 4.036380535059720387e-01
