   1.902   0.096   0.033   0.019   0.014   0.026   0.039
   0.096   0.661   0.064   0.004   0.015   0.029   0.043
   0.033   0.064   0.406   0.049   0.020   0.023   0.021
   0.019   0.004   0.049   0.666   0.037   0.048   0.029
   0.014   0.015   0.020   0.037   0.916   0.104   0.063
   0.026   0.029   0.023   0.048   0.104   1.394   0.141
   0.039   0.043   0.021   0.029   0.063   0.141   1.635
