     0.000     2.174    -0.040    -0.830     0.558     0.333    -0.882
     2.174     0.000     2.970    -0.380    -0.318    -0.871    -0.557
    -0.040     2.970     0.000    -0.399    -0.292    -0.525    -0.146
    -0.830    -0.380    -0.399     0.000     0.045    -0.297    -0.852
     0.558    -0.318    -0.292     0.045     0.000    -0.777     1.535
     0.333    -0.871    -0.525    -0.297    -0.777     0.000    -0.150
    -0.882    -0.557    -0.146    -0.852     1.535    -0.150     0.000
