   1.930   0.094   0.045   0.016   0.039   0.064   0.104
   0.094   0.709   0.042   0.009   0.011   0.036   0.105
   0.045   0.042   0.424   0.082   0.026   0.031   0.047
   0.016   0.009   0.082   0.642   0.029   0.025   0.055
   0.039   0.011   0.026   0.029   0.951   0.112   0.052
   0.064   0.036   0.031   0.025   0.112   1.290   0.135
   0.104   0.105   0.047   0.055   0.052   0.135   1.620
