     0.000     5.166     2.640    -0.740    -0.514    -0.534    -0.302
     5.166     0.000     8.178    -0.936     0.650     1.026     1.123
     2.640     8.178     0.000     6.972     2.542     2.115    -0.004
    -0.740    -0.936     6.972     0.000     2.757     1.927    -0.102
    -0.514     0.650     2.542     2.757     0.000     9.988     2.753
    -0.534     1.026     2.115     1.927     9.988     0.000     7.592
    -0.302     1.123    -0.004    -0.102     2.753     7.592     0.000
