   1.931   2.477   2.273   2.593   2.852   3.270   3.634
   2.477   0.626   0.952   1.297   1.547   1.962   2.325
   2.273   0.952   0.383   1.002   1.301   1.722   2.109
   2.593   1.297   1.002   0.678   1.584   2.004   2.396
   2.852   1.547   1.301   1.584   0.941   2.194   2.623
   3.270   1.962   1.722   2.004   2.194   1.367   2.985
   3.634   2.325   2.109   2.396   2.623   2.985   1.756
