   1.224   0.322   0.247   0.150   0.010   0.140   0.192
   0.322   2.560   0.540   0.370   0.060   0.354   0.422
   0.247   0.540   2.419   0.268   0.149   0.214   0.427
   0.150   0.370   0.268   1.621   0.157   0.207   0.399
   0.010   0.060   0.149   0.157   0.364   0.114   0.105
   0.140   0.354   0.214   0.207   0.114   1.729   0.758
   0.192   0.422   0.427   0.399   0.105   0.758   2.835
