   2.261   0.383   0.436   0.092   0.042   0.162   0.321
   0.383   2.082   0.702   0.306   0.082   0.258   0.347
   0.436   0.702   2.905   0.414   0.127   0.363   0.796
   0.092   0.306   0.414   1.378   0.120   0.238   0.346
   0.042   0.082   0.127   0.120   0.442   0.147   0.180
   0.162   0.258   0.363   0.238   0.147   1.784   0.654
   0.321   0.347   0.796   0.346   0.180   0.654   2.615
