   1.959   0.083   0.055   0.030   0.078   0.053   0.182
   0.083   0.773   0.032   0.023   0.019   0.058   0.122
   0.055   0.032   0.416   0.138   0.015   0.036   0.039
   0.030   0.023   0.138   0.646   0.093   0.089   0.105
   0.078   0.019   0.015   0.093   0.952   0.082   0.074
   0.053   0.058   0.036   0.089   0.082   1.243   0.211
   0.182   0.122   0.039   0.105   0.074   0.211   1.815
