   2.943   1.106   0.570   0.303   0.139   0.273   0.381
   1.106   3.431   1.123   0.667   0.211   0.441   0.560
   0.570   1.123   3.371   0.708   0.141   0.365   0.715
   0.303   0.667   0.708   2.489   0.189   0.434   0.640
   0.139   0.211   0.141   0.189   0.688   0.140   0.090
   0.273   0.441   0.365   0.434   0.140   2.201   0.594
   0.381   0.560   0.715   0.640   0.090   0.594   3.318
