  -0.019   0.058   0.074   0.048   0.019   0.054   0.080
   0.058  -0.018   0.054   0.040   0.018   0.047   0.079
   0.074   0.054  -0.022   0.042   0.018   0.055   0.078
   0.048   0.040   0.042  -0.014   0.008   0.028   0.037
   0.019   0.018   0.018   0.008  -0.005   0.011   0.016
   0.054   0.047   0.055   0.028   0.011  -0.008   0.037
   0.080   0.079   0.078   0.037   0.016   0.037  -0.013
