  -0.050   0.074   0.104   0.084   0.035   0.074   0.109
   0.074  -0.050   0.074   0.054   0.015   0.059   0.094
   0.104   0.074  -0.050   0.059   0.020   0.074   0.099
   0.084   0.054   0.059  -0.025   0.010   0.040   0.054
   0.035   0.015   0.020   0.010  -0.020   0.015   0.025
   0.074   0.059   0.074   0.040   0.015  -0.030   0.069
   0.109   0.094   0.099   0.054   0.025   0.069  -0.040
