   2.445   0.592   0.549   0.279   0.166   0.452   0.510
   0.592   2.597   0.881   0.628   0.422   0.710   0.764
   0.549   0.881   2.850   0.546   0.223   0.575   0.845
   0.279   0.628   0.546   2.071   0.559   0.689   0.601
   0.166   0.422   0.223   0.559   0.970   0.470   0.272
   0.452   0.710   0.575   0.689   0.470   2.236   0.950
   0.510   0.764   0.845   0.601   0.272   0.950   2.826
