     0.000     2.284     0.349    -0.383    -0.149     2.108     0.591
     2.284     0.000     4.533     7.081     4.924     6.216     4.896
     0.349     4.533     0.000     3.153     0.614     3.267     5.007
    -0.383     7.081     3.153     0.000    15.405     9.575     6.766
    -0.149     4.924     0.614    15.405     0.000    11.544     2.999
     2.108     6.216     3.267     9.575    11.544     0.000    11.326
     0.591     4.896     5.007     6.766     2.999    11.326     0.000
