   2.445   4.449   4.746   4.237   3.249   4.229   4.761
   4.449   2.597   4.565   4.039   3.145   4.122   4.659
   4.746   4.565   2.850   4.374   3.596   4.511   4.831
   4.237   4.039   4.374   2.071   2.481   3.617   4.296
   3.249   3.145   3.596   2.481   0.970   2.736   3.524
   4.229   4.122   4.511   3.617   2.736   2.236   4.112
   4.761   4.659   4.831   4.296   3.524   4.112   2.826
