     0.000     1.719     0.616    -0.592    -0.045     2.098     0.431
     1.719     0.000     5.024     5.999     6.175     7.035     4.394
     0.616     5.024     0.000     3.846     1.239     2.752     6.530
    -0.592     5.999     3.846     0.000    13.529    11.382     5.843
    -0.045     6.175     1.239    13.529     0.000    10.068     3.169
     2.098     7.035     2.752    11.382    10.068     0.000    11.152
     0.431     4.394     6.530     5.843     3.169    11.152     0.000
