     0.000     6.083     3.013    -0.794    -1.056    -0.311     0.070
     6.083     0.000     3.374    -0.352     0.029     1.014     3.725
     3.013     3.374     0.000     3.653    -0.393    -0.279     3.920
    -0.794    -0.352     3.653     0.000     8.369     4.785     2.873
    -1.056     0.029    -0.393     8.369     0.000     4.461     0.712
    -0.311     1.014    -0.279     4.785     4.461     0.000     9.561
     0.070     3.725     3.920     2.873     0.712     9.561     0.000
