     0.000     1.429    -0.742     0.260     1.683    -0.890     1.731
     1.429     0.000     2.326     2.133     1.074     2.366     1.895
    -0.742     2.326     0.000     0.240    -0.054     3.436     0.964
     0.260     2.133     0.240     0.000     2.270     3.254     4.694
     1.683     1.074    -0.054     2.270     0.000     4.679     2.017
    -0.890     2.366     3.436     3.254     4.679     0.000     7.398
     1.731     1.895     0.964     4.694     2.017     7.398     0.000
