     0.000     4.278     0.237    -0.309    -1.074    -0.158     0.677
     4.278     0.000     2.486     1.302     1.232     0.596     4.906
     0.237     2.486     0.000     1.397    -0.161     0.342     0.153
    -0.309     1.302     1.397     0.000    16.965    11.707     4.637
    -1.074     1.232    -0.161    16.965     0.000     8.761     3.551
    -0.158     0.596     0.342    11.707     8.761     0.000     7.019
     0.677     4.906     0.153     4.637     3.551     7.019     0.000
