   1.946   0.101   0.056   0.032   0.089   0.055   0.150
   0.101   0.789   0.052   0.022   0.031   0.043   0.114
   0.056   0.052   0.479   0.151   0.040   0.041   0.060
   0.032   0.022   0.151   0.700   0.068   0.059   0.088
   0.089   0.031   0.040   0.068   0.979   0.080   0.074
   0.055   0.043   0.041   0.059   0.080   1.211   0.173
   0.150   0.114   0.060   0.088   0.074   0.173   1.762
