     0.000     9.611     1.326     0.198    -0.895    -1.394    -0.565
     9.611     0.000    12.566    -1.206     0.355     0.851     1.472
     1.326    12.566     0.000     7.305     1.401     1.799    -0.564
     0.198    -1.206     7.305     0.000     3.026     3.601    -0.080
    -0.895     0.355     1.401     3.026     0.000    11.609     3.397
    -1.394     0.851     1.799     3.601    11.609     0.000     6.996
    -0.565     1.472    -0.564    -0.080     3.397     6.996     0.000
