   1.202   3.505   3.938   3.078   1.542   2.672   3.455
   3.505   2.561   4.800   4.203   2.865   3.866   4.508
   3.938   4.800   3.117   4.502   3.306   4.131   4.611
   3.078   4.203   4.502   2.042   2.251   3.329   4.004
   1.542   2.865   3.306   2.251   0.364   1.851   2.658
   2.672   3.866   4.131   3.329   1.851   1.553   3.339
   3.455   4.508   4.611   4.004   2.658   3.339   2.405
