   2.037   0.715   0.211   0.135   0.111   0.277   0.400
   0.715   3.089   0.401   0.222   0.190   0.291   0.834
   0.211   0.401   1.470   0.416   0.081   0.138   0.359
   0.135   0.222   0.416   1.017   0.070   0.213   0.332
   0.111   0.190   0.081   0.070   0.712   0.120   0.197
   0.277   0.291   0.138   0.213   0.120   2.047   0.857
   0.400   0.834   0.359   0.332   0.197   0.857   3.041
