     0.000     4.322     1.159    -0.880     2.523     0.357    -0.440
     4.322     0.000     7.514     0.570     0.818     0.158     0.254
     1.159     7.514     0.000     5.466    -0.040     3.309    -1.879
    -0.880     0.570     5.466     0.000     7.286     6.386     0.022
     2.523     0.818    -0.040     7.286     0.000     5.549     0.567
     0.357     0.158     3.309     6.386     5.549     0.000     7.372
    -0.440     0.254    -1.879     0.022     0.567     7.372     0.000
