     0.000     8.882     0.289     6.749     1.038     0.717     0.456
     8.882     0.000     4.168    11.815     2.725     3.137     4.427
     0.289     4.168     0.000     3.636    -0.299    -0.709     1.263
     6.749    11.815     3.636     0.000     4.835     8.213     6.784
     1.038     2.725    -0.299     4.835     0.000     9.082     1.820
     0.717     3.137    -0.709     8.213     9.082     0.000     4.597
     0.456     4.427     1.263     6.784     1.820     4.597     0.000
