     0.000     1.296     0.399     1.279     0.420    -0.540     0.398
     1.296     0.000     4.753     2.069    -1.314     1.385    -0.925
     0.399     4.753     0.000     7.874     5.891     1.166    -0.760
     1.279     2.069     7.874     0.000    12.176     3.921    -0.891
     0.420    -1.314     5.891    12.176     0.000    11.289     1.904
    -0.540     1.385     1.166     3.921    11.289     0.000    10.551
     0.398    -0.925    -0.760    -0.891     1.904    10.551     0.000
