   1.357   3.416   3.413   2.953   2.298   3.382   3.690
   3.416   2.210   3.960   3.668   3.176   4.085   4.495
   3.413   3.960   2.184   3.425   2.983   4.037   4.433
   2.953   3.668   3.425   1.749   2.366   3.516   4.011
   2.298   3.176   2.983   2.366   0.974   2.747   3.339
   3.382   4.085   4.037   3.516   2.747   2.116   3.838
   3.690   4.495   4.433   4.011   3.339   3.838   2.473
