     0.000     1.105    -0.463    -0.156    -1.539    -0.877    -0.162
     1.105     0.000     0.580    -0.584    -0.473     2.929     2.366
    -0.463     0.580     0.000     5.515    -0.356    -0.273    -0.960
    -0.156    -0.584     5.515     0.000     4.590     4.340     1.762
    -1.539    -0.473    -0.356     4.590     0.000     1.340    -0.702
    -0.877     2.929    -0.273     4.340     1.340     0.000     2.067
    -0.162     2.366    -0.960     1.762    -0.702     2.067     0.000
