   1.966   0.093   0.057   0.016   0.031   0.046   0.086
   0.093   0.707   0.075   0.008   0.023   0.044   0.100
   0.057   0.075   0.410   0.068   0.037   0.042   0.042
   0.016   0.008   0.068   0.680   0.029   0.045   0.045
   0.031   0.023   0.037   0.029   0.926   0.104   0.053
   0.046   0.044   0.042   0.045   0.104   1.307   0.115
   0.086   0.100   0.042   0.045   0.053   0.115   1.448
