   1.730   0.285   0.134   0.163   0.205   0.186   0.499
   0.285   0.744   0.136   0.036   0.044   0.235   0.179
   0.134   0.136   0.468   0.120   0.123   0.057   0.252
   0.163   0.036   0.120   0.845   0.471   0.172   0.220
   0.205   0.044   0.123   0.471   0.991   0.079   0.164
   0.186   0.235   0.057   0.172   0.079   1.142   0.141
   0.499   0.179   0.252   0.220   0.164   0.141   1.639
