   1.000   0.175   0.179   0.155   0.096   0.127   0.077   0.131   0.248   0.289
   0.175   1.000   0.233   0.276   0.177   0.112   0.048   0.087   0.134   0.182
   0.179   0.233   1.000   0.198   0.156   0.128   0.049   0.080   0.156   0.185
   0.155   0.276   0.198   1.000   0.187   0.121   0.049   0.081   0.139   0.131
   0.096   0.177   0.156   0.187   1.000   0.133   0.030   0.037   0.092   0.102
   0.127   0.112   0.128   0.121   0.133   1.000   0.053   0.048   0.095   0.112
   0.077   0.048   0.049   0.049   0.030   0.053   1.000   0.055   0.059   0.061
   0.131   0.087   0.080   0.081   0.037   0.048   0.055   1.000   0.131   0.149
   0.248   0.134   0.156   0.139   0.092   0.095   0.059   0.131   1.000   0.355
   0.289   0.182   0.185   0.131   0.102   0.112   0.061   0.149   0.355   1.000
