   1.000   0.219   0.247   0.198   0.151   0.144   0.072   0.115   0.258   0.280
   0.219   1.000   0.287   0.338   0.219   0.152   0.056   0.089   0.141   0.182
   0.247   0.287   1.000   0.252   0.227   0.149   0.052   0.076   0.178   0.183
   0.198   0.338   0.252   1.000   0.231   0.175   0.071   0.082   0.164   0.137
   0.151   0.219   0.227   0.231   1.000   0.159   0.051   0.035   0.109   0.111
   0.144   0.152   0.149   0.175   0.159   1.000   0.050   0.048   0.103   0.122
   0.072   0.056   0.052   0.071   0.051   0.050   1.000   0.046   0.061   0.052
   0.115   0.089   0.076   0.082   0.035   0.048   0.046   1.000   0.131   0.150
   0.258   0.141   0.178   0.164   0.109   0.103   0.061   0.131   1.000   0.339
   0.280   0.182   0.183   0.137   0.111   0.122   0.052   0.150   0.339   1.000
