   1.000   0.275   0.297   0.247   0.211   0.200   0.151   0.173   0.282   0.259
   0.275   1.000   0.324   0.326   0.272   0.213   0.154   0.153   0.197   0.183
   0.297   0.324   1.000   0.300   0.310   0.260   0.169   0.168   0.228   0.188
   0.247   0.326   0.300   1.000   0.327   0.317   0.194   0.209   0.229   0.177
   0.211   0.272   0.310   0.327   1.000   0.322   0.243   0.207   0.213   0.140
   0.200   0.213   0.260   0.317   0.322   1.000   0.229   0.216   0.205   0.157
   0.151   0.154   0.169   0.194   0.243   0.229   1.000   0.218   0.192   0.104
   0.173   0.153   0.168   0.209   0.207   0.216   0.218   1.000   0.217   0.175
   0.282   0.197   0.228   0.229   0.213   0.205   0.192   0.217   1.000   0.315
   0.259   0.183   0.188   0.177   0.140   0.157   0.104   0.175   0.315   1.000
