   1.000   0.095   0.117   0.037   0.055   0.070   0.068   0.116   0.187   0.240
   0.095   1.000   0.100   0.015   0.047   0.021   0.031   0.026   0.070   0.102
   0.117   0.100   1.000   0.054   0.040   0.027   0.056   0.075   0.132   0.160
   0.037   0.015   0.054   1.000   0.031   0.016   0.044   0.008   0.010   0.021
   0.055   0.047   0.040   0.031   1.000   0.064   0.015   0.027   0.034   0.073
   0.070   0.021   0.027   0.016   0.064   1.000   0.012   0.028   0.039   0.053
   0.068   0.031   0.056   0.044   0.015   0.012   1.000   0.066   0.048   0.069
   0.116   0.026   0.075   0.008   0.027   0.028   0.066   1.000   0.139   0.150
   0.187   0.070   0.132   0.010   0.034   0.039   0.048   0.139   1.000   0.284
   0.240   0.102   0.160   0.021   0.073   0.053   0.069   0.150   0.284   1.000
