   1.000   0.262   0.285   0.228   0.193   0.180   0.136   0.153   0.275   0.260
   0.262   1.000   0.319   0.328   0.264   0.203   0.141   0.144   0.188   0.175
   0.285   0.319   1.000   0.294   0.303   0.234   0.152   0.146   0.224   0.185
   0.228   0.328   0.294   1.000   0.290   0.281   0.165   0.165   0.213   0.148
   0.193   0.264   0.303   0.290   1.000   0.285   0.213   0.168   0.191   0.115
   0.180   0.203   0.234   0.281   0.285   1.000   0.194   0.174   0.188   0.135
   0.136   0.141   0.152   0.165   0.213   0.194   1.000   0.179   0.160   0.070
   0.153   0.144   0.146   0.165   0.168   0.174   0.179   1.000   0.186   0.147
   0.275   0.188   0.224   0.213   0.191   0.188   0.160   0.186   1.000   0.313
   0.260   0.175   0.185   0.148   0.115   0.135   0.070   0.147   0.313   1.000
