   1.000   0.046   0.023   0.000   0.073   0.023   0.092   0.058   0.053   0.251
   0.046   1.000   0.192   0.000   0.076   0.071   0.054   0.054   0.080   0.277
   0.023   0.192   1.000   0.000   0.015   0.003   0.033   0.011   0.240   0.221
   0.000   0.000   0.000    -nan   0.000   0.000   0.000   0.000   0.000   0.000
   0.073   0.076   0.015   0.000   1.000   0.015   0.021   0.013   0.028   0.059
   0.023   0.071   0.003   0.000   0.015   1.000   0.005   0.011   0.006   0.127
   0.092   0.054   0.033   0.000   0.021   0.005   1.000   0.021   0.008   0.087
   0.058   0.054   0.011   0.000   0.013   0.011   0.021   1.000   0.172   0.102
   0.053   0.080   0.240   0.000   0.028   0.006   0.008   0.172   1.000   0.166
   0.251   0.277   0.221   0.000   0.059   0.127   0.087   0.102   0.166   1.000
