   1.000   0.116   0.069   0.051   0.067   0.050   0.079   0.137   0.102   0.205
   0.116   1.000   0.171   0.022   0.082   0.041   0.029   0.070   0.039   0.132
   0.069   0.171   1.000   0.073   0.051   0.024   0.044   0.061   0.089   0.136
   0.051   0.022   0.073   1.000   0.063   0.016   0.039   0.019   0.015   0.033
   0.067   0.082   0.051   0.063   1.000   0.117   0.011   0.035   0.039   0.091
   0.050   0.041   0.024   0.016   0.117   1.000   0.027   0.026   0.031   0.058
   0.079   0.029   0.044   0.039   0.011   0.027   1.000   0.084   0.060   0.108
   0.137   0.070   0.061   0.019   0.035   0.026   0.084   1.000   0.130   0.156
   0.102   0.039   0.089   0.015   0.039   0.031   0.060   0.130   1.000   0.203
   0.205   0.132   0.136   0.033   0.091   0.058   0.108   0.156   0.203   1.000
