   1.932   2.591   2.311   2.536   2.810   3.131   3.466
   2.591   0.765   1.134   1.387   1.683   1.989   2.292
   2.311   1.134   0.429   0.973   1.338   1.666   2.027
   2.536   1.387   0.973   0.635   1.530   1.860   2.224
   2.810   1.683   1.338   1.530   0.936   2.119   2.536
   3.131   1.989   1.666   1.860   2.119   1.271   2.775
   3.466   2.292   2.027   2.224   2.536   2.775   1.660
