   1.932   0.106   0.050   0.030   0.058   0.071   0.126
   0.106   0.765   0.060   0.012   0.017   0.047   0.132
   0.050   0.060   0.429   0.091   0.027   0.034   0.061
   0.030   0.012   0.091   0.635   0.041   0.045   0.070
   0.058   0.017   0.027   0.041   0.936   0.087   0.060
   0.071   0.047   0.034   0.045   0.087   1.271   0.155
   0.126   0.132   0.061   0.070   0.060   0.155   1.660
