   1.641   2.140   1.957   2.172   2.172   2.632   2.364
   2.140   0.619   0.773   1.222   1.336   1.817   1.398
   1.957   0.773   0.391   0.970   0.970   1.565   1.140
   2.172   1.222   0.970   0.744   1.442   1.792   1.429
   2.172   1.336   0.970   1.442   0.845   1.871   1.566
   2.632   1.817   1.565   1.792   1.871   1.217   1.879
   2.364   1.398   1.140   1.429   1.566   1.879   0.779
