     0.000     0.621    -0.347     0.680     2.441    -0.037    -0.711
     0.621     0.000    21.903     1.589     1.512    -0.991    -0.894
    -0.347    21.903     0.000     3.050     4.311    -0.248    -0.291
     0.680     1.589     3.050     0.000     0.970     0.882     0.788
     2.441     1.512     4.311     0.970     0.000     0.504     0.119
    -0.037    -0.991    -0.248     0.882     0.504     0.000     0.323
    -0.711    -0.894    -0.291     0.788     0.119     0.323     0.000
