   1.641   0.120   0.075   0.213   0.314   0.226   0.057
   0.120   0.619   0.237   0.142   0.128   0.019   0.000
   0.075   0.237   0.391   0.166   0.266   0.043   0.030
   0.213   0.142   0.166   0.744   0.147   0.169   0.095
   0.314   0.128   0.266   0.147   0.845   0.191   0.058
   0.226   0.019   0.043   0.169   0.191   1.217   0.117
   0.057   0.000   0.030   0.095   0.058   0.117   0.779
