  -0.030   0.064   0.015   0.025   0.015   0.040   0.089
   0.064  -0.045   0.035   0.045   0.050   0.089   0.144
   0.015   0.035  -0.020   0.005   0.005   0.015   0.025
   0.025   0.045   0.005  -0.020   0.015   0.020   0.054
   0.015   0.050   0.005   0.015  -0.015   0.020   0.050
   0.040   0.089   0.015   0.020   0.020  -0.020   0.069
   0.089   0.144   0.025   0.054   0.050   0.069  -0.050
