   1.926   0.627   0.089   0.145   0.133   0.160   0.284
   0.627   3.068   0.222   0.369   0.234   0.332   0.805
   0.089   0.222   1.005   0.079   0.112   0.108   0.331
   0.145   0.369   0.079   1.232   0.184   0.291   0.283
   0.133   0.234   0.112   0.184   1.026   0.156   0.205
   0.160   0.332   0.108   0.291   0.156   1.930   0.615
   0.284   0.805   0.331   0.283   0.205   0.615   3.080
