   1.802   2.366   1.936   2.405   2.236   3.086   3.842
   2.366   0.735   0.895   1.358   1.252   1.916   2.700
   1.936   0.895   0.165   0.814   0.702   1.452   2.321
   2.405   1.358   0.814   0.653   0.930   1.840   2.669
   2.236   1.252   0.702   0.930   0.540   1.815   2.619
   3.086   1.916   1.452   1.840   1.815   1.325   3.278
   3.842   2.700   2.321   2.669   2.619   3.278   2.195
