  -0.037   0.037   0.000   0.037   0.012   0.061   0.110
   0.037  -0.024   0.000   0.000   0.000   0.012   0.037
   0.000   0.000  -0.012   0.000   0.000   0.000   0.000
   0.037   0.000   0.000  -0.024   0.012   0.000   0.012
   0.012   0.000   0.000   0.012  -0.024   0.012   0.012
   0.061   0.012   0.000   0.000   0.012  -0.024   0.061
   0.110   0.037   0.000   0.012   0.012   0.061  -0.049
