4.375283414150317185e+00 2.360360276442690974e+00 2.683132725567020316e+00 2.308823895151590477e-01 6.425854050481234481e-01 5.817791593654533244e-01 -8.528341207338598906e-01 -1.528571416613885958e+00 2.129447524776537648e-01 -1.201524869026911801e+00 -8.152894762372966397e-01 3.552738460617206329e-01 -5.691134407894082869e-01 -1.359651061543559081e+00 -1.407389100732757470e+00 -1.632473571627770070e+00 4.232177382678514732e-01 -8.290104377298348481e-01 -1.204803400906314437e+00 1.217906152999489677e+00 -9.105213933730738063e-02 -6.627260042492935099e-01 6.855292514408120041e-01 -4.574098134124255921e-01 9.716238704648390012e-01 -1.031780133517941067e-01 -6.248998485901893218e-01 5.456854598687641555e-01 -1.522908621823262365e+00 -4.233680325010027445e-01
2.360360276442690974e+00 3.285783696604653414e+00 1.133537014909222762e+00 1.964467707640551453e-01 2.893068277290922197e-02 -5.952478745089138101e-01 -3.258418541943228774e-01 -1.959753753970744583e+00 7.161248393066443896e-01 -6.578980736209700808e-01 -5.956684095705782056e-01 1.166775543679250404e+00 -9.365624537804251304e-02 -7.811079766657940127e-01 -5.904737440546341531e-01 -7.723089152689226466e-01 7.695962906281579308e-01 -4.253375350416490619e-01 -5.332905561882341772e-01 1.360787641423314653e+00 -2.648897011482631569e-01 -5.814974205812859509e-01 3.602616169843599891e-01 -6.698718250220281334e-01 4.029942346534767239e-01 -6.509738422567465932e-01 -2.611596017691226734e-01 4.691267183375202876e-03 -1.817856469911248496e+00 -2.094569722052597172e-01
2.683132725567020316e+00 1.133537014909222762e+00 4.230011822491576368e+00 -2.175762900661766253e-01 1.191263273520348775e+00 6.002063760508917767e-01 -5.954834443782033304e-01 -1.642996060281461723e+00 -1.271310893523889263e+00 -1.279546005515499019e+00 -6.896609446285992817e-01 -6.034019541398265574e-01 -7.752119089539064589e-01 -1.332066604799706511e+00 -1.601756242291457966e+00 -2.021881603647102565e+00 8.129477345328837146e-01 -7.664616704299191952e-01 -9.671215746532766389e-01 9.499015064340028403e-01 6.826920903367863502e-01 3.351170988303238119e-01 3.962284074220292496e-01 -1.810203855852705601e-01 1.597396228502816484e+00 1.618177070395176997e-02 -7.101750405141160627e-01 1.241174146943876622e+00 -8.353354357320199597e-01 -3.787830478609635065e-01
2.308823895151590477e-01 1.964467707640551453e-01 -2.175762900661766253e-01 4.752680924884771230e-01 -2.335408009350317116e-01 -7.923400775661093576e-02 -1.659749494479001442e-02 2.457519389898834561e-01 3.592357488603852289e-01 1.737648094807582311e-01 -1.610719275599876710e-01 9.988999209161875115e-02 -4.430332757021915313e-02 3.503181158407642215e-01 6.460233085158506583e-02 5.899142172575011500e-02 -1.911015764296735142e-01 3.082874451280304129e-02 -1.685946335160224407e-01 -1.501402737739567783e-01 -1.327652949969433394e-01 -2.535729308307850260e-01 -4.170758468876556435e-02 -1.871467779585600510e-02 -2.417697730533632239e-01 -3.527069136282534600e-03 -3.671158865347479150e-02 -2.140693142749796607e-01 -1.142768452302789228e-02 -6.955517147912360088e-02
6.425854050481234481e-01 2.893068277290922197e-02 1.191263273520348775e+00 -2.335408009350317116e-01 9.860463154329295321e-01 2.723238797593694471e-01 -2.202174839032409182e-01 -6.143413984321455246e-01 -5.488381364185102029e-01 -5.085985018939709335e-01 -1.556994668403035575e-01 -4.562731129141184283e-02 -3.015107785461168532e-02 -9.820584839235948493e-01 -5.470656473199824177e-01 -6.819194693988492872e-01 3.865559796662410008e-01 -3.160705423659919688e-01 -2.734197736670580525e-01 5.830015448404424205e-01 2.431020007085180623e-01 1.376060693929730405e-01 1.810750352209993252e-01 -1.150652587189711085e-01 6.363381334015798529e-01 -3.506146226476403172e-02 -1.500198605784817119e-01 5.313181069153074532e-01 -3.784488920513808807e-01 1.599783547203514900e-02
5.817791593654533244e-01 -5.952478745089138101e-01 6.002063760508917767e-01 -7.923400775661093576e-02 2.723238797593694471e-01 7.511205816422830139e-01 -2.141937390869657065e-01 3.038459690122294887e-01 -3.034598530579160069e-01 -2.203654276610222951e-01 -1.076922574302443536e-01 -5.624938547603619554e-01 -1.733804505332727786e-01 -3.091161879347055219e-01 -4.094050826843727009e-01 -4.051443011202877642e-01 -2.265559878413796469e-01 -1.921213343540557617e-01 -2.432828158429174437e-01 -4.336180404027345503e-02 1.819662034764064629e-01 6.993276128463321584e-02 1.787565031015674322e-01 2.023334229748456892e-01 3.518022050872673390e-01 3.060765936300526846e-01 -1.470979612983001061e-01 3.320873694607371363e-01 2.209709794358900581e-01 -1.210483580974823781e-01
-8.528341207338598906e-01 -3.258418541943228774e-01 -5.954834443782033304e-01 -1.659749494479001442e-02 -2.202174839032409182e-01 -2.141937390869657065e-01 3.512312532963051126e-01 2.297829545416902874e-01 -9.615529208645057224e-03 2.926450017580464191e-01 2.331050323371641753e-01 2.700200376881412012e-02 1.015273441667545740e-01 2.978443931663150579e-01 3.648835974846633690e-01 3.457717781097926490e-01 1.240875114831396786e-03 1.914333306814341995e-01 2.103450422600872116e-01 -2.838680475715023022e-01 -1.428122988176028230e-02 7.618459091571594399e-02 -2.146958802052267856e-01 5.049200307848877856e-02 -3.158092365598008655e-01 -4.453323363873096241e-02 1.118798310606621271e-01 -1.924637703722282822e-01 3.271830747146395879e-01 8.788326498171272760e-02
-1.528571416613885958e+00 -1.959753753970744583e+00 -1.642996060281461723e+00 2.457519389898834561e-01 -6.143413984321455246e-01 3.038459690122294887e-01 2.297829545416902874e-01 2.067331498959163127e+00 8.360423591290100376e-02 9.165614109471107440e-01 1.983145424081840247e-01 -7.619412509043286263e-01 1.082264984427183663e-01 1.207360462863618977e+00 8.715462101640696346e-01 1.040248067196387183e+00 -1.033327191612215756e+00 4.920241186007388023e-01 3.158104701524280244e-01 -1.088712144722649100e+00 -1.749405925204428058e-01 -1.597608411519217952e-01 -2.006626306655903136e-01 5.612308437986257559e-01 -7.446688749233203453e-01 3.927394444676792773e-01 3.400889098273296440e-01 -4.233795096126300450e-01 1.031051515710885269e+00 -7.246278151461638117e-02
2.129447524776537648e-01 7.161248393066443896e-01 -1.271310893523889263e+00 3.592357488603852289e-01 -5.488381364185102029e-01 -3.034598530579160069e-01 -9.615529208645057224e-03 8.360423591290100376e-02 1.169200627796328718e+00 1.657061008554592263e-01 2.275906324920242696e-01 6.781469734028746643e-01 1.930571927142068489e-01 9.790885135481630641e-02 2.053465103905978140e-01 4.144579462778779089e-01 -2.864059306950821338e-01 8.090020946548293068e-02 5.140562832707473717e-02 4.968962513191854669e-02 -4.244159903203694739e-01 -4.906341979642547813e-01 1.028764227251031116e-01 -1.484996817032424588e-01 -4.382273438825450285e-01 -1.246329525003488925e-01 6.787217654471078276e-02 -4.583305831357620264e-01 -3.179173860930859519e-01 -5.378030521347909598e-02
-1.201524869026911801e+00 -6.578980736209700808e-01 -1.279546005515499019e+00 1.737648094807582311e-01 -5.085985018939709335e-01 -2.203654276610222951e-01 2.926450017580464191e-01 9.165614109471107440e-01 1.657061008554592263e-01 8.339293776689373772e-01 4.965009939041920006e-03 -1.805967928913219112e-01 1.410814186547213467e-01 1.028509537348611502e+00 7.587747246174672000e-01 8.152528461548058658e-01 -4.048823689751657184e-01 4.558102208450804937e-01 2.711051667320134584e-01 -6.145635704951359912e-01 -1.751522450840639067e-01 -1.697631879862342430e-01 -2.578052672968169645e-01 2.092957856168595754e-01 -6.711900558173624631e-01 3.721944927849563101e-02 2.451019466934667435e-01 -4.853008520402681825e-01 4.564927477177320725e-01 2.097155313686016598e-02
-8.152894762372966397e-01 -5.956684095705782056e-01 -6.896609446285992817e-01 -1.610719275599876710e-01 -1.556994668403035575e-01 -1.076922574302443536e-01 2.331050323371641753e-01 1.983145424081840247e-01 2.275906324920242696e-01 4.965009939041920006e-03 9.243282973194482111e-01 6.626465419998339712e-02 1.814116064293784802e-01 -2.762317922105808066e-01 1.801399642025103276e-01 3.022658969957205954e-01 -1.673095255951579929e-01 1.248524762930287579e-01 2.929800727861504583e-01 -2.493024713239719858e-01 -2.754949176897980578e-02 1.128841486007559070e-01 -4.337620685930687614e-02 5.389787665461653887e-02 -1.216988697619854065e-01 5.194677521700441503e-02 1.035928140373698625e-01 -2.955143831792383935e-02 3.129980292129062036e-01 6.856435198602639502e-02
3.552738460617206329e-01 1.166775543679250404e+00 -6.034019541398265574e-01 9.988999209161875115e-02 -4.562731129141184283e-02 -5.624938547603619554e-01 2.700200376881412012e-02 -7.619412509043286263e-01 6.781469734028746643e-01 -1.805967928913219112e-01 6.626465419998339712e-02 1.137872833531048400e+00 2.241573500156732734e-01 -3.257994531310828279e-01 5.989185056796486606e-02 1.002544371908129506e-01 2.923233645948926096e-01 -6.779943020876544324e-02 6.499265002619836196e-02 4.668057560224951885e-01 -3.199368170705838565e-01 -2.477319910072992570e-01 7.519675091907629394e-02 -4.131769450360138762e-01 -1.718536491383702014e-01 -3.296107511668537882e-01 -1.411177015251041666e-02 -2.713885700642322263e-01 -6.043876948198771970e-01 1.050087680764590914e-01
-5.691134407894082869e-01 -9.365624537804251304e-02 -7.752119089539064589e-01 -4.430332757021915313e-02 -3.015107785461168532e-02 -1.733804505332727786e-01 1.015273441667545740e-01 1.082264984427183663e-01 1.930571927142068489e-01 1.410814186547213467e-01 1.814116064293784802e-01 2.241573500156732734e-01 3.753990491657646089e-01 -1.037956906444037486e-01 2.464208834996952646e-01 2.607231892685888397e-01 2.027372896992574169e-02 7.026919428957967284e-02 1.671848492159710986e-01 8.379702150881485068e-02 -7.803270171353915430e-02 -2.125297874317766400e-02 -7.093754979126742910e-02 -2.414379870327820754e-02 -2.228236704350479158e-01 -9.519060598262285566e-02 1.888024006443060898e-01 -1.884231629258010798e-01 2.190612906360911438e-05 1.280616586275300506e-01
-1.359651061543559081e+00 -7.811079766657940127e-01 -1.332066604799706511e+00 3.503181158407642215e-01 -9.820584839235948493e-01 -3.091161879347055219e-01 2.978443931663150579e-01 1.207360462863618977e+00 9.790885135481630641e-02 1.028509537348611502e+00 -2.762317922105808066e-01 -3.257994531310828279e-01 -1.037956906444037486e-01 1.973807121777440443e+00 9.407661532041515784e-01 1.065532216022404555e+00 -6.200911604803991395e-01 6.109378069916715503e-01 3.881117221011152196e-01 -1.102191199623803186e+00 -2.213154767801484013e-01 -8.988354560926836712e-02 -3.575573439661070552e-01 3.080267063272117412e-01 -8.943686776441950315e-01 1.535203696774942728e-01 2.299983029972167969e-01 -6.826171452507310278e-01 7.845494167672200092e-01 6.596212654130795272e-04
-1.407389100732757470e+00 -5.904737440546341531e-01 -1.601756242291457966e+00 6.460233085158506583e-02 -5.470656473199824177e-01 -4.094050826843727009e-01 3.648835974846633690e-01 8.715462101640696346e-01 2.053465103905978140e-01 7.587747246174672000e-01 1.801399642025103276e-01 5.989185056796486606e-02 2.464208834996952646e-01 9.407661532041515784e-01 1.067335835641358699e+00 1.018387447597405071e+00 -3.222099134738982684e-01 4.667852338112083999e-01 4.226025876126300318e-01 -5.519764165719038829e-01 -3.118732708306310997e-01 -1.548868696388865374e-01 -2.692427124389382698e-01 1.280423670821733140e-01 -7.572579624502964180e-01 -7.247989578024771617e-02 3.409376943935740201e-01 -5.561375121128548926e-01 3.609959166227554306e-01 5.469405834037388558e-02
-1.632473571627770070e+00 -7.723089152689226466e-01 -2.021881603647102565e+00 5.899142172575011500e-02 -6.819194693988492872e-01 -4.051443011202877642e-01 3.457717781097926490e-01 1.040248067196387183e+00 4.144579462778779089e-01 8.152528461548058658e-01 3.022658969957205954e-01 1.002544371908129506e-01 2.607231892685888397e-01 1.065532216022404555e+00 1.018387447597405071e+00 1.270444212181132571e+00 -5.159078472299256646e-01 5.811049025181489469e-01 5.814618274881127036e-01 -6.986308528783524707e-01 -3.563168089503676583e-01 -2.001660973286050194e-01 -2.192089602729652142e-01 1.947004164171062257e-01 -8.563287179207179634e-01 1.481645810866893953e-02 4.015423264011701576e-01 -6.436768337326839173e-01 4.651134479323104642e-01 7.289498103585856370e-02
4.232177382678514732e-01 7.695962906281579308e-01 8.129477345328837146e-01 -1.911015764296735142e-01 3.865559796662410008e-01 -2.265559878413796469e-01 1.240875114831396786e-03 -1.033327191612215756e+00 -2.864059306950821338e-01 -4.048823689751657184e-01 -1.673095255951579929e-01 2.923233645948926096e-01 2.027372896992574169e-02 -6.200911604803991395e-01 -3.222099134738982684e-01 -5.159078472299256646e-01 7.928318872224622282e-01 -2.521664503330498519e-01 -1.084092481785603468e-01 4.822581038329190051e-01 1.827836172390675529e-01 2.697401856973726808e-01 -8.811955399613680129e-02 -2.818523659319112085e-01 3.045363550762658633e-01 -2.242262097782941055e-01 -1.253937147271244612e-01 2.012908891801998834e-01 -2.981689025461378151e-01 2.065297319915089247e-01
-8.290104377298348481e-01 -4.253375350416490619e-01 -7.664616704299191952e-01 3.082874451280304129e-02 -3.160705423659919688e-01 -1.921213343540557617e-01 1.914333306814341995e-01 4.920241186007388023e-01 8.090020946548293068e-02 4.558102208450804937e-01 1.248524762930287579e-01 -6.779943020876544324e-02 7.026919428957967284e-02 6.109378069916715503e-01 4.667852338112083999e-01 5.811049025181489469e-01 -2.521664503330498519e-01 3.856284411614865348e-01 2.609170574464485526e-01 -4.174400765128325475e-01 -1.166433511322111372e-01 -9.116307665152589834e-02 -1.168773949086983066e-01 1.091391664317598043e-01 -3.802020356513367005e-01 3.108781081283495951e-02 1.265152059201000156e-01 -2.899878545983369804e-01 2.689897003132273312e-01 -2.594269289920703159e-02
-1.204803400906314437e+00 -5.332905561882341772e-01 -9.671215746532766389e-01 -1.685946335160224407e-01 -2.734197736670580525e-01 -2.432828158429174437e-01 2.103450422600872116e-01 3.158104701524280244e-01 5.140562832707473717e-02 2.711051667320134584e-01 2.929800727861504583e-01 6.499265002619836196e-02 1.671848492159710986e-01 3.881117221011152196e-01 4.226025876126300318e-01 5.814618274881127036e-01 -1.084092481785603468e-01 2.609170574464485526e-01 5.116339956100262043e-01 -3.093408516055546897e-01 -3.887049093657424237e-02 2.053558583247081515e-01 -1.689324988308271713e-01 7.821926897591424677e-02 -3.352250337634643529e-01 8.966624315831950298e-03 2.172874384847887086e-01 -2.384645430715295333e-01 3.875236674313669027e-01 1.538499198196632278e-01
1.217906152999489677e+00 1.360787641423314653e+00 9.499015064340028403e-01 -1.501402737739567783e-01 5.830015448404424205e-01 -4.336180404027345503e-02 -2.838680475715023022e-01 -1.088712144722649100e+00 4.968962513191854669e-02 -6.145635704951359912e-01 -2.493024713239719858e-01 4.668057560224951885e-01 8.379702150881485068e-02 -1.102191199623803186e+00 -5.519764165719038829e-01 -6.986308528783524707e-01 4.822581038329190051e-01 -4.174400765128325475e-01 -3.093408516055546897e-01 1.129946210017862995e+00 4.366093332350828859e-02 -1.312531093622908429e-01 2.420054816280980958e-01 -3.328146018742472734e-01 5.510856513357111908e-01 -3.442749350775216044e-01 -1.135867590086832024e-01 3.350074593384420041e-01 -1.013518031222758964e+00 -5.087775269373651099e-02
-9.105213933730738063e-02 -2.648897011482631569e-01 6.826920903367863502e-01 -1.327652949969433394e-01 2.431020007085180623e-01 1.819662034764064629e-01 -1.428122988176028230e-02 -1.749405925204428058e-01 -4.244159903203694739e-01 -1.751522450840639067e-01 -2.754949176897980578e-02 -3.199368170705838565e-01 -7.803270171353915430e-02 -2.213154767801484013e-01 -3.118732708306310997e-01 -3.563168089503676583e-01 1.827836172390675529e-01 -1.166433511322111372e-01 -3.887049093657424237e-02 4.366093332350828859e-02 3.148540887033846047e-01 3.420492119755351723e-01 -6.876626103223770770e-02 5.476296229062427301e-02 2.843416338186557368e-01 8.592943039758438317e-02 -1.107624507494051613e-01 2.600799053921036830e-01 2.019859292003616247e-01 4.935711078036320032e-02
-6.627260042492935099e-01 -5.814974205812859509e-01 3.351170988303238119e-01 -2.535729308307850260e-01 1.376060693929730405e-01 6.993276128463321584e-02 7.618459091571594399e-02 -1.597608411519217952e-01 -4.906341979642547813e-01 -1.697631879862342430e-01 1.128841486007559070e-01 -2.477319910072992570e-01 -2.125297874317766400e-02 -8.988354560926836712e-02 -1.548868696388865374e-01 -2.001660973286050194e-01 2.697401856973726808e-01 -9.116307665152589834e-02 2.053558583247081515e-01 -1.312531093622908429e-01 3.420492119755351723e-01 6.667898338522206814e-01 -2.006727436660469266e-01 3.892315018822500861e-02 1.719232777473109763e-01 1.116660585092859037e-01 -3.396207223795499885e-02 1.872274440170826892e-01 5.311712882987364992e-01 2.323556321182422835e-01
6.855292514408120041e-01 3.602616169843599891e-01 3.962284074220292496e-01 -4.170758468876556435e-02 1.810750352209993252e-01 1.787565031015674322e-01 -2.146958802052267856e-01 -2.006626306655903136e-01 1.028764227251031116e-01 -2.578052672968169645e-01 -4.337620685930687614e-02 7.519675091907629394e-02 -7.093754979126742910e-02 -3.575573439661070552e-01 -2.692427124389382698e-01 -2.192089602729652142e-01 -8.811955399613680129e-02 -1.168773949086983066e-01 -1.689324988308271713e-01 2.420054816280980958e-01 -6.876626103223770770e-02 -2.006727436660469266e-01 3.469689742244099762e-01 -2.966954026641133169e-02 3.035363011089771135e-01 6.637721936101570464e-03 -6.419262044306606185e-02 1.848951530542422006e-01 -4.472331623039167425e-01 -2.043089765712693406e-01
-4.574098134124255921e-01 -6.698718250220281334e-01 -1.810203855852705601e-01 -1.871467779585600510e-02 -1.150652587189711085e-01 2.023334229748456892e-01 5.049200307848877856e-02 5.612308437986257559e-01 -1.484996817032424588e-01 2.092957856168595754e-01 5.389787665461653887e-02 -4.131769450360138762e-01 -2.414379870327820754e-02 3.080267063272117412e-01 1.280423670821733140e-01 1.947004164171062257e-01 -2.818523659319112085e-01 1.091391664317598043e-01 7.821926897591424677e-02 -3.328146018742472734e-01 5.476296229062427301e-02 3.892315018822500861e-02 -2.966954026641133169e-02 2.601676632963858538e-01 -7.173971991824146244e-02 1.682945338206991437e-01 5.830780269531032900e-02 3.776115002551705402e-04 3.378240402412302501e-01 -7.005626212742299685e-02
9.716238704648390012e-01 4.029942346534767239e-01 1.597396228502816484e+00 -2.417697730533632239e-01 6.363381334015798529e-01 3.518022050872673390e-01 -3.158092365598008655e-01 -7.446688749233203453e-01 -4.382273438825450285e-01 -6.711900558173624631e-01 -1.216988697619854065e-01 -1.718536491383702014e-01 -2.228236704350479158e-01 -8.943686776441950315e-01 -7.572579624502964180e-01 -8.563287179207179634e-01 3.045363550762658633e-01 -3.802020356513367005e-01 -3.352250337634643529e-01 5.510856513357111908e-01 2.843416338186557368e-01 1.719232777473109763e-01 3.035363011089771135e-01 -7.173971991824146244e-02 8.535344027334872408e-01 2.003707430401391321e-02 -2.899176210615337368e-01 6.460645567713072523e-01 -4.577916081121315983e-01 -1.243416381964266293e-01
-1.031780133517941067e-01 -6.509738422567465932e-01 1.618177070395176997e-02 -3.527069136282534600e-03 -3.506146226476403172e-02 3.060765936300526846e-01 -4.453323363873096241e-02 3.927394444676792773e-01 -1.246329525003488925e-01 3.721944927849563101e-02 5.194677521700441503e-02 -3.296107511668537882e-01 -9.519060598262285566e-02 1.535203696774942728e-01 -7.247989578024771617e-02 1.481645810866893953e-02 -2.242262097782941055e-01 3.108781081283495951e-02 8.966624315831950298e-03 -3.442749350775216044e-01 8.592943039758438317e-02 1.116660585092859037e-01 6.637721936101570464e-03 1.682945338206991437e-01 2.003707430401391321e-02 2.816486677910461367e-01 -5.262740579973979038e-02 5.372346343727940621e-02 3.680437069921254079e-01 -2.821923770750345284e-02
-6.248998485901893218e-01 -2.611596017691226734e-01 -7.101750405141160627e-01 -3.671158865347479150e-02 -1.500198605784817119e-01 -1.470979612983001061e-01 1.118798310606621271e-01 3.400889098273296440e-01 6.787217654471078276e-02 2.451019466934667435e-01 1.035928140373698625e-01 -1.411177015251041666e-02 1.888024006443060898e-01 2.299983029972167969e-01 3.409376943935740201e-01 4.015423264011701576e-01 -1.253937147271244612e-01 1.265152059201000156e-01 2.172874384847887086e-01 -1.135867590086832024e-01 -1.107624507494051613e-01 -3.396207223795499885e-02 -6.419262044306606185e-02 5.830780269531032900e-02 -2.899176210615337368e-01 -5.262740579973979038e-02 3.277078512950879485e-01 -1.791225493471984009e-01 9.330023039962043185e-02 6.080659000622290478e-02
5.456854598687641555e-01 4.691267183375202876e-03 1.241174146943876622e+00 -2.140693142749796607e-01 5.313181069153074532e-01 3.320873694607371363e-01 -1.924637703722282822e-01 -4.233795096126300450e-01 -4.583305831357620264e-01 -4.853008520402681825e-01 -2.955143831792383935e-02 -2.713885700642322263e-01 -1.884231629258010798e-01 -6.826171452507310278e-01 -5.561375121128548926e-01 -6.436768337326839173e-01 2.012908891801998834e-01 -2.899878545983369804e-01 -2.384645430715295333e-01 3.350074593384420041e-01 2.600799053921036830e-01 1.872274440170826892e-01 1.848951530542422006e-01 3.776115002551705402e-04 6.460645567713072523e-01 5.372346343727940621e-02 -1.791225493471984009e-01 5.834209455146037726e-01 -1.753783884145718730e-01 -7.875218197250433150e-02
-1.522908621823262365e+00 -1.817856469911248496e+00 -8.353354357320199597e-01 -1.142768452302789228e-02 -3.784488920513808807e-01 2.209709794358900581e-01 3.271830747146395879e-01 1.031051515710885269e+00 -3.179173860930859519e-01 4.564927477177320725e-01 3.129980292129062036e-01 -6.043876948198771970e-01 2.190612906360911438e-05 7.845494167672200092e-01 3.609959166227554306e-01 4.651134479323104642e-01 -2.981689025461378151e-01 2.689897003132273312e-01 3.875236674313669027e-01 -1.013518031222758964e+00 2.019859292003616247e-01 5.311712882987364992e-01 -4.472331623039167425e-01 3.378240402412302501e-01 -4.577916081121315983e-01 3.680437069921254079e-01 9.330023039962043185e-02 -1.753783884145718730e-01 1.458582818424872585e+00 2.735740767807897100e-01
-4.233680325010027445e-01 -2.094569722052597172e-01 -3.787830478609635065e-01 -6.955517147912360088e-02 1.599783547203514900e-02 -1.210483580974823781e-01 8.788326498171272760e-02 -7.246278151461638117e-02 -5.378030521347909598e-02 2.097155313686016598e-02 6.856435198602639502e-02 1.050087680764590914e-01 1.280616586275300506e-01 6.596212654130795272e-04 5.469405834037388558e-02 7.289498103585856370e-02 2.065297319915089247e-01 -2.594269289920703159e-02 1.538499198196632278e-01 -5.087775269373651099e-02 4.935711078036320032e-02 2.323556321182422835e-01 -2.043089765712693406e-01 -7.005626212742299685e-02 -1.243416381964266293e-01 -2.821923770750345284e-02 6.080659000622290478e-02 -7.875218197250433150e-02 2.735740767807897100e-01 3.797445549448070778e-01
