6.053864490187493175e+00 3.451666763538241867e+00 1.205787631334771959e+00 1.243316365827354275e+00 -1.301585216148055224e+00 3.541597110731231624e-01 -9.213228501514549862e-01 -4.271237716334326251e-01 1.602922724590996495e+00 -7.896016608924014690e-01 -9.817552086298633185e-01 3.791421147640789968e-01 -9.666395066624886567e-01 -1.896893969167763316e-01 -1.015768269774127930e+00 -1.444987435327846015e+00 -4.642925003420828034e-01 -3.200840930577442123e-01 -1.676635724634252256e+00 9.665676102671341141e-01 -3.637345448250925983e-01 -1.654692285258363427e+00 9.592067490008844288e-01 -3.007105985555540428e-01 1.905133097178008938e-01 -6.935916374698081199e-02 -4.469859835342049337e-01 -3.381665197957772762e-02 -1.943638576890748482e+00 -1.094727151399865761e+00
3.451666763538241867e+00 4.005018702404925079e+00 1.554711883529364513e+00 7.701958731943818748e-01 -6.151687775645768852e-01 -9.331535160540056495e-01 -6.904885171076102779e-01 -2.071475599420182334e+00 3.426255720980861952e-01 -7.694946298306035715e-01 -1.805798855469902264e+00 9.619177770679812056e-01 -1.677101362427606546e-01 -1.290800452788403163e-01 -7.187215980081873568e-01 -1.055482049314491633e+00 5.281791991068871539e-01 -3.569646963533159578e-01 -9.847591765716003920e-01 1.624069510491779056e+00 -1.221480145249529414e-01 -9.365882604851663018e-01 6.966018435788896568e-01 -3.701389263948158259e-01 4.859783814465572505e-01 -3.106557399992198043e-01 -1.442499594289188281e-01 -1.033168661268746291e-01 -1.921691702651685318e+00 -2.138770852818652202e-01
1.205787631334771959e+00 1.554711883529364513e+00 1.424304006067131922e+00 3.632713711245969535e-01 -1.127982525437687400e-01 -6.273896367764564275e-01 -1.802004089647653018e-01 -7.749648258603087925e-01 -1.928393955948308758e-01 -3.465579362070343450e-01 -7.487264788624656831e-01 1.250288662491243485e-01 -2.131139576511031919e-01 -4.020668883117650694e-02 -3.448105802815462084e-01 -6.616083310209432966e-01 2.637123017512408296e-01 -8.255515010108638307e-02 -5.342261514137476297e-01 6.705773264509389264e-01 1.203604952987120669e-01 -3.356518977059863573e-01 2.462251427229489309e-01 -6.828714988802175867e-02 4.227199672463939351e-01 -1.776997135504529979e-01 -7.830334905878544305e-02 2.795807246441199823e-01 -8.808290356257657550e-01 -2.755069741151032758e-01
1.243316365827354275e+00 7.701958731943818748e-01 3.632713711245969535e-01 4.135583958258166604e-01 -3.030593266062169278e-01 5.960336538953470154e-02 -1.896414078273664927e-01 -8.291426843544513758e-02 3.874325152573305786e-01 -1.859779981708129526e-01 -1.990004766290098814e-01 3.121661963081123758e-02 -2.652808174153165055e-01 -4.534428640920395992e-02 -2.522328079632529807e-01 -3.707152306027978739e-01 -1.231496511300065322e-01 -5.415981915245993150e-02 -4.176656176146025246e-01 2.148842572545390794e-01 -5.897563920927950676e-02 -3.870650703508999868e-01 2.276621596159884575e-01 -4.877556636671442902e-02 9.308451591755328991e-02 -1.496038884243944267e-02 -1.199917136877957091e-01 6.638733279407915688e-02 -4.443139995493652350e-01 -3.073877949303778223e-01
-1.301585216148055224e+00 -6.151687775645768852e-01 -1.127982525437687400e-01 -3.030593266062169278e-01 8.251537905053965005e-01 -2.830881443114208196e-01 1.512472990497712999e-01 -1.885087465094557047e-01 -6.758031107886495192e-01 1.824573135800164891e-01 -2.012418394106703090e-01 1.688293376765841458e-01 3.758789411484713128e-01 -5.191344191513280748e-02 3.170229278155716202e-01 2.847614338724611116e-01 2.534180559710534908e-01 3.533480763007901260e-02 2.703523011337267690e-01 9.687320455782355566e-02 2.112684546301579758e-02 2.594414460490384045e-01 -1.984100932770047621e-01 -3.570599385653849822e-02 3.163139575752893506e-02 -6.337729993424545683e-02 1.649885782585442939e-01 4.887660431256790616e-02 1.431770294431089496e-01 4.000940765535574428e-01
3.541597110731231624e-01 -9.331535160540056495e-01 -6.273896367764564275e-01 5.960336538953470154e-02 -2.830881443114208196e-01 1.178656729555314087e+00 1.156551256883631140e-02 1.326755701942659016e+00 6.440786727055183292e-01 1.344526838688011594e-01 6.326318572259879147e-01 -7.131858799994006404e-01 -3.070463768815443473e-01 -6.463346005290304674e-02 -1.792341466651805604e-01 -1.216702678872252363e-01 -5.134757217357446279e-01 2.811888749522495345e-02 -1.524449635292342009e-01 -4.499457119694625362e-01 -3.701409000655075943e-03 -1.024687226686751274e-01 -3.793931181780862971e-02 1.184335480906497651e-01 -1.193565876085926902e-01 9.122627169148245230e-02 -2.692669077754317186e-02 2.432064488762648580e-01 2.316234251978812608e-01 -4.188493627692650989e-01
-9.213228501514549862e-01 -6.904885171076102779e-01 -1.802004089647653018e-01 -1.896414078273664927e-01 1.512472990497712999e-01 1.156551256883631140e-02 3.943056072513400068e-01 1.933185032441997464e-01 -3.729618250167163751e-01 1.994813820070362453e-01 3.306590897529417816e-01 -1.025164891266285849e-01 7.835388608816629130e-02 8.299436994292364034e-02 3.563290940024899101e-01 2.594062526110860745e-01 9.237307669025085488e-03 1.093995135195768853e-01 1.798188965656208893e-01 -3.491630781094272606e-01 2.247767354504048853e-03 1.680297969385833312e-01 -2.116009280641151236e-01 5.647920994942978723e-02 -1.495146076634341625e-01 2.694141992009235764e-02 1.255538298522651530e-02 -1.891764042539989532e-02 4.568538165218569702e-01 1.071021240933873742e-01
-4.271237716334326251e-01 -2.071475599420182334e+00 -7.749648258603087925e-01 -8.291426843544513758e-02 -1.885087465094557047e-01 1.326755701942659016e+00 1.933185032441997464e-01 2.189513286628425703e+00 6.297010896440724537e-01 4.110674183702940354e-01 1.350342307875109782e+00 -1.183202634823828703e+00 -3.629751200654141030e-01 -1.108019696731048498e-01 -5.904708541322634119e-03 1.440648355012399406e-01 -9.009393000649765781e-01 2.470393152016754357e-01 -1.608710700753590572e-02 -8.989017410161750377e-01 2.442694783923116120e-02 -8.140384719234816657e-02 -8.280075768470851472e-02 3.098551141684993127e-01 -1.539773808973450286e-01 1.798191426287303329e-01 -5.156113383975480247e-03 3.760300472920334869e-01 5.337538726521984245e-01 -5.685525168607341584e-01
1.602922724590996495e+00 3.426255720980861952e-01 -1.928393955948308758e-01 3.874325152573305786e-01 -6.758031107886495192e-01 6.440786727055183292e-01 -3.729618250167163751e-01 6.297010896440724537e-01 1.126577408089133314e+00 -1.286446820579385530e-01 3.336642978015902372e-01 -3.042056209810652945e-01 -4.377015526982290794e-01 -9.247204960541921537e-02 -4.888281619812460121e-01 -3.160894157962275131e-01 -5.508655740217704988e-01 -6.492898995134055440e-04 -3.649616191370057550e-01 -6.885922686825551864e-02 -6.233935178590854775e-02 -4.517926004428716169e-01 3.769343249038001886e-01 6.122513533728124457e-02 4.764295850776534280e-02 9.407383586460582592e-02 -1.882951492821689499e-01 3.415136081838454629e-02 -3.889999792983189764e-01 -5.947246032164343887e-01
-7.896016608924014690e-01 -7.694946298306035715e-01 -3.465579362070343450e-01 -1.859779981708129526e-01 1.824573135800164891e-01 1.344526838688011594e-01 1.994813820070362453e-01 4.110674183702940354e-01 -1.286446820579385530e-01 2.730418140253618731e-01 4.021248223937163857e-01 -2.057461221702965304e-01 1.084947333323498242e-01 -2.407661587295706340e-02 2.743448422230585493e-01 2.825734182233077263e-01 -1.516684678659885321e-01 1.395411045763808033e-01 1.682479242930696728e-01 -2.736427280499356129e-01 -1.882887172786240626e-02 7.024107289373660024e-02 -8.947021167648472328e-02 9.147284186917659099e-02 -1.037989604237736785e-01 2.955555006383292493e-02 3.895625045367978601e-02 -2.270116839025604349e-02 2.831482461164114284e-01 2.100968311651740805e-02
-9.817552086298633185e-01 -1.805798855469902264e+00 -7.487264788624656831e-01 -1.990004766290098814e-01 -2.012418394106703090e-01 6.326318572259879147e-01 3.306590897529417816e-01 1.350342307875109782e+00 3.336642978015902372e-01 4.021248223937163857e-01 1.383911841483779881e+00 -6.896070942400456261e-01 -1.916924200608605133e-01 4.622412980978651831e-02 2.532095660918116664e-01 4.846581300340062626e-01 -6.834717331724391443e-01 3.183054125949524860e-01 2.889651129637798022e-01 -9.792694818877976104e-01 -5.313316887566088553e-03 9.980971468957022807e-02 -7.343117680989053042e-02 2.877859894561538567e-01 -2.325721018679587360e-01 2.101901729619157777e-01 -7.097622731271258090e-02 -1.197542815248198167e-03 7.525466022138971312e-01 -3.109770131947584559e-01
3.791421147640789968e-01 9.619177770679812056e-01 1.250288662491243485e-01 3.121661963081123758e-02 1.688293376765841458e-01 -7.131858799994006404e-01 -1.025164891266285849e-01 -1.183202634823828703e+00 -3.042056209810652945e-01 -2.057461221702965304e-01 -6.896070942400456261e-01 9.379642225247835086e-01 2.158528595652455806e-01 9.508239187613298782e-02 1.403677102973688307e-01 7.130097648547462086e-02 4.346655210343897124e-01 -1.365690822394469706e-01 4.170058714538527056e-02 3.477397891471696312e-01 -1.378236810933231027e-01 -6.854726416690937185e-03 4.227795846395565604e-02 -2.229062642895200952e-01 -5.553715759396027352e-02 -3.232940365256808946e-02 -7.907087831085846119e-02 -3.685571252141812693e-01 -1.453748628907192142e-01 3.904004607460365150e-01
-9.666395066624886567e-01 -1.677101362427606546e-01 -2.131139576511031919e-01 -2.652808174153165055e-01 3.758789411484713128e-01 -3.070463768815443473e-01 7.835388608816629130e-02 -3.629751200654141030e-01 -4.377015526982290794e-01 1.084947333323498242e-01 -1.916924200608605133e-01 2.158528595652455806e-01 4.018076614132155555e-01 -1.694397620798326898e-02 2.012561106230350561e-01 2.759468887696527872e-01 2.946667830059368498e-01 -9.562032789659724585e-03 3.198276729086160231e-01 1.312550127733516092e-01 3.108369925013221291e-02 2.552373981890525556e-01 -1.644550894508824967e-01 -2.811991514056444430e-02 -6.790537753556691314e-02 -5.804238746878809252e-02 1.604600354525587136e-01 -1.398424938486755309e-01 1.600197305053825403e-01 3.868901347477162744e-01
-1.896893969167763316e-01 -1.290800452788403163e-01 -4.020668883117650694e-02 -4.534428640920395992e-02 -5.191344191513280748e-02 -6.463346005290304674e-02 8.299436994292364034e-02 -1.108019696731048498e-01 -9.247204960541921537e-02 -2.407661587295706340e-02 4.622412980978651831e-02 9.508239187613298782e-02 -1.694397620798326898e-02 1.681386910992159756e-01 6.205862706855214128e-02 7.908060555473639397e-02 7.522888230033686341e-02 -8.544821999407758994e-03 1.225016315181903792e-01 -1.979492992133486950e-01 2.502762239669209521e-02 1.714984410725719499e-01 -9.797077323906933088e-02 1.449256164147527670e-02 -7.242606798928363787e-02 4.590380156008677659e-02 -7.069201022341076168e-02 -1.075938349805483085e-01 2.522189329051798268e-01 7.988763050349234618e-02
-1.015768269774127930e+00 -7.187215980081873568e-01 -3.448105802815462084e-01 -2.522328079632529807e-01 3.170229278155716202e-01 -1.792341466651805604e-01 3.563290940024899101e-01 -5.904708541322634119e-03 -4.888281619812460121e-01 2.743448422230585493e-01 2.532095660918116664e-01 1.403677102973688307e-01 2.012561106230350561e-01 6.205862706855214128e-02 6.744774020458521591e-01 4.570033639996893271e-01 3.702986962917975688e-02 1.357062895674800984e-01 2.423500912277063435e-01 -3.504647173517128067e-01 -1.261552348326517858e-01 1.501988626540367022e-01 -1.862666415762532779e-01 -9.123139395228463400e-03 -2.301439094673298769e-01 7.333228201360952880e-02 -2.928084474194747600e-02 -1.833365316820732005e-01 5.187057200780031962e-01 2.268810696430136886e-01
-1.444987435327846015e+00 -1.055482049314491633e+00 -6.616083310209432966e-01 -3.707152306027978739e-01 2.847614338724611116e-01 -1.216702678872252363e-01 2.594062526110860745e-01 1.440648355012399406e-01 -3.160894157962275131e-01 2.825734182233077263e-01 4.846581300340062626e-01 7.130097648547462086e-02 2.759468887696527872e-01 7.908060555473639397e-02 4.570033639996893271e-01 6.692962601593421823e-01 -4.589376793438759705e-02 1.675090774844534280e-01 5.186618298921246151e-01 -4.291243966169986379e-01 -5.489043903614287956e-02 3.000000250470407082e-01 -1.800910587348028002e-01 8.124232344141546491e-02 -2.401290818814345585e-01 1.078050342790106697e-01 8.191889130864637991e-02 -2.500511869492925143e-01 6.102206903188402976e-01 2.952844815978892257e-01
-4.642925003420828034e-01 5.281791991068871539e-01 2.637123017512408296e-01 -1.231496511300065322e-01 2.534180559710534908e-01 -5.134757217357446279e-01 9.237307669025085488e-03 -9.009393000649765781e-01 -5.508655740217704988e-01 -1.516684678659885321e-01 -6.834717331724391443e-01 4.346655210343897124e-01 2.946667830059368498e-01 7.522888230033686341e-02 3.702986962917975688e-02 -4.589376793438759705e-02 6.481860035532918118e-01 -1.722911043102612894e-01 1.890147056967919070e-01 3.102482904349130877e-01 1.046604918247453497e-01 3.647274787979313260e-01 -2.151003466939869213e-01 -1.407841021132298920e-01 1.958607882795604382e-02 -9.792445109707159645e-02 8.474968225283419088e-02 -9.222838702214630757e-02 8.217810618594967309e-02 4.525997568974844398e-01
-3.200840930577442123e-01 -3.569646963533159578e-01 -8.255515010108638307e-02 -5.415981915245993150e-02 3.533480763007901260e-02 2.811888749522495345e-02 1.093995135195768853e-01 2.470393152016754357e-01 -6.492898995134055440e-04 1.395411045763808033e-01 3.183054125949524860e-01 -1.365690822394469706e-01 -9.562032789659724585e-03 -8.544821999407758994e-03 1.357062895674800984e-01 1.675090774844534280e-01 -1.722911043102612894e-01 1.837592195450099553e-01 5.208509332655353319e-02 -1.784785232879926298e-01 -1.745124088657235006e-02 -8.642331463460095620e-02 5.459892115325715167e-02 8.233044872861228214e-02 -2.659962303056317978e-03 2.445827390243948685e-02 -3.697018308656652152e-02 4.354755625911366224e-03 3.654114714544220988e-02 -1.557195974531850879e-01
-1.676635724634252256e+00 -9.847591765716003920e-01 -5.342261514137476297e-01 -4.176656176146025246e-01 2.703523011337267690e-01 -1.524449635292342009e-01 1.798188965656208893e-01 -1.608710700753590572e-02 -3.649616191370057550e-01 1.682479242930696728e-01 2.889651129637798022e-01 4.170058714538527056e-02 3.198276729086160231e-01 1.225016315181903792e-01 2.423500912277063435e-01 5.186618298921246151e-01 1.890147056967919070e-01 5.208509332655353319e-02 6.948542890566216101e-01 -3.468078277911956775e-01 1.299656826527098019e-01 6.231906906602375784e-01 -2.859786700929021208e-01 8.706240733042136526e-02 -1.883227500586883707e-01 6.081851387605752279e-02 1.242228100458078188e-01 -2.219779777460928472e-01 7.019804372569069528e-01 3.742448796916733045e-01
9.665676102671341141e-01 1.624069510491779056e+00 6.705773264509389264e-01 2.148842572545390794e-01 9.687320455782355566e-02 -4.499457119694625362e-01 -3.491630781094272606e-01 -8.989017410161750377e-01 -6.885922686825551864e-02 -2.736427280499356129e-01 -9.792694818877976104e-01 3.477397891471696312e-01 1.312550127733516092e-01 -1.979492992133486950e-01 -3.504647173517128067e-01 -4.291243966169986379e-01 3.102482904349130877e-01 -1.784785232879926298e-01 -3.468078277911956775e-01 1.041962285021156731e+00 7.538199126599920419e-03 -3.329232054938131569e-01 2.224963055859916494e-01 -1.644946799187323450e-01 3.198848203153374925e-01 -2.434137150601713984e-01 1.082536786053651667e-01 9.906916448471747572e-02 -9.761133226097626903e-01 7.813638516347509722e-02
-3.637345448250925983e-01 -1.221480145249529414e-01 1.203604952987120669e-01 -5.897563920927950676e-02 2.112684546301579758e-02 -3.701409000655075943e-03 2.247767354504048853e-03 2.442694783923116120e-02 -6.233935178590854775e-02 -1.882887172786240626e-02 -5.313316887566088553e-03 -1.378236810933231027e-01 3.108369925013221291e-02 2.502762239669209521e-02 -1.261552348326517858e-01 -5.489043903614287956e-02 1.046604918247453497e-01 -1.745124088657235006e-02 1.299656826527098019e-01 7.538199126599920419e-03 1.822157573410549958e-01 2.251802844661483505e-01 -8.197308750925458298e-02 5.950930322961767160e-02 5.679031121849220654e-02 -3.178319960761655238e-02 1.204468612058917643e-02 5.116074240191892386e-02 5.843610905566265501e-02 -2.665912035536166513e-02
-1.654692285258363427e+00 -9.365882604851663018e-01 -3.356518977059863573e-01 -3.870650703508999868e-01 2.594414460490384045e-01 -1.024687226686751274e-01 1.680297969385833312e-01 -8.140384719234816657e-02 -4.517926004428716169e-01 7.024107289373660024e-02 9.980971468957022807e-02 -6.854726416690937185e-03 2.552373981890525556e-01 1.714984410725719499e-01 1.501988626540367022e-01 3.000000250470407082e-01 3.647274787979313260e-01 -8.642331463460095620e-02 6.231906906602375784e-01 -3.329232054938131569e-01 2.251802844661483505e-01 8.836380476726617417e-01 -4.373581289548837958e-01 2.643553747122950881e-02 -1.447743285082481179e-01 5.008917149291391979e-02 1.105305519453736451e-01 -1.138049138578196562e-01 8.427067825373342203e-01 4.708453887867563026e-01
9.592067490008844288e-01 6.966018435788896568e-01 2.462251427229489309e-01 2.276621596159884575e-01 -1.984100932770047621e-01 -3.793931181780862971e-02 -2.116009280641151236e-01 -8.280075768470851472e-02 3.769343249038001886e-01 -8.947021167648472328e-02 -7.343117680989053042e-02 4.227795846395565604e-02 -1.644550894508824967e-01 -9.797077323906933088e-02 -1.862666415762532779e-01 -1.800910587348028002e-01 -2.151003466939869213e-01 5.459892115325715167e-02 -2.859786700929021208e-01 2.224963055859916494e-01 -8.197308750925458298e-02 -4.373581289548837958e-01 4.150656635217160328e-01 -2.773479669201606157e-03 1.728904445151897562e-01 -2.445800851506874096e-02 -6.751616643208535606e-02 9.193920110931230738e-03 -6.419921136699713315e-01 -3.435696002272834448e-01
-3.007105985555540428e-01 -3.701389263948158259e-01 -6.828714988802175867e-02 -4.877556636671442902e-02 -3.570599385653849822e-02 1.184335480906497651e-01 5.647920994942978723e-02 3.098551141684993127e-01 6.122513533728124457e-02 9.147284186917659099e-02 2.877859894561538567e-01 -2.229062642895200952e-01 -2.811991514056444430e-02 1.449256164147527670e-02 -9.123139395228463400e-03 8.124232344141546491e-02 -1.407841021132298920e-01 8.233044872861228214e-02 8.706240733042136526e-02 -1.644946799187323450e-01 5.950930322961767160e-02 2.643553747122950881e-02 -2.773479669201606157e-03 1.269569386326452332e-01 3.496084407402122451e-03 1.817789386598178680e-02 -1.415626950557680175e-02 3.141562502491979103e-02 8.358500971291960013e-02 -1.339836339008684263e-01
1.905133097178008938e-01 4.859783814465572505e-01 4.227199672463939351e-01 9.308451591755328991e-02 3.163139575752893506e-02 -1.193565876085926902e-01 -1.495146076634341625e-01 -1.539773808973450286e-01 4.764295850776534280e-02 -1.037989604237736785e-01 -2.325721018679587360e-01 -5.553715759396027352e-02 -6.790537753556691314e-02 -7.242606798928363787e-02 -2.301439094673298769e-01 -2.401290818814345585e-01 1.958607882795604382e-02 -2.659962303056317978e-03 -1.883227500586883707e-01 3.198848203153374925e-01 5.679031121849220654e-02 -1.447743285082481179e-01 1.728904445151897562e-01 3.496084407402122451e-03 3.614655106725024325e-01 -8.798734836000221549e-02 -2.540829400498978430e-02 2.493820280020599967e-01 -4.830075600112309075e-01 -9.754146950012909656e-02
-6.935916374698081199e-02 -3.106557399992198043e-01 -1.776997135504529979e-01 -1.496038884243944267e-02 -6.337729993424545683e-02 9.122627169148245230e-02 2.694141992009235764e-02 1.798191426287303329e-01 9.407383586460582592e-02 2.955555006383292493e-02 2.101901729619157777e-01 -3.232940365256808946e-02 -5.804238746878809252e-02 4.590380156008677659e-02 7.333228201360952880e-02 1.078050342790106697e-01 -9.792445109707159645e-02 2.445827390243948685e-02 6.081851387605752279e-02 -2.434137150601713984e-01 -3.178319960761655238e-02 5.008917149291391979e-02 -2.445800851506874096e-02 1.817789386598178680e-02 -8.798734836000221549e-02 1.159041893698145032e-01 -3.373015945714996633e-02 -4.486082884454845043e-02 1.880128284273041572e-01 -2.572586199170245891e-02
-4.469859835342049337e-01 -1.442499594289188281e-01 -7.830334905878544305e-02 -1.199917136877957091e-01 1.649885782585442939e-01 -2.692669077754317186e-02 1.255538298522651530e-02 -5.156113383975480247e-03 -1.882951492821689499e-01 3.895625045367978601e-02 -7.097622731271258090e-02 -7.907087831085846119e-02 1.604600354525587136e-01 -7.069201022341076168e-02 -2.928084474194747600e-02 8.191889130864637991e-02 8.474968225283419088e-02 -3.697018308656652152e-02 1.242228100458078188e-01 1.082536786053651667e-01 1.204468612058917643e-02 1.105305519453736451e-01 -6.751616643208535606e-02 -1.415626950557680175e-02 -2.540829400498978430e-02 -3.373015945714996633e-02 2.709774795075077236e-01 6.374135402961655927e-02 3.432815747083850511e-02 1.699792144930256654e-01
-3.381665197957772762e-02 -1.033168661268746291e-01 2.795807246441199823e-01 6.638733279407915688e-02 4.887660431256790616e-02 2.432064488762648580e-01 -1.891764042539989532e-02 3.760300472920334869e-01 3.415136081838454629e-02 -2.270116839025604349e-02 -1.197542815248198167e-03 -3.685571252141812693e-01 -1.398424938486755309e-01 -1.075938349805483085e-01 -1.833365316820732005e-01 -2.500511869492925143e-01 -9.222838702214630757e-02 4.354755625911366224e-03 -2.219779777460928472e-01 9.906916448471747572e-02 5.116074240191892386e-02 -1.138049138578196562e-01 9.193920110931230738e-03 3.141562502491979103e-02 2.493820280020599967e-01 -4.486082884454845043e-02 6.374135402961655927e-02 4.853424043922700548e-01 -1.839715329091404783e-01 -1.557213856568750998e-01
-1.943638576890748482e+00 -1.921691702651685318e+00 -8.808290356257657550e-01 -4.443139995493652350e-01 1.431770294431089496e-01 2.316234251978812608e-01 4.568538165218569702e-01 5.337538726521984245e-01 -3.889999792983189764e-01 2.831482461164114284e-01 7.525466022138971312e-01 -1.453748628907192142e-01 1.600197305053825403e-01 2.522189329051798268e-01 5.187057200780031962e-01 6.102206903188402976e-01 8.217810618594967309e-02 3.654114714544220988e-02 7.019804372569069528e-01 -9.761133226097626903e-01 5.843610905566265501e-02 8.427067825373342203e-01 -6.419921136699713315e-01 8.358500971291960013e-02 -4.830075600112309075e-01 1.880128284273041572e-01 3.432815747083850511e-02 -1.839715329091404783e-01 1.587908863383518110e+00 4.519855164321029406e-01
-1.094727151399865761e+00 -2.138770852818652202e-01 -2.755069741151032758e-01 -3.073877949303778223e-01 4.000940765535574428e-01 -4.188493627692650989e-01 1.071021240933873742e-01 -5.685525168607341584e-01 -5.947246032164343887e-01 2.100968311651740805e-02 -3.109770131947584559e-01 3.904004607460365150e-01 3.868901347477162744e-01 7.988763050349234618e-02 2.268810696430136886e-01 2.952844815978892257e-01 4.525997568974844398e-01 -1.557195974531850879e-01 3.742448796916733045e-01 7.813638516347509722e-02 -2.665912035536166513e-02 4.708453887867563026e-01 -3.435696002272834448e-01 -1.339836339008684263e-01 -9.754146950012909656e-02 -2.572586199170245891e-02 1.699792144930256654e-01 -1.557213856568750998e-01 4.519855164321029406e-01 8.181843571607601007e-01
