5.815505971441098154e+00 3.829733582585845397e+00 1.554941002989494336e+00 1.264529015143125434e+00 -9.154706838991728546e-01 4.126676762092529316e-02 -9.570917616049428034e-01 -4.887397893265870152e-01 1.611932813728344627e+00 -7.666320392989973698e-01 -7.876770209908272591e-01 2.997495154772877868e-01 -1.125604950110016489e+00 -1.649218007769377436e-01 -9.605094408825607388e-01 -1.259082715769977767e+00 -7.952009073563317543e-01 -3.617171867291517628e-01 -1.547800892272562123e+00 3.917253088804386607e-01 -2.598463134260100560e-01 -1.547628203413410120e+00 6.259359172487961587e-01 -6.751971388092670168e-02 1.312028507180684755e-01 -1.372621679896610658e-01 -4.932458666263528357e-01 -7.393738386099357740e-03 -1.558118991096307582e+00 -1.365050303125258324e+00
3.829733582585845397e+00 4.211832473803212906e+00 1.986909444807224645e+00 8.198587759436577471e-01 -2.570426015032012401e-01 -7.386572056556701682e-01 -8.460118286792521758e-01 -1.617138307501761574e+00 4.154481055563223890e-01 -7.191900654673872850e-01 -1.669340478762819657e+00 6.012416836986744784e-01 -4.228621517316923928e-01 -9.663710970409056245e-02 -7.679745446499737227e-01 -1.053655450957535322e+00 2.345223629001793597e-01 -2.854437508680121027e-01 -1.029988258551270519e+00 1.153504801472081454e+00 1.994506080899327571e-02 -9.479539182352141324e-01 4.868305839108302280e-01 -3.034915046091555269e-01 4.054658821596603957e-01 -4.789008268768952803e-01 -2.653821099120250437e-01 -3.539519338022500961e-02 -1.967631275818916947e+00 -6.625967019357403842e-01
1.554941002989494336e+00 1.986909444807224645e+00 2.036365279259996441e+00 3.984972999433011864e-01 1.297052619324858824e-01 -7.757451934401160543e-01 -3.021711137410534320e-01 -9.443811146500706855e-01 -3.846004912900866657e-01 -3.925451981174887806e-01 -1.048933004244588574e+00 1.108143545225743765e-01 -2.185827974642506888e-01 -1.091453459742410814e-01 -5.198241737250555161e-01 -6.954538008852182429e-01 1.093541109465263617e-01 -4.371971613693403924e-02 -5.865876654571593463e-01 6.212026517360413891e-01 2.373009666024472608e-01 -4.217460112411117734e-01 3.177265686941268541e-01 -2.244852160225718762e-02 4.474045592584161568e-01 -1.329031670441054303e-01 -2.088612949082175874e-01 2.162438075780528379e-01 -9.295359430225857977e-01 -4.292830209340081637e-01
1.264529015143125434e+00 8.198587759436577471e-01 3.984972999433011864e-01 4.458297284919581216e-01 -2.977906188751830996e-01 5.732008691563805769e-02 -1.918831307410755471e-01 -5.101251140899876191e-02 4.938403976966583286e-01 -1.800135775359876789e-01 -9.304395045865021530e-02 -1.872152733443499528e-02 -3.320461713715303631e-01 -4.255362036747101229e-02 -2.985952309545041317e-01 -3.422588446850909349e-01 -2.988620305374638519e-01 -9.307062575709323937e-02 -4.170686401214993566e-01 3.266509410019580173e-02 -3.476801527682482629e-02 -4.004707354809511344e-01 1.820939551155902336e-01 4.994064981048040863e-02 6.786810543746923940e-02 3.470670736464853690e-02 -1.473869463949313285e-01 8.551609670956850096e-02 -2.860607803235666324e-01 -4.070523830749834815e-01
-9.154706838991728546e-01 -2.570426015032012401e-01 1.297052619324858824e-01 -2.977906188751830996e-01 8.563169557461378645e-01 -3.814335112783737713e-01 4.283864377248391975e-02 -3.971092714226074349e-01 -8.438674740529563678e-01 1.063020469853768191e-01 -5.033185017069286005e-01 2.877248205518867508e-01 4.225544763420998606e-01 -4.827040580153152405e-02 3.311755806928431412e-01 1.944199594534552489e-01 5.336128975324072599e-01 1.077265100515774066e-01 2.201712444926613443e-01 3.920040998696094903e-01 4.266671265486365883e-02 2.194024952754034530e-01 -1.011867060767599469e-01 -2.058723767078731726e-01 7.233672540615998514e-02 -2.141778601949226868e-01 1.216234249404237744e-01 -6.476317784773755193e-02 -2.608291871924848238e-01 4.105521574498425252e-01
4.126676762092529316e-02 -7.386572056556701682e-01 -7.757451934401160543e-01 5.732008691563805769e-02 -3.814335112783737713e-01 8.392810226548022001e-01 5.991217248151770036e-02 8.074420935856778669e-01 6.487671773120951002e-01 1.044258775973503361e-01 5.783861996146697493e-01 -4.184309772996925858e-01 -1.659084159152826032e-01 -3.299008023674332435e-02 -1.437437505315983799e-01 -3.247067273071024829e-02 -4.382889865142942654e-01 -7.595732843014957325e-02 -6.319622606761754469e-02 -3.615748407471528481e-01 -2.321883287334003398e-02 -5.096799285809083813e-02 -4.758823675365420058e-02 1.668148476861119889e-01 -1.090303369141452094e-01 1.632297470309822529e-01 2.228529612898455525e-02 1.586499903081630691e-01 4.514758447355120552e-01 -2.400513946672617749e-01
-9.570917616049428034e-01 -8.460118286792521758e-01 -3.021711137410534320e-01 -1.918831307410755471e-01 4.283864377248391975e-02 5.991217248151770036e-02 3.991867590665378884e-01 2.506874926838804640e-01 -3.414557078886559793e-01 1.907985427781113685e-01 3.612672933245448803e-01 -9.537528920782278874e-02 1.086906189548244583e-01 5.305967395941024733e-02 3.226000394458310438e-01 2.459914611263229745e-01 2.089645464275236009e-02 1.095461195600933024e-01 1.838613544052805082e-01 -2.758756877330483803e-01 -1.394148277569229322e-02 1.669525306626837846e-01 -1.509998290629255280e-01 5.032875546578452486e-02 -1.300216995241498807e-01 7.937825754424920888e-02 3.319860987056699742e-02 -1.648478500311512107e-02 4.647601392273941201e-01 1.773582932732438167e-01
-4.887397893265870152e-01 -1.617138307501761574e+00 -9.443811146500706855e-01 -5.101251140899876191e-02 -3.971092714226074349e-01 8.074420935856778669e-01 2.506874926838804640e-01 1.310734131905348931e+00 6.045060253028964325e-01 2.901383019810737096e-01 1.102958108977190932e+00 -5.891960246819394342e-01 -1.589902360226460587e-01 -9.953167413254959683e-02 3.425403423148054571e-02 2.332781721927972285e-01 -7.432908790044052694e-01 5.618413880210937350e-02 4.857311822667043089e-02 -6.630566900786902806e-01 -8.528459818683131743e-02 -8.116728278127993690e-02 -2.748102972503829733e-02 3.262709436266959528e-01 -1.890762165942874162e-01 3.325860911297695566e-01 3.788097046935945400e-02 1.463098989473792244e-01 8.013290426599155580e-01 -2.476746923387622701e-01
1.611932813728344627e+00 4.154481055563223890e-01 -3.846004912900866657e-01 4.938403976966583286e-01 -8.438674740529563678e-01 6.487671773120951002e-01 -3.414557078886559793e-01 6.045060253028964325e-01 1.496766936621611421e+00 -1.325704982962747636e-01 5.943667731311279567e-01 -3.093176659246523741e-01 -5.579970231244715251e-01 -7.213889672959794552e-02 -5.685518767781445604e-01 -2.810588934607949341e-01 -8.671672750776338034e-01 -1.699148907878793580e-01 -4.148010899498046911e-01 -3.040950704658484938e-01 -1.211237425384865674e-01 -5.287612977903677347e-01 3.061365478683910624e-01 2.578369001976170694e-01 1.923419255723501919e-02 2.305934862113758754e-01 -1.572467798987986498e-01 1.316388154058358850e-01 -6.377812395140836088e-02 -6.926138840979660927e-01
-7.666320392989973698e-01 -7.191900654673872850e-01 -3.925451981174887806e-01 -1.800135775359876789e-01 1.063020469853768191e-01 1.044258775973503361e-01 1.907985427781113685e-01 2.901383019810737096e-01 -1.325704982962747636e-01 2.277452009481066852e-01 3.159852327644898651e-01 -1.152027387918224122e-01 1.584575110198329639e-01 -4.067376135355971201e-02 2.417075034852587123e-01 2.449660261175949927e-01 -4.949546896727952117e-02 1.015847052515255200e-01 1.590476244257672533e-01 -1.186970469709081044e-01 -2.911333208680844109e-02 7.748859550844144906e-02 -5.697782454137723107e-02 6.263915701146061110e-02 -7.493852822591406948e-02 3.336220136691281368e-02 6.197029668004461200e-02 -3.691600605418443592e-02 2.392459067971230979e-01 9.710354978500390644e-02
-7.876770209908272591e-01 -1.669340478762819657e+00 -1.048933004244588574e+00 -9.304395045865021530e-02 -5.033185017069286005e-01 5.783861996146697493e-01 3.612672933245448803e-01 1.102958108977190932e+00 5.943667731311279567e-01 3.159852327644898651e-01 1.374740148151033736e+00 -4.481094831709810933e-01 -1.789388969614833513e-01 -5.449649027809755353e-03 1.734412496229538192e-01 4.420080870153242358e-01 -7.619840390900662896e-01 1.317105501648825339e-01 1.989951867967363341e-01 -8.161425923303795571e-01 -1.573918136149359270e-01 -2.743693073801978244e-02 2.426561391717996230e-02 3.581439147827154557e-01 -2.277635603259682284e-01 3.856521539576647228e-01 -4.399575584557169350e-05 -3.394683927979258442e-03 8.686210195999137795e-01 -1.815686251931083461e-01
2.997495154772877868e-01 6.012416836986744784e-01 1.108143545225743765e-01 -1.872152733443499528e-02 2.877248205518867508e-01 -4.184309772996925858e-01 -9.537528920782278874e-02 -5.891960246819394342e-01 -3.093176659246523741e-01 -1.152027387918224122e-01 -4.481094831709810933e-01 5.719274390116879658e-01 7.636358759799577456e-02 1.065207011113784574e-01 2.177255185115996028e-01 5.377530167208988132e-02 4.080307450662417068e-01 -6.749122931012152549e-03 2.920422778237252714e-02 2.101337825789642011e-01 -1.173048519930262046e-01 1.874117101201022706e-02 -4.321910596434008767e-02 -2.507184426450521642e-01 -3.951360428470707120e-02 -1.833467408689557487e-01 -4.466735215908101964e-02 -2.090198834106899994e-01 -3.497811419539971212e-01 2.467225728541393437e-01
-1.125604950110016489e+00 -4.228621517316923928e-01 -2.185827974642506888e-01 -3.320461713715303631e-01 4.225544763420998606e-01 -1.659084159152826032e-01 1.086906189548244583e-01 -1.589902360226460587e-01 -5.579970231244715251e-01 1.584575110198329639e-01 -1.789388969614833513e-01 7.636358759799577456e-02 4.399735437445997377e-01 -2.161608026648309533e-02 2.500917750579105814e-01 2.536276488981172861e-01 4.250057372187825422e-01 8.731482995733585994e-02 3.323180314298781468e-01 2.169929810234521028e-01 6.305341361235150544e-02 3.035625652842952604e-01 -1.671614270112513623e-01 -1.086369954989550024e-01 -3.724668217961379924e-02 -1.482223043766452975e-01 1.797293784507587588e-01 -1.017333643456481695e-01 3.323693414904482779e-02 3.945722284631187904e-01
-1.649218007769377436e-01 -9.663710970409056245e-02 -1.091453459742410814e-01 -4.255362036747101229e-02 -4.827040580153152405e-02 -3.299008023674332435e-02 5.305967395941024733e-02 -9.953167413254959683e-02 -7.213889672959794552e-02 -4.067376135355971201e-02 -5.449649027809755353e-03 1.065207011113784574e-01 -2.161608026648309533e-02 1.898601612861057220e-01 4.210333187785408882e-02 4.881348005602603735e-02 1.243469255737181811e-01 -3.920880357088663004e-02 1.153567445706187300e-01 -1.451487500295911559e-01 -9.174847725091694883e-03 1.753641484897912051e-01 -9.981997441849443931e-02 -2.706085890520171233e-02 -6.230373567660763001e-02 2.800906615686926671e-02 -2.088707848014337287e-02 -6.052510513262632230e-02 1.526416695431862536e-01 1.619830613125259333e-01
-9.605094408825607388e-01 -7.679745446499737227e-01 -5.198241737250555161e-01 -2.985952309545041317e-01 3.311755806928431412e-01 -1.437437505315983799e-01 3.226000394458310438e-01 3.425403423148054571e-02 -5.685518767781445604e-01 2.417075034852587123e-01 1.734412496229538192e-01 2.177255185115996028e-01 2.500917750579105814e-01 4.210333187785408882e-02 7.781753152273154228e-01 4.449022202492471934e-01 2.883414060802351742e-01 1.782868456326127671e-01 2.761452253362506326e-01 -1.678090547071633409e-01 -1.801869079906737170e-01 2.102712771281574078e-01 -2.007400717027962855e-01 -1.519473373563187124e-01 -2.380823900061272980e-01 -4.287645599089273674e-02 2.732299664944548567e-02 -2.485304057419739365e-01 3.100828584863393189e-01 3.627440184610009055e-01
-1.259082715769977767e+00 -1.053655450957535322e+00 -6.954538008852182429e-01 -3.422588446850909349e-01 1.944199594534552489e-01 -3.247067273071024829e-02 2.459914611263229745e-01 2.332781721927972285e-01 -2.810588934607949341e-01 2.449660261175949927e-01 4.420080870153242358e-01 5.377530167208988132e-02 2.536276488981172861e-01 4.881348005602603735e-02 4.449022202492471934e-01 5.549621731639149402e-01 6.985017140715399364e-02 1.743095065206432537e-01 4.256779783640354253e-01 -2.036059560399507973e-01 -1.054200062764607537e-01 2.369238550851946457e-01 -1.227930502627145870e-01 1.426145249092769518e-02 -1.711579180314117821e-01 3.774351390836727660e-02 1.277016787718707747e-01 -1.896500240385989855e-01 3.539393246263102810e-01 2.994540204302893471e-01
-7.952009073563317543e-01 2.345223629001793597e-01 1.093541109465263617e-01 -2.988620305374638519e-01 5.336128975324072599e-01 -4.382889865142942654e-01 2.089645464275236009e-02 -7.432908790044052694e-01 -8.671672750776338034e-01 -4.949546896727952117e-02 -7.619840390900662896e-01 4.080307450662417068e-01 4.250057372187825422e-01 1.243469255737181811e-01 2.883414060802351742e-01 6.985017140715399364e-02 9.348539607519796846e-01 -1.677986305440981596e-02 3.379102107292055734e-01 3.372230940425993140e-01 8.459598018140468412e-02 5.281978280115424695e-01 -3.008737170811173200e-01 -3.540027637366733870e-01 -5.747404795664579069e-02 -2.707940017103283026e-01 1.342862583646251551e-01 -1.808280982528458480e-01 -8.761718197206391778e-02 6.516321051389013519e-01
-3.617171867291517628e-01 -2.854437508680121027e-01 -4.371971613693403924e-02 -9.307062575709323937e-02 1.077265100515774066e-01 -7.595732843014957325e-02 1.095461195600933024e-01 5.618413880210937350e-02 -1.699148907878793580e-01 1.015847052515255200e-01 1.317105501648825339e-01 -6.749122931012152549e-03 8.731482995733585994e-02 -3.920880357088663004e-02 1.782868456326127671e-01 1.743095065206432537e-01 -1.677986305440981596e-02 1.776635113880615791e-01 9.194171897095770873e-02 -4.947301665765735379e-02 -2.796943854622213621e-02 -1.466542159283790170e-02 1.841136085343464401e-02 2.833915656322005816e-02 -1.258329377722589015e-02 8.448859658358287561e-03 -2.148391466357679747e-02 -8.265906083289564776e-02 6.842468187466010932e-02 -3.849605887268126025e-02
-1.547800892272562123e+00 -1.029988258551270519e+00 -5.865876654571593463e-01 -4.170686401214993566e-01 2.201712444926613443e-01 -6.319622606761754469e-02 1.838613544052805082e-01 4.857311822667043089e-02 -4.148010899498046911e-01 1.590476244257672533e-01 1.989951867967363341e-01 2.920422778237252714e-02 3.323180314298781468e-01 1.153567445706187300e-01 2.761452253362506326e-01 4.256779783640354253e-01 3.379102107292055734e-01 9.194171897095770873e-02 6.191719239120061502e-01 -1.516130746182113853e-01 4.848162123377619537e-02 5.906285986843045066e-01 -2.355019678571181885e-01 -3.463826178932549738e-02 -1.510391048116730417e-01 5.122468357910747727e-03 1.715466071984224072e-01 -1.947945333479310648e-01 4.909749598450048325e-01 4.819048995489652043e-01
3.917253088804386607e-01 1.153504801472081454e+00 6.212026517360413891e-01 3.266509410019580173e-02 3.920040998696094903e-01 -3.615748407471528481e-01 -2.758756877330483803e-01 -6.630566900786902806e-01 -3.040950704658484938e-01 -1.186970469709081044e-01 -8.161425923303795571e-01 2.101337825789642011e-01 2.169929810234521028e-01 -1.451487500295911559e-01 -1.678090547071633409e-01 -2.036059560399507973e-01 3.372230940425993140e-01 -4.947301665765735379e-02 -1.516130746182113853e-01 8.026640412493293297e-01 1.135364901671778171e-01 -1.591716450992635146e-01 8.518181489756670999e-02 -1.750424470195071081e-01 2.341198551752086132e-01 -3.234790307806179044e-01 6.870469628546516105e-02 3.345943452114852334e-02 -8.227509430440136384e-01 4.441486141155337464e-02
-2.598463134260100560e-01 1.994506080899327571e-02 2.373009666024472608e-01 -3.476801527682482629e-02 4.266671265486365883e-02 -2.321883287334003398e-02 -1.394148277569229322e-02 -8.528459818683131743e-02 -1.211237425384865674e-01 -2.911333208680844109e-02 -1.573918136149359270e-01 -1.173048519930262046e-01 6.305341361235150544e-02 -9.174847725091694883e-03 -1.801869079906737170e-01 -1.054200062764607537e-01 8.459598018140468412e-02 -2.796943854622213621e-02 4.848162123377619537e-02 1.135364901671778171e-01 1.690464738834975833e-01 1.480014064641466121e-01 -3.261996674558531595e-02 2.896611290248074511e-02 9.786071392750272935e-02 -7.255132035766109766e-04 8.386818510189186782e-03 8.569333158408198869e-02 2.445299964477953836e-02 2.610251619825021407e-02
-1.547628203413410120e+00 -9.479539182352141324e-01 -4.217460112411117734e-01 -4.004707354809511344e-01 2.194024952754034530e-01 -5.096799285809083813e-02 1.669525306626837846e-01 -8.116728278127993690e-02 -5.287612977903677347e-01 7.748859550844144906e-02 -2.743693073801978244e-02 1.874117101201022706e-02 3.035625652842952604e-01 1.753641484897912051e-01 2.102712771281574078e-01 2.369238550851946457e-01 5.281978280115424695e-01 -1.466542159283790170e-02 5.906285986843045066e-01 -1.591716450992635146e-01 1.480014064641466121e-01 8.508562785845015242e-01 -3.451362470557057804e-01 -1.261456062396177913e-01 -1.416374489247971269e-01 1.398237836565385805e-02 1.448060263790580393e-01 -1.366745236331325941e-01 6.239196461237668245e-01 6.204653135343392023e-01
6.259359172487961587e-01 4.868305839108302280e-01 3.177265686941268541e-01 1.820939551155902336e-01 -1.011867060767599469e-01 -4.758823675365420058e-02 -1.509998290629255280e-01 -2.748102972503829733e-02 3.061365478683910624e-01 -5.697782454137723107e-02 2.426561391717996230e-02 -4.321910596434008767e-02 -1.671614270112513623e-01 -9.981997441849443931e-02 -2.007400717027962855e-01 -1.227930502627145870e-01 -3.008737170811173200e-01 1.841136085343464401e-02 -2.355019678571181885e-01 8.518181489756670999e-02 -3.261996674558531595e-02 -3.451362470557057804e-01 3.149870232940088499e-01 1.074674870682201799e-01 1.849319869924102022e-01 1.979003911634436008e-02 -6.025364178196923604e-02 8.560847188221032411e-02 -4.016925016213122035e-01 -3.653220154941436704e-01
-6.751971388092670168e-02 -3.034915046091555269e-01 -2.244852160225718762e-02 4.994064981048040863e-02 -2.058723767078731726e-01 1.668148476861119889e-01 5.032875546578452486e-02 3.262709436266959528e-01 2.578369001976170694e-01 6.263915701146061110e-02 3.581439147827154557e-01 -2.507184426450521642e-01 -1.086369954989550024e-01 -2.706085890520171233e-02 -1.519473373563187124e-01 1.426145249092769518e-02 -3.540027637366733870e-01 2.833915656322005816e-02 -3.463826178932549738e-02 -1.750424470195071081e-01 2.896611290248074511e-02 -1.261456062396177913e-01 1.074674870682201799e-01 2.276615904976893034e-01 5.780499816592055140e-02 1.441681593831845021e-01 -4.258876231892827491e-02 1.019659310448446377e-01 1.294216649611712455e-01 -2.419154020137170846e-01
1.312028507180684755e-01 4.054658821596603957e-01 4.474045592584161568e-01 6.786810543746923940e-02 7.233672540615998514e-02 -1.090303369141452094e-01 -1.300216995241498807e-01 -1.890762165942874162e-01 1.923419255723501919e-02 -7.493852822591406948e-02 -2.277635603259682284e-01 -3.951360428470707120e-02 -3.724668217961379924e-02 -6.230373567660763001e-02 -2.380823900061272980e-01 -1.711579180314117821e-01 -5.747404795664579069e-02 -1.258329377722589015e-02 -1.510391048116730417e-01 2.341198551752086132e-01 9.786071392750272935e-02 -1.416374489247971269e-01 1.849319869924102022e-01 5.780499816592055140e-02 3.067286408212055449e-01 -7.935399399002562859e-03 -7.293234230104417293e-02 2.002418208281824263e-01 -3.523020530437861453e-01 -1.501612181815517033e-01
-1.372621679896610658e-01 -4.789008268768952803e-01 -1.329031670441054303e-01 3.470670736464853690e-02 -2.141778601949226868e-01 1.632297470309822529e-01 7.937825754424920888e-02 3.325860911297695566e-01 2.305934862113758754e-01 3.336220136691281368e-02 3.856521539576647228e-01 -1.833467408689557487e-01 -1.482223043766452975e-01 2.800906615686926671e-02 -4.287645599089273674e-02 3.774351390836727660e-02 -2.707940017103283026e-01 8.448859658358287561e-03 5.122468357910747727e-03 -3.234790307806179044e-01 -7.255132035766109766e-04 1.398237836565385805e-02 1.979003911634436008e-02 1.441681593831845021e-01 -7.935399399002562859e-03 2.194103613122138086e-01 -6.125219509527823902e-02 8.912368309609064454e-02 3.019036731406004037e-01 -1.253351819717636317e-01
-4.932458666263528357e-01 -2.653821099120250437e-01 -2.088612949082175874e-01 -1.473869463949313285e-01 1.216234249404237744e-01 2.228529612898455525e-02 3.319860987056699742e-02 3.788097046935945400e-02 -1.572467798987986498e-01 6.197029668004461200e-02 -4.399575584557169350e-05 -4.466735215908101964e-02 1.797293784507587588e-01 -2.088707848014337287e-02 2.732299664944548567e-02 1.277016787718707747e-01 1.342862583646251551e-01 -2.148391466357679747e-02 1.715466071984224072e-01 6.870469628546516105e-02 8.386818510189186782e-03 1.448060263790580393e-01 -6.025364178196923604e-02 -4.258876231892827491e-02 -7.293234230104417293e-02 -6.125219509527823902e-02 2.492264169813438457e-01 -5.389759099273305765e-03 4.532397843041735541e-02 1.676246592437564686e-01
-7.393738386099357740e-03 -3.539519338022500961e-02 2.162438075780528379e-01 8.551609670956850096e-02 -6.476317784773755193e-02 1.586499903081630691e-01 -1.648478500311512107e-02 1.463098989473792244e-01 1.316388154058358850e-01 -3.691600605418443592e-02 -3.394683927979258442e-03 -2.090198834106899994e-01 -1.017333643456481695e-01 -6.052510513262632230e-02 -2.485304057419739365e-01 -1.896500240385989855e-01 -1.808280982528458480e-01 -8.265906083289564776e-02 -1.947945333479310648e-01 3.345943452114852334e-02 8.569333158408198869e-02 -1.366745236331325941e-01 8.560847188221032411e-02 1.019659310448446377e-01 2.002418208281824263e-01 8.912368309609064454e-02 -5.389759099273305765e-03 3.978898916625439597e-01 -9.595128254488827224e-03 -1.485929621996433525e-01
-1.558118991096307582e+00 -1.967631275818916947e+00 -9.295359430225857977e-01 -2.860607803235666324e-01 -2.608291871924848238e-01 4.514758447355120552e-01 4.647601392273941201e-01 8.013290426599155580e-01 -6.377812395140836088e-02 2.392459067971230979e-01 8.686210195999137795e-01 -3.497811419539971212e-01 3.323693414904482779e-02 1.526416695431862536e-01 3.100828584863393189e-01 3.539393246263102810e-01 -8.761718197206391778e-02 6.842468187466010932e-02 4.909749598450048325e-01 -8.227509430440136384e-01 2.445299964477953836e-02 6.239196461237668245e-01 -4.016925016213122035e-01 1.294216649611712455e-01 -3.523020530437861453e-01 3.019036731406004037e-01 4.532397843041735541e-02 -9.595128254488827224e-03 1.416024158048571735e+00 3.139150978578300055e-01
-1.365050303125258324e+00 -6.625967019357403842e-01 -4.292830209340081637e-01 -4.070523830749834815e-01 4.105521574498425252e-01 -2.400513946672617749e-01 1.773582932732438167e-01 -2.476746923387622701e-01 -6.926138840979660927e-01 9.710354978500390644e-02 -1.815686251931083461e-01 2.467225728541393437e-01 3.945722284631187904e-01 1.619830613125259333e-01 3.627440184610009055e-01 2.994540204302893471e-01 6.516321051389013519e-01 -3.849605887268126025e-02 4.819048995489652043e-01 4.441486141155337464e-02 2.610251619825021407e-02 6.204653135343392023e-01 -3.653220154941436704e-01 -2.419154020137170846e-01 -1.501612181815517033e-01 -1.253351819717636317e-01 1.676246592437564686e-01 -1.485929621996433525e-01 3.139150978578300055e-01 8.391640233713815178e-01
