5.781452802020453419e+00 3.501182450261126178e+00 1.539342579808135270e+00 1.272121799474348336e+00 -1.142676143524852250e+00 6.273592212261291934e-02 -8.106549010291246304e-01 -5.757456621774963423e-01 1.542046886177502074e+00 -7.200734622650770689e-01 -8.395807848739309520e-01 2.578273218331901262e-01 -1.067433986818912217e+00 -1.675610596543037900e-01 -1.007431807552450209e+00 -1.292431344497629198e+00 -8.012650068573634599e-01 -2.930703223897808130e-01 -1.636814930713171634e+00 6.046755088134432299e-01 -2.203573595967895926e-01 -1.675699251069147522e+00 8.795702045687221471e-01 5.719015287809270376e-03 1.660689446250103174e-01 5.586879718475756817e-02 -5.204272579401276744e-01 -1.653779011621736572e-02 -1.514472655583460892e+00 -1.366382860026419621e+00
3.501182450261126178e+00 3.757002801553937843e+00 1.777666440047141805e+00 7.890186863572807852e-01 -4.499618699423422186e-01 -7.315638242123441159e-01 -6.761241915104960754e-01 -1.655757354586683050e+00 3.154225322952584065e-01 -6.398629179223576102e-01 -1.652184840492395779e+00 5.449355443926720000e-01 -3.297921439182687209e-01 -1.179599806442865884e-01 -7.443312146578477950e-01 -1.028030467111591406e+00 2.085424796289885307e-01 -2.268711829628955456e-01 -1.038765367197385103e+00 1.283819000414212042e+00 6.922680196447572598e-02 -9.910250267113838163e-01 6.663433444350062018e-01 -1.748913441340391728e-01 4.361878938922245652e-01 -2.703695901415699154e-01 -2.369590670804768706e-01 -2.278686613169611519e-02 -1.769472877619818973e+00 -5.926334785053768428e-01
1.539342579808135270e+00 1.777666440047141805e+00 1.807871536342702257e+00 4.270101515082274091e-01 -1.194933072309822819e-02 -7.511864613875900432e-01 -2.382884318223545961e-01 -8.898530260926236224e-01 -2.864413764951905250e-01 -3.707971524950721687e-01 -9.040727758053890284e-01 8.760839187237934311e-02 -2.634714435177443193e-01 -6.910153367937255098e-02 -4.413749939482727314e-01 -7.167919862803842079e-01 1.169505783741442428e-01 -2.381514256057926104e-02 -6.350018016542549049e-01 6.468491490517180864e-01 2.318111793414914246e-01 -4.623680763306197150e-01 3.651736425577496448e-01 2.552369543690247156e-02 4.577648545251236101e-01 -1.002838714993572466e-01 -1.728468481852587502e-01 2.626008041756904277e-01 -9.313801380311588218e-01 -4.771506639843323683e-01
1.272121799474348336e+00 7.890186863572807852e-01 4.270101515082274091e-01 4.425961197728156549e-01 -3.210334490680679664e-01 3.178644443096345640e-02 -1.688317499931599741e-01 -9.708846878197618935e-02 4.504830671991157942e-01 -1.738237423144255445e-01 -1.343555752048359864e-01 -1.286786837198405919e-02 -3.150078611287767671e-01 -4.399395454629484448e-02 -2.873038136540344567e-01 -3.545793400382990512e-01 -2.654045273696965523e-01 -6.632467129423957886e-02 -4.321068901205649126e-01 1.042884724673172059e-01 -2.941509861926761005e-02 -4.217729975053430280e-01 2.380984054809687223e-01 5.050890500069726841e-02 8.182618364190830107e-02 5.188020477862664848e-02 -1.516761904600798516e-01 6.957904873985398808e-02 -3.214109576285864023e-01 -4.122020441016047698e-01
-1.142676143524852250e+00 -4.499618699423422186e-01 -1.194933072309822819e-02 -3.210334490680679664e-01 8.465276263393093359e-01 -3.199808934880365996e-01 7.470963411708453350e-02 -2.768147398094811251e-01 -7.975693219142954149e-01 1.360161084340347770e-01 -3.680274119769819663e-01 2.206136318156382004e-01 4.147796250683200014e-01 -4.591199797812350880e-02 3.264044801206864577e-01 2.348521932759695119e-01 4.500020489487042141e-01 8.727558149740843874e-02 2.666490101148042413e-01 2.613044574740115422e-01 6.108115507890943263e-02 2.800897808910463027e-01 -1.571058578342672263e-01 -1.495754730585190373e-01 5.986114885206461622e-02 -1.678427943612632589e-01 1.485451362245271412e-01 -3.248926717219546845e-03 -9.216864345972908268e-02 4.351540840588086212e-01
6.273592212261291934e-02 -7.315638242123441159e-01 -7.511864613875900432e-01 3.178644443096345640e-02 -3.199808934880365996e-01 8.985071222524538825e-01 5.152577035966032781e-02 8.763375067161973675e-01 6.332323602630935966e-01 1.197981294972123578e-01 5.652835487729248598e-01 -4.154375634998928035e-01 -1.588752071284034173e-01 -4.928160258810976302e-02 -1.226370216043619621e-01 -5.962184944905857265e-03 -4.336316222958771505e-01 -6.152943946278810472e-02 -4.423088040798006659e-02 -3.747144016650167941e-01 -5.739163536600244697e-02 -4.898357481391713009e-02 -6.309755077273848656e-02 1.226197660194543460e-01 -1.350995613727832279e-01 1.292057704674220986e-01 -2.639842530697933398e-03 1.273047100785902330e-01 4.014433126420726694e-01 -2.435383309456256029e-01
-8.106549010291246304e-01 -6.761241915104960754e-01 -2.382884318223545961e-01 -1.688317499931599741e-01 7.470963411708453350e-02 5.152577035966032781e-02 3.449258559839449845e-01 2.332473101113237135e-01 -2.979455793677630027e-01 1.631634566089132932e-01 3.355918214984967562e-01 -7.104272759414698157e-02 7.551968906847150720e-02 6.482096978447771107e-02 3.146172171825014630e-01 2.164955695412800196e-01 4.334735971593772774e-02 8.240368992386493119e-02 1.631523508017380664e-01 -2.834868160058476860e-01 -3.493404938723188025e-02 1.585684297118064023e-01 -1.909307049577364523e-01 1.390825128106598640e-02 -1.314230060519889776e-01 1.805319785972869795e-02 3.390945477673312780e-02 -1.091680705258113449e-02 3.807726473477828222e-01 1.458452221460220244e-01
-5.757456621774963423e-01 -1.655757354586683050e+00 -8.898530260926236224e-01 -9.708846878197618935e-02 -2.768147398094811251e-01 8.763375067161973675e-01 2.332473101113237135e-01 1.435599346518358743e+00 5.928469218270038255e-01 3.040020568693080349e-01 1.158617683304896673e+00 -6.269268197386850261e-01 -1.647382550212910246e-01 -8.959501943070335983e-02 6.479650946573656256e-02 2.634259326362098363e-01 -7.049962641040679046e-01 8.166696252646943321e-02 1.040517776351350676e-01 -7.251979427196602046e-01 -9.879259367045278850e-02 -1.554942230291089800e-02 -1.074470924032198127e-01 2.531264575406453332e-01 -2.022155110353196505e-01 2.309376041789050760e-01 1.657014650476185125e-02 1.506107205051421261e-01 7.346525360218834066e-01 -2.697707257839851991e-01
1.542046886177502074e+00 3.154225322952584065e-01 -2.864413764951905250e-01 4.504830671991157942e-01 -7.975693219142954149e-01 6.332323602630935966e-01 -2.979455793677630027e-01 5.928469218270038255e-01 1.360446798140060309e+00 -1.045960267811096855e-01 5.339448235650934294e-01 -3.079871785818113494e-01 -5.053531675300746429e-01 -9.538369233268895186e-02 -5.350195083224207337e-01 -2.508659159699391239e-01 -8.237975827092895997e-01 -9.944759416998749657e-02 -3.871024667385825069e-01 -2.456806188479845332e-01 -1.219311717539994788e-01 -5.223064684283258430e-01 3.614534526990382801e-01 2.274518755226040412e-01 1.304599320212673774e-02 2.395635150679140679e-01 -1.945579714741825228e-01 6.259334687439377376e-02 -8.080031774289864188e-02 -6.757462904990916286e-01
-7.200734622650770689e-01 -6.398629179223576102e-01 -3.707971524950721687e-01 -1.738237423144255445e-01 1.360161084340347770e-01 1.197981294972123578e-01 1.631634566089132932e-01 3.040020568693080349e-01 -1.045960267811096855e-01 2.204567609520040605e-01 3.163614239331877798e-01 -1.072189392696145660e-01 1.394579374452291631e-01 -3.323895972363288820e-02 2.398444811121294151e-01 2.412229820202469455e-01 -5.443780548063159586e-02 8.234647348018597768e-02 1.571375130483261273e-01 -1.547098086302298725e-01 -4.529286983074598538e-02 8.246710391358647030e-02 -8.944489280474954285e-02 4.046317948763089589e-02 -8.186019768328378632e-02 1.418281976668822608e-03 5.640495657678457064e-02 -2.814847508255979847e-02 2.138974217629083796e-01 8.904902287525828797e-02
-8.395807848739309520e-01 -1.652184840492395779e+00 -9.040727758053890284e-01 -1.343555752048359864e-01 -3.680274119769819663e-01 5.652835487729248598e-01 3.355918214984967562e-01 1.158617683304896673e+00 5.339448235650934294e-01 3.163614239331877798e-01 1.402911350270812818e+00 -4.604289682528701633e-01 -1.780155068651083639e-01 6.747150694707215735e-03 2.074947754251752485e-01 4.729533756096202524e-01 -7.047322748960596073e-01 1.681922860756230875e-01 2.587179897270175388e-01 -8.756632872974137172e-01 -1.652677516939888847e-01 4.610672866550658000e-02 -5.699794566771743121e-02 2.755011628922829914e-01 -2.416260246995420857e-01 2.776472363707966906e-01 -2.550707504275351312e-02 -3.615436956562234627e-02 8.116807887458890036e-01 -1.951403565979603627e-01
2.578273218331901262e-01 5.449355443926720000e-01 8.760839187237934311e-02 -1.286786837198405919e-02 2.206136318156382004e-01 -4.154375634998928035e-01 -7.104272759414698157e-02 -6.269268197386850261e-01 -3.079871785818113494e-01 -1.072189392696145660e-01 -4.604289682528701633e-01 5.523512082887123142e-01 9.904907129038065250e-02 9.473657569571969361e-02 1.640006362449071275e-01 5.418997090393418148e-02 3.516723376437198567e-01 -2.978752891311842177e-02 2.208291377891669072e-02 2.024628850309682093e-01 -9.731796206693843487e-02 6.257982061839584276e-03 -1.156197611913967194e-02 -1.941664671671787801e-01 -4.302871123024942790e-02 -9.376150037326169695e-02 -3.470723098973849119e-02 -2.052485516193200965e-01 -2.217422246820319742e-01 2.754425222382224092e-01
-1.067433986818912217e+00 -3.297921439182687209e-01 -2.634714435177443193e-01 -3.150078611287767671e-01 4.147796250683200014e-01 -1.588752071284034173e-01 7.551968906847150720e-02 -1.647382550212910246e-01 -5.053531675300746429e-01 1.394579374452291631e-01 -1.780155068651083639e-01 9.904907129038065250e-02 4.245870956149246922e-01 -2.453954859646501063e-02 2.313103838455390360e-01 2.577828778791229070e-01 3.923128845946166621e-01 5.777080927310862535e-02 3.349287405650045457e-01 1.774030326497495480e-01 5.885858475068062035e-02 3.073343427251131743e-01 -1.927606480319354887e-01 -1.098810348413508109e-01 -5.237412391426232716e-02 -1.534601313916823528e-01 1.772091712606425062e-01 -1.047957544632254212e-01 5.881140202006918116e-02 4.133827277054251681e-01
-1.675610596543037900e-01 -1.179599806442865884e-01 -6.910153367937255098e-02 -4.399395454629484448e-02 -4.591199797812350880e-02 -4.928160258810976302e-02 6.482096978447771107e-02 -8.959501943070335983e-02 -9.538369233268895186e-02 -3.323895972363288820e-02 6.747150694707215735e-03 9.473657569571969361e-02 -2.453954859646501063e-02 1.850468020188600349e-01 4.771792403766994539e-02 5.128785604921404229e-02 1.074711282466864759e-01 -4.005129834240506170e-02 1.092105750118435026e-01 -1.704198488859560712e-01 -1.334297811700935199e-02 1.676071034265191884e-01 -1.081233365847538153e-01 -5.104348556471904885e-03 -6.348768911470870080e-02 4.635092595481182798e-02 -1.690349716994887785e-02 -6.010494840018054674e-02 1.863933141893880929e-01 1.467137794308541743e-01
-1.007431807552450209e+00 -7.443312146578477950e-01 -4.413749939482727314e-01 -2.873038136540344567e-01 3.264044801206864577e-01 -1.226370216043619621e-01 3.146172171825014630e-01 6.479650946573656256e-02 -5.350195083224207337e-01 2.398444811121294151e-01 2.074947754251752485e-01 1.640006362449071275e-01 2.313103838455390360e-01 4.771792403766994539e-02 7.044513746868688031e-01 4.284422435388819395e-01 2.242421208590030801e-01 1.389325061938961881e-01 2.709822828344954360e-01 -2.318234933032954359e-01 -1.589335385237404807e-01 2.192021730672308877e-01 -2.288649565210789660e-01 -1.260169003535906995e-01 -2.227167143061592469e-01 -3.293377442793143928e-02 2.761569294375476602e-02 -1.869456976347692034e-01 3.672981544373215002e-01 3.489804896378814192e-01
-1.292431344497629198e+00 -1.028030467111591406e+00 -7.167919862803842079e-01 -3.545793400382990512e-01 2.348521932759695119e-01 -5.962184944905857265e-03 2.164955695412800196e-01 2.634259326362098363e-01 -2.508659159699391239e-01 2.412229820202469455e-01 4.729533756096202524e-01 5.418997090393418148e-02 2.577828778791229070e-01 5.128785604921404229e-02 4.284422435388819395e-01 5.892948249237406344e-01 4.654379179805800959e-02 1.543240411810415935e-01 4.687789184704627132e-01 -2.844644632884865132e-01 -1.111967924783812123e-01 2.814056948928111979e-01 -1.820340470383996490e-01 -9.805563200757205777e-03 -2.019938557952798419e-01 1.489452268452851058e-02 1.254460553937519762e-01 -2.059762607386232958e-01 4.105703989031894707e-01 3.322211575601841105e-01
-8.012650068573634599e-01 2.085424796289885307e-01 1.169505783741442428e-01 -2.654045273696965523e-01 4.500020489487042141e-01 -4.336316222958771505e-01 4.334735971593772774e-02 -7.049962641040679046e-01 -8.237975827092895997e-01 -5.443780548063159586e-02 -7.047322748960596073e-01 3.516723376437198567e-01 3.923128845946166621e-01 1.074711282466864759e-01 2.242421208590030801e-01 4.654379179805800959e-02 8.245347131743301361e-01 -4.956054582038404988e-02 3.041350233617947652e-01 2.799203593244783406e-01 1.165305423891709324e-01 4.953647770621216750e-01 -2.949928766709035699e-01 -2.645326921077639781e-01 -4.010578894644822867e-02 -1.972647633355677499e-01 1.402569560690380968e-01 -1.204908488656997179e-01 3.151590178407559506e-02 6.218711171111976910e-01
-2.930703223897808130e-01 -2.268711829628955456e-01 -2.381514256057926104e-02 -6.632467129423957886e-02 8.727558149740843874e-02 -6.152943946278810472e-02 8.240368992386493119e-02 8.166696252646943321e-02 -9.944759416998749657e-02 8.234647348018597768e-02 1.681922860756230875e-01 -2.978752891311842177e-02 5.777080927310862535e-02 -4.005129834240506170e-02 1.389325061938961881e-01 1.543240411810415935e-01 -4.956054582038404988e-02 1.801304474414564538e-01 7.215715100227271250e-02 -4.922953860591405828e-02 -1.336301835326025866e-02 -3.228241742044701823e-02 2.866347933192514574e-02 1.198613499826706175e-02 3.436921922286728659e-03 -2.249832977815913182e-02 -3.726578952688441859e-02 -6.076167780844343724e-02 2.241314369592828371e-02 -6.584107826176932576e-02
-1.636814930713171634e+00 -1.038765367197385103e+00 -6.350018016542549049e-01 -4.321068901205649126e-01 2.666490101148042413e-01 -4.423088040798006659e-02 1.631523508017380664e-01 1.040517776351350676e-01 -3.871024667385825069e-01 1.571375130483261273e-01 2.587179897270175388e-01 2.208291377891669072e-02 3.349287405650045457e-01 1.092105750118435026e-01 2.709822828344954360e-01 4.687789184704627132e-01 3.041350233617947652e-01 7.215715100227271250e-02 6.661785310918446612e-01 -2.334763986729626595e-01 5.236409037811995404e-02 6.344706929301935361e-01 -3.035767320153013316e-01 -4.034428150671942603e-02 -1.680692517639386097e-01 -1.948372397890807406e-02 1.780995641523190898e-01 -1.876563679995797429e-01 5.525377112056162332e-01 5.109939455235235073e-01
6.046755088134432299e-01 1.283819000414212042e+00 6.468491490517180864e-01 1.042884724673172059e-01 2.613044574740115422e-01 -3.747144016650167941e-01 -2.834868160058476860e-01 -7.251979427196602046e-01 -2.456806188479845332e-01 -1.547098086302298725e-01 -8.756632872974137172e-01 2.024628850309682093e-01 1.774030326497495480e-01 -1.704198488859560712e-01 -2.318234933032954359e-01 -2.844644632884865132e-01 2.799203593244783406e-01 -4.922953860591405828e-02 -2.334763986729626595e-01 8.629866030938728727e-01 1.378165904631600824e-01 -2.376051063469617475e-01 1.680629070748409504e-01 -1.284980645505129360e-01 2.587741667144314306e-01 -2.640904737676805780e-01 4.624970623353874544e-02 4.859908286675818090e-02 -8.207218554491078066e-01 -3.431107746848738316e-03
-2.203573595967895926e-01 6.922680196447572598e-02 2.318111793414914246e-01 -2.941509861926761005e-02 6.108115507890943263e-02 -5.739163536600244697e-02 -3.493404938723188025e-02 -9.879259367045278850e-02 -1.219311717539994788e-01 -4.529286983074598538e-02 -1.652677516939888847e-01 -9.731796206693843487e-02 5.885858475068062035e-02 -1.334297811700935199e-02 -1.589335385237404807e-01 -1.111967924783812123e-01 1.165305423891709324e-01 -1.336301835326025866e-02 5.236409037811995404e-02 1.378165904631600824e-01 1.736170426198668792e-01 1.550111932669153703e-01 -3.779858652393386365e-02 1.401614618913527011e-02 1.052133188696302568e-01 -3.874027389417733502e-02 1.043205949633829732e-02 6.974992892361342456e-02 -3.071362931825660780e-02 1.906126281164688407e-02
-1.675699251069147522e+00 -9.910250267113838163e-01 -4.623680763306197150e-01 -4.217729975053430280e-01 2.800897808910463027e-01 -4.898357481391713009e-02 1.585684297118064023e-01 -1.554942230291089800e-02 -5.223064684283258430e-01 8.246710391358647030e-02 4.610672866550658000e-02 6.257982061839584276e-03 3.073343427251131743e-01 1.676071034265191884e-01 2.192021730672308877e-01 2.814056948928111979e-01 4.953647770621216750e-01 -3.228241742044701823e-02 6.344706929301935361e-01 -2.376051063469617475e-01 1.550111932669153703e-01 8.917153897262721785e-01 -4.169547062364529211e-01 -1.086113241352109071e-01 -1.426956136868682279e-01 -7.561404466684962244e-03 1.616118810564444175e-01 -1.157940087052793388e-01 6.795263556778365910e-01 6.324662179717961408e-01
8.795702045687221471e-01 6.663433444350062018e-01 3.651736425577496448e-01 2.380984054809687223e-01 -1.571058578342672263e-01 -6.309755077273848656e-02 -1.909307049577364523e-01 -1.074470924032198127e-01 3.614534526990382801e-01 -8.944489280474954285e-02 -5.699794566771743121e-02 -1.156197611913967194e-02 -1.927606480319354887e-01 -1.081233365847538153e-01 -2.288649565210789660e-01 -1.820340470383996490e-01 -2.949928766709035699e-01 2.866347933192514574e-02 -3.035767320153013316e-01 1.680629070748409504e-01 -3.779858652393386365e-02 -4.169547062364529211e-01 3.852133386897094169e-01 8.702591366250089777e-02 1.989696271822367635e-01 1.422460458144314543e-02 -8.546675671874481850e-02 5.906341246992496963e-02 -5.091788373811141355e-01 -4.155263255706813652e-01
5.719015287809270376e-03 -1.748913441340391728e-01 2.552369543690247156e-02 5.050890500069726841e-02 -1.495754730585190373e-01 1.226197660194543460e-01 1.390825128106598640e-02 2.531264575406453332e-01 2.274518755226040412e-01 4.046317948763089589e-02 2.755011628922829914e-01 -1.941664671671787801e-01 -1.098810348413508109e-01 -5.104348556471904885e-03 -1.260169003535906995e-01 -9.805563200757205777e-03 -2.645326921077639781e-01 1.198613499826706175e-02 -4.034428150671942603e-02 -1.284980645505129360e-01 1.401614618913527011e-02 -1.086113241352109071e-01 8.702591366250089777e-02 1.768858440375424834e-01 6.385220911175792935e-02 8.777087269157846094e-02 -3.467870311988008325e-02 9.418909622769433554e-02 1.917879545419509668e-02 -2.236206822918234138e-01
1.660689446250103174e-01 4.361878938922245652e-01 4.577648545251236101e-01 8.182618364190830107e-02 5.986114885206461622e-02 -1.350995613727832279e-01 -1.314230060519889776e-01 -2.022155110353196505e-01 1.304599320212673774e-02 -8.186019768328378632e-02 -2.416260246995420857e-01 -4.302871123024942790e-02 -5.237412391426232716e-02 -6.348768911470870080e-02 -2.227167143061592469e-01 -2.019938557952798419e-01 -4.010578894644822867e-02 3.436921922286728659e-03 -1.680692517639386097e-01 2.587741667144314306e-01 1.052133188696302568e-01 -1.426956136868682279e-01 1.989696271822367635e-01 6.385220911175792935e-02 3.234323091239730275e-01 -1.734101753010008906e-02 -7.019620138936488729e-02 2.070882444334074535e-01 -3.890178577540837068e-01 -1.722720743454715375e-01
5.586879718475756817e-02 -2.703695901415699154e-01 -1.002838714993572466e-01 5.188020477862664848e-02 -1.678427943612632589e-01 1.292057704674220986e-01 1.805319785972869795e-02 2.309376041789050760e-01 2.395635150679140679e-01 1.418281976668822608e-03 2.776472363707966906e-01 -9.376150037326169695e-02 -1.534601313916823528e-01 4.635092595481182798e-02 -3.293377442793143928e-02 1.489452268452851058e-02 -1.972647633355677499e-01 -2.249832977815913182e-02 -1.948372397890807406e-02 -2.640904737676805780e-01 -3.874027389417733502e-02 -7.561404466684962244e-03 1.422460458144314543e-02 8.777087269157846094e-02 -1.734101753010008906e-02 1.661988133303680115e-01 -5.140480980247730258e-02 5.572988216016483420e-02 1.642077572296898325e-01 -1.169185734509596841e-01
-5.204272579401276744e-01 -2.369590670804768706e-01 -1.728468481852587502e-01 -1.516761904600798516e-01 1.485451362245271412e-01 -2.639842530697933398e-03 3.390945477673312780e-02 1.657014650476185125e-02 -1.945579714741825228e-01 5.640495657678457064e-02 -2.550707504275351312e-02 -3.470723098973849119e-02 1.772091712606425062e-01 -1.690349716994887785e-02 2.761569294375476602e-02 1.254460553937519762e-01 1.402569560690380968e-01 -3.726578952688441859e-02 1.780995641523190898e-01 4.624970623353874544e-02 1.043205949633829732e-02 1.616118810564444175e-01 -8.546675671874481850e-02 -3.467870311988008325e-02 -7.019620138936488729e-02 -5.140480980247730258e-02 2.535830741876452521e-01 9.620405472446691419e-03 6.461894158644554409e-02 1.850663180364904292e-01
-1.653779011621736572e-02 -2.278686613169611519e-02 2.626008041756904277e-01 6.957904873985398808e-02 -3.248926717219546845e-03 1.273047100785902330e-01 -1.091680705258113449e-02 1.506107205051421261e-01 6.259334687439377376e-02 -2.814847508255979847e-02 -3.615436956562234627e-02 -2.052485516193200965e-01 -1.047957544632254212e-01 -6.010494840018054674e-02 -1.869456976347692034e-01 -2.059762607386232958e-01 -1.204908488656997179e-01 -6.076167780844343724e-02 -1.876563679995797429e-01 4.859908286675818090e-02 6.974992892361342456e-02 -1.157940087052793388e-01 5.906341246992496963e-02 9.418909622769433554e-02 2.070882444334074535e-01 5.572988216016483420e-02 9.620405472446691419e-03 3.931570455938526720e-01 -7.121618250022265784e-02 -1.731019521658936355e-01
-1.514472655583460892e+00 -1.769472877619818973e+00 -9.313801380311588218e-01 -3.214109576285864023e-01 -9.216864345972908268e-02 4.014433126420726694e-01 3.807726473477828222e-01 7.346525360218834066e-01 -8.080031774289864188e-02 2.138974217629083796e-01 8.116807887458890036e-01 -2.217422246820319742e-01 5.881140202006918116e-02 1.863933141893880929e-01 3.672981544373215002e-01 4.105703989031894707e-01 3.151590178407559506e-02 2.241314369592828371e-02 5.525377112056162332e-01 -8.207218554491078066e-01 -3.071362931825660780e-02 6.795263556778365910e-01 -5.091788373811141355e-01 1.917879545419509668e-02 -3.890178577540837068e-01 1.642077572296898325e-01 6.461894158644554409e-02 -7.121618250022265784e-02 1.263090003694912866e+00 3.896829892613027368e-01
-1.366382860026419621e+00 -5.926334785053768428e-01 -4.771506639843323683e-01 -4.122020441016047698e-01 4.351540840588086212e-01 -2.435383309456256029e-01 1.458452221460220244e-01 -2.697707257839851991e-01 -6.757462904990916286e-01 8.904902287525828797e-02 -1.951403565979603627e-01 2.754425222382224092e-01 4.133827277054251681e-01 1.467137794308541743e-01 3.489804896378814192e-01 3.322211575601841105e-01 6.218711171111976910e-01 -6.584107826176932576e-02 5.109939455235235073e-01 -3.431107746848738316e-03 1.906126281164688407e-02 6.324662179717961408e-01 -4.155263255706813652e-01 -2.236206822918234138e-01 -1.722720743454715375e-01 -1.169185734509596841e-01 1.850663180364904292e-01 -1.731019521658936355e-01 3.896829892613027368e-01 8.573466283449988623e-01
