5.183762004641948806e+00 3.567294994351186688e+00 1.785440170411902727e+00 1.231153736807073074e+00 -9.406561299111899643e-01 8.147823052559033385e-02 -7.810170867479655499e-01 -5.529867996215216408e-01 1.899158292038976015e+00 -6.379062543309146349e-01 -3.698319420967663973e-01 3.888106839279430460e-01 -1.101351570835106486e+00 8.237954466835617495e-03 -7.398688944338687179e-01 -1.046972648852431576e+00 -5.301516560695063163e-01 -5.396336089244755385e-01 -1.472422131170560533e+00 3.800574403827567949e-01 -5.363099639876622859e-01 -1.537194492350806740e+00 3.446632104507898475e-01 -2.891279260368833093e-01 1.023109306933065454e-01 -3.246566823048055994e-01 -5.415906156953269601e-01 5.963746203644859634e-02 -1.581971404541945958e+00 -1.508356954870919253e+00
3.567294994351186688e+00 4.014625236917879647e+00 2.060813439813784953e+00 8.234324634934182541e-01 -3.516132378609881926e-01 -5.252159028239589134e-01 -7.168633201771399399e-01 -1.460148380007694868e+00 8.376486305669459398e-01 -5.712763147797659258e-01 -1.193886664263516195e+00 5.901200549949408014e-01 -5.104134695677657874e-01 1.510581997882809446e-01 -4.905561515723206867e-01 -9.935426279645866998e-01 4.780686634412063540e-01 -3.450044967677285968e-01 -1.060948143551257772e+00 1.077833404620491820e+00 -1.446096583987355189e-01 -9.798340023061200554e-01 2.304467498405529113e-01 -5.458453749969294222e-01 3.769299458831483207e-01 -7.752974248038526639e-01 -3.829357276421205825e-01 6.521950782058638652e-02 -2.171087531171792762e+00 -1.054414216033933371e+00
1.785440170411902727e+00 2.060813439813784953e+00 2.169848251620408064e+00 4.708037212324143184e-01 6.291557118288437778e-02 -6.838678690423307671e-01 -3.204579819363857496e-01 -9.116213950591145476e-01 -4.529330456352909096e-02 -3.670945753564183178e-01 -8.187071501216109937e-01 1.205984382642100172e-01 -3.308304226596874287e-01 3.891957909814891536e-02 -4.322947396883023430e-01 -7.506044657870916126e-01 2.268478183350453037e-01 -9.163974788651785275e-02 -7.004719116057458450e-01 6.419197012968425042e-01 1.478579256410057496e-01 -5.270791106036085694e-01 2.066051929131731413e-01 -1.659018249720247695e-01 4.676240042771837579e-01 -3.273803246453326210e-01 -2.747306818451988875e-01 2.726705052863280798e-01 -1.180312335114820144e+00 -7.445754338949086559e-01
1.231153736807073074e+00 8.234324634934182541e-01 4.708037212324143184e-01 4.707308599816997230e-01 -3.416120983221162533e-01 6.819492673935201310e-02 -1.693059238426712909e-01 -7.185240779540436051e-02 6.166819414166866409e-01 -1.680491194480282502e-01 2.595552050883043194e-02 -1.119377943734889413e-02 -3.506328741547122263e-01 -8.374578823008960171e-03 -2.604013194899721384e-01 -3.073934821794637173e-01 -2.650926938819111456e-01 -1.433622802526883788e-01 -4.208994718576377636e-01 2.091494846462182977e-02 -1.051441032956290655e-01 -4.244332455778589974e-01 1.134318405185581469e-01 9.129165351794199523e-03 5.670881078543743570e-02 -1.153142808004758990e-02 -1.595530830575171422e-01 8.212008526646741302e-02 -2.852722828840228431e-01 -4.851526389155651486e-01
-9.406561299111899643e-01 -3.516132378609881926e-01 6.291557118288437778e-02 -3.416120983221162533e-01 8.278711370798532698e-01 -3.379156868990662588e-01 5.068316910757175719e-02 -3.049964665594302460e-01 -8.856138060843363746e-01 1.373950451002201589e-01 -5.046806617895072122e-01 2.079445338824825740e-01 4.132343222097460966e-01 -4.926589577092954642e-02 2.826688134157393506e-01 1.495759702684154036e-01 4.751522493584161566e-01 1.684199411621989384e-01 2.110723117603470200e-01 3.501603482081918628e-01 1.263869291304899889e-01 2.477030399127784221e-01 -3.589922501049613857e-02 -1.515698512490075700e-01 9.416123678329313407e-02 -1.602504427823987498e-01 1.110083172384861427e-01 -2.155675041751692333e-02 -2.464790480620990820e-01 4.157553493765249186e-01
8.147823052559033385e-02 -5.252159028239589134e-01 -6.838678690423307671e-01 6.819492673935201310e-02 -3.379156868990662588e-01 6.608200436645006448e-01 2.314815895113042643e-02 5.832050056052935361e-01 5.076601234311510780e-01 6.235514637404548921e-02 4.123955917041826069e-01 -3.055770169066249764e-01 -1.131890212664075079e-01 -6.085790073973385006e-02 -1.513849558209017232e-01 -1.140255544044066482e-03 -4.042680071682980270e-01 -1.014370330191809444e-01 -4.887840923112207747e-02 -3.001243366517201139e-01 -4.053125531675050297e-02 -4.889115637587337915e-02 -3.579934856583122382e-02 1.635806988418835317e-01 -1.102482058397526998e-01 1.906822327084682911e-01 4.048296854688260282e-02 8.717042663835172789e-02 4.778979182155467242e-01 -8.974512987651905860e-02
-7.810170867479655499e-01 -7.168633201771399399e-01 -3.204579819363857496e-01 -1.693059238426712909e-01 5.068316910757175719e-02 2.314815895113042643e-02 3.301804929583909143e-01 2.256151107546884305e-01 -3.717740951607879651e-01 1.428296311303824950e-01 2.404909175552347733e-01 -5.595856279319377791e-02 1.188134900950217343e-01 -2.061420031287752863e-02 2.589350778823700239e-01 2.180274010987659494e-01 -1.765730968463685713e-02 1.168472767143384772e-01 1.873078832396686266e-01 -2.383755871060202480e-01 2.731234226530432352e-03 1.604415062234352263e-01 -9.205498013432134030e-02 7.698530988278662335e-02 -1.352614901094852939e-01 1.160157343758214665e-01 4.444140660416451283e-02 -7.201593393142502464e-02 4.527602089589208845e-01 2.251032890528676944e-01
-5.529867996215216408e-01 -1.460148380007694868e+00 -9.116213950591145476e-01 -7.185240779540436051e-02 -3.049964665594302460e-01 5.832050056052935361e-01 2.256151107546884305e-01 1.050067720013828421e+00 3.189115889289269035e-01 2.148467346795541744e-01 8.544797118235010203e-01 -4.542002688060051696e-01 -5.223739161635876371e-02 -1.629460155514266262e-01 -5.731942347892982070e-04 2.864688626067959376e-01 -6.894090213041295101e-01 1.246030707073941812e-02 1.082589286224333591e-01 -5.839639482446727925e-01 -8.218606623171353931e-02 -1.613474943764003910e-02 -2.896854407407545295e-02 3.556929586582100455e-01 -2.029967404799322139e-01 4.061358949095961179e-01 1.147017754411763235e-01 6.102008552380766560e-02 9.197493140786150434e-01 6.360893157506097850e-02
1.899158292038976015e+00 8.376486305669459398e-01 -4.529330456352909096e-02 6.166819414166866409e-01 -8.856138060843363746e-01 5.076601234311510780e-01 -3.717740951607879651e-01 3.189115889289269035e-01 1.623042535088245586e+00 -2.101084465575695504e-01 5.580068565771512112e-01 -1.636924078588322118e-01 -6.042888575728966316e-01 -3.572752873776607885e-02 -5.649159106549745957e-01 -2.715234096003200648e-01 -8.126110579951273394e-01 -2.859918047356586612e-01 -4.876266602381349458e-01 -2.272467296326681208e-01 -2.313279388684463811e-01 -6.564582891834902512e-01 2.493890050035361128e-01 1.989169200376181834e-01 1.050718288769303399e-02 1.666092942820682765e-01 -2.164017641338205067e-01 7.543157092982255563e-02 -1.693673746826220849e-01 -8.219952526081328870e-01
-6.379062543309146349e-01 -5.712763147797659258e-01 -3.670945753564183178e-01 -1.680491194480282502e-01 1.373950451002201589e-01 6.235514637404548921e-02 1.428296311303824950e-01 2.148467346795541744e-01 -2.101084465575695504e-01 1.831037709092697696e-01 1.597998140535423772e-01 -7.227363668846464861e-02 1.744027946604091994e-01 -8.031539223730987942e-02 1.929366422972407236e-01 1.998336242835421217e-01 -4.241548617960688716e-02 9.477320887265250349e-02 1.376845703133824372e-01 -7.368253434839289184e-02 6.649943289914972411e-03 7.871386501813049108e-02 -2.532130267570664728e-02 7.833131208650456756e-02 -6.531853232598905379e-02 5.951302409584968700e-02 6.541225051665833234e-02 -4.529482711370746983e-02 2.214558497514644841e-01 1.490179186706654946e-01
-3.698319420967663973e-01 -1.193886664263516195e+00 -8.187071501216109937e-01 2.595552050883043194e-02 -5.046806617895072122e-01 4.123955917041826069e-01 2.404909175552347733e-01 8.544797118235010203e-01 5.580068565771512112e-01 1.597998140535423772e-01 1.106791511306369102e+00 -3.415849682501175266e-01 -1.839608812724122799e-01 -1.235499299205002899e-01 -4.786152061683424108e-03 3.783345678709792992e-01 -8.296450736324914033e-01 4.479697505217927755e-02 1.356570484175847469e-01 -6.754666050723017179e-01 -1.586987455029884586e-01 -1.205737528569557071e-01 9.904476399134409803e-02 4.238048940170529022e-01 -2.004619175285711208e-01 4.493929908358040848e-01 1.696515601105375026e-02 -6.540927610870994613e-02 8.175197809483734090e-01 -1.321924929528108805e-01
3.888106839279430460e-01 5.901200549949408014e-01 1.205984382642100172e-01 -1.119377943734889413e-02 2.079445338824825740e-01 -3.055770169066249764e-01 -5.595856279319377791e-02 -4.542002688060051696e-01 -1.636924078588322118e-01 -7.227363668846464861e-02 -3.415849682501175266e-01 5.319712226668116273e-01 2.425607980552513254e-02 8.742596320320217274e-02 2.240030461041442322e-01 4.926938269954916905e-02 3.331022264212037953e-01 1.773786150997125333e-02 8.713999315403953005e-03 1.681104069007233193e-01 -1.499046669713379742e-01 -4.671100838879738149e-02 1.635810857976593979e-03 -2.508916142381849568e-01 -6.619201081588244051e-02 -1.818740952072630535e-01 -1.142839244859032988e-01 -2.187204621202454291e-01 -4.106799993808749605e-01 9.004042418462177011e-02
-1.101351570835106486e+00 -5.104134695677657874e-01 -3.308304226596874287e-01 -3.506328741547122263e-01 4.132343222097460966e-01 -1.131890212664075079e-01 1.188134900950217343e-01 -5.223739161635876371e-02 -6.042888575728966316e-01 1.744027946604091994e-01 -1.839608812724122799e-01 2.425607980552513254e-02 4.148956139983965841e-01 -2.297383090586890830e-02 2.446740062753747225e-01 2.135369221704195297e-01 3.505049707390526237e-01 1.380388382619059939e-01 3.099574041015671355e-01 1.480858220414802418e-01 1.315287569482279650e-01 3.127766883782499008e-01 -1.134782749681448877e-01 -5.726016963257052339e-02 -3.255709536296080842e-02 -9.678081593500564850e-02 1.639282425284136480e-01 -5.984278687765254290e-02 6.801997273464621685e-02 4.031430924831624907e-01
8.237954466835617495e-03 1.510581997882809446e-01 3.891957909814891536e-02 -8.374578823008960171e-03 -4.926589577092954642e-02 -6.085790073973385006e-02 -2.061420031287752863e-02 -1.629460155514266262e-01 -3.572752873776607885e-02 -8.031539223730987942e-02 -1.235499299205002899e-01 8.742596320320217274e-02 -2.297383090586890830e-02 1.645943891476804311e-01 -5.220989624410776742e-02 -3.086824680286781586e-02 1.566587276215045677e-01 -2.843470307885809234e-02 8.834707805573316364e-02 -2.833293998554609061e-02 2.878338937972557687e-02 1.420751757915468261e-01 -6.615312029208553213e-02 -5.236677916298049240e-02 -1.684421516671363861e-02 -3.513088067040825990e-02 -1.674097383778416770e-02 -5.867030059710032219e-02 -6.932981955969808041e-03 9.121008070599145867e-02
-7.398688944338687179e-01 -4.905561515723206867e-01 -4.322947396883023430e-01 -2.604013194899721384e-01 2.826688134157393506e-01 -1.513849558209017232e-01 2.589350778823700239e-01 -5.731942347892982070e-04 -5.649159106549745957e-01 1.929366422972407236e-01 -4.786152061683424108e-03 2.240030461041442322e-01 2.446740062753747225e-01 -5.220989624410776742e-02 6.207869973892456983e-01 3.464403090637802052e-01 2.371202888074890325e-01 1.528591177328166850e-01 2.250609953788966777e-01 -7.592853079671613159e-02 -1.427699565908255863e-01 1.670358336282902201e-01 -9.436113311807048376e-02 -1.140982251382069990e-01 -2.043993333635398812e-01 3.588311512885411503e-04 2.099763350304328924e-02 -2.304112897542722749e-01 1.982675825428259486e-01 3.868178242739190864e-01
-1.046972648852431576e+00 -9.935426279645866998e-01 -7.506044657870916126e-01 -3.073934821794637173e-01 1.495759702684154036e-01 -1.140255544044066482e-03 2.180274010987659494e-01 2.864688626067959376e-01 -2.715234096003200648e-01 1.998336242835421217e-01 3.783345678709792992e-01 4.926938269954916905e-02 2.135369221704195297e-01 -3.086824680286781586e-02 3.464403090637802052e-01 5.243412658764725620e-01 -9.396751542072934171e-02 1.731163375458493192e-01 3.987846518407991425e-01 -2.424636453052357865e-01 -7.433133120895263346e-02 1.876072770336350004e-01 -1.930468306386501354e-02 1.202679734254274990e-01 -1.860097547012173891e-01 1.564530093625648988e-01 1.105480310727671167e-01 -2.017553687533677476e-01 4.093122787269862783e-01 2.979560811056671810e-01
-5.301516560695063163e-01 4.780686634412063540e-01 2.268478183350453037e-01 -2.650926938819111456e-01 4.751522493584161566e-01 -4.042680071682980270e-01 -1.765730968463685713e-02 -6.894090213041295101e-01 -8.126110579951273394e-01 -4.241548617960688716e-02 -8.296450736324914033e-01 3.331022264212037953e-01 3.505049707390526237e-01 1.566587276215045677e-01 2.371202888074890325e-01 -9.396751542072934171e-02 9.428680405060845260e-01 4.315579998871044154e-02 2.195700603415957630e-01 4.073237898821275849e-01 1.392965149527753965e-01 4.584566872914024316e-01 -2.240322283254840841e-01 -4.060073187936836803e-01 1.463654106180456438e-02 -3.651684833467356839e-01 9.472357779191042937e-02 -9.388475416102437521e-02 -3.518162995332545506e-01 5.486400569611191713e-01
-5.396336089244755385e-01 -3.450044967677285968e-01 -9.163974788651785275e-02 -1.433622802526883788e-01 1.684199411621989384e-01 -1.014370330191809444e-01 1.168472767143384772e-01 1.246030707073941812e-02 -2.859918047356586612e-01 9.477320887265250349e-02 4.479697505217927755e-02 1.773786150997125333e-02 1.380388382619059939e-01 -2.843470307885809234e-02 1.528591177328166850e-01 1.731163375458493192e-01 4.315579998871044154e-02 1.495602579092576434e-01 1.396012979567160528e-01 -2.724459218956098994e-02 2.422101194238734934e-02 6.692138175722561755e-02 1.037363834166171728e-02 4.034419339984651742e-02 -4.093420405496317471e-03 3.202725447522425384e-02 1.502309423602810057e-02 -4.220870767505857657e-02 8.944766618373023448e-02 7.932397225999920920e-02
-1.472422131170560533e+00 -1.060948143551257772e+00 -7.004719116057458450e-01 -4.208994718576377636e-01 2.110723117603470200e-01 -4.887840923112207747e-02 1.873078832396686266e-01 1.082589286224333591e-01 -4.876266602381349458e-01 1.376845703133824372e-01 1.356570484175847469e-01 8.713999315403953005e-03 3.099574041015671355e-01 8.834707805573316364e-02 2.250609953788966777e-01 3.987846518407991425e-01 2.195700603415957630e-01 1.396012979567160528e-01 6.355975101958506457e-01 -2.184843141978092262e-01 1.275633284194555017e-01 6.009856069189538630e-01 -1.300950977986872203e-01 5.642057731012073418e-02 -1.676011863555117998e-01 1.026102137298892103e-01 1.589135314643783659e-01 -2.093939245841909269e-01 5.440123398602736415e-01 5.207022647832673101e-01
3.800574403827567949e-01 1.077833404620491820e+00 6.419197012968425042e-01 2.091494846462182977e-02 3.501603482081918628e-01 -3.001243366517201139e-01 -2.383755871060202480e-01 -5.839639482446727925e-01 -2.272467296326681208e-01 -7.368253434839289184e-02 -6.754666050723017179e-01 1.681104069007233193e-01 1.480858220414802418e-01 -2.833293998554609061e-02 -7.592853079671613159e-02 -2.424636453052357865e-01 4.073237898821275849e-01 -2.724459218956098994e-02 -2.184843141978092262e-01 7.331524594503662229e-01 1.235791744464336261e-01 -1.586982852419680512e-01 1.968787905269664407e-02 -2.388697279581606381e-01 2.574578939631919638e-01 -4.084978665509879647e-01 1.572533371643203282e-02 1.251884990962821576e-01 -8.918963350479316432e-01 -7.991971683884457889e-02
-5.363099639876622859e-01 -1.446096583987355189e-01 1.478579256410057496e-01 -1.051441032956290655e-01 1.263869291304899889e-01 -4.053125531675050297e-02 2.731234226530432352e-03 -8.218606623171353931e-02 -2.313279388684463811e-01 6.649943289914972411e-03 -1.586987455029884586e-01 -1.499046669713379742e-01 1.315287569482279650e-01 2.878338937972557687e-02 -1.427699565908255863e-01 -7.433133120895263346e-02 1.392965149527753965e-01 2.422101194238734934e-02 1.275633284194555017e-01 1.235791744464336261e-01 2.573216035926861878e-01 2.341739757958976043e-01 -4.680046350193833860e-02 3.969577506899213404e-02 1.179182078431608716e-01 -2.561381422594877222e-02 3.569953004102899285e-02 9.522059798428017530e-02 3.986300901777894978e-02 5.973865872618944195e-02
-1.537194492350806740e+00 -9.798340023061200554e-01 -5.270791106036085694e-01 -4.244332455778589974e-01 2.477030399127784221e-01 -4.889115637587337915e-02 1.604415062234352263e-01 -1.613474943764003910e-02 -6.564582891834902512e-01 7.871386501813049108e-02 -1.205737528569557071e-01 -4.671100838879738149e-02 3.127766883782499008e-01 1.420751757915468261e-01 1.670358336282902201e-01 1.876072770336350004e-01 4.584566872914024316e-01 6.692138175722561755e-02 6.009856069189538630e-01 -1.586982852419680512e-01 2.341739757958976043e-01 8.726506004022667184e-01 -2.448354379461932240e-01 -7.373485556769310278e-02 -1.232857353801648514e-01 5.531540135694967830e-02 1.746598960220921981e-01 -1.282633978511853456e-01 6.165274586468854068e-01 7.100838586724194101e-01
3.446632104507898475e-01 2.304467498405529113e-01 2.066051929131731413e-01 1.134318405185581469e-01 -3.589922501049613857e-02 -3.579934856583122382e-02 -9.205498013432134030e-02 -2.896854407407545295e-02 2.493890050035361128e-01 -2.532130267570664728e-02 9.904476399134409803e-02 1.635810857976593979e-03 -1.134782749681448877e-01 -6.615312029208553213e-02 -9.436113311807048376e-02 -1.930468306386501354e-02 -2.240322283254840841e-01 1.037363834166171728e-02 -1.300950977986872203e-01 1.968787905269664407e-02 -4.680046350193833860e-02 -2.448354379461932240e-01 2.276603471961493597e-01 9.734767209431538504e-02 1.234618384089856136e-01 3.076338104415299313e-02 -5.455013150145759937e-02 4.353371763016866680e-02 -2.525499788105776133e-01 -3.338413575037293413e-01
-2.891279260368833093e-01 -5.458453749969294222e-01 -1.659018249720247695e-01 9.129165351794199523e-03 -1.515698512490075700e-01 1.635806988418835317e-01 7.698530988278662335e-02 3.556929586582100455e-01 1.989169200376181834e-01 7.833131208650456756e-02 4.238048940170529022e-01 -2.508916142381849568e-01 -5.726016963257052339e-02 -5.236677916298049240e-02 -1.140982251382069990e-01 1.202679734254274990e-01 -4.060073187936836803e-01 4.034419339984651742e-02 5.642057731012073418e-02 -2.388697279581606381e-01 3.969577506899213404e-02 -7.373485556769310278e-02 9.734767209431538504e-02 2.998405485402599879e-01 2.704831228248849584e-02 2.171649757641489487e-01 -9.252413135357073770e-03 5.194074790910008232e-02 3.006495570982110621e-01 -2.022341543255947727e-01
1.023109306933065454e-01 3.769299458831483207e-01 4.676240042771837579e-01 5.670881078543743570e-02 9.416123678329313407e-02 -1.102482058397526998e-01 -1.352614901094852939e-01 -2.029967404799322139e-01 1.050718288769303399e-02 -6.531853232598905379e-02 -2.004619175285711208e-01 -6.619201081588244051e-02 -3.255709536296080842e-02 -1.684421516671363861e-02 -2.043993333635398812e-01 -1.860097547012173891e-01 1.463654106180456438e-02 -4.093420405496317471e-03 -1.676011863555117998e-01 2.574578939631919638e-01 1.179182078431608716e-01 -1.232857353801648514e-01 1.234618384089856136e-01 2.704831228248849584e-02 3.209174605380269441e-01 -6.647343740411315594e-02 -4.994976990968780228e-02 2.300966319826898143e-01 -3.798695865627905732e-01 -1.882134485005622082e-01
-3.246566823048055994e-01 -7.752974248038526639e-01 -3.273803246453326210e-01 -1.153142808004758990e-02 -1.602504427823987498e-01 1.906822327084682911e-01 1.160157343758214665e-01 4.061358949095961179e-01 1.666092942820682765e-01 5.951302409584968700e-02 4.493929908358040848e-01 -1.818740952072630535e-01 -9.678081593500564850e-02 -3.513088067040825990e-02 3.588311512885411503e-04 1.564530093625648988e-01 -3.651684833467356839e-01 3.202725447522425384e-02 1.026102137298892103e-01 -4.084978665509879647e-01 -2.561381422594877222e-02 5.531540135694967830e-02 3.076338104415299313e-02 2.171649757641489487e-01 -6.647343740411315594e-02 3.353895730513727358e-01 -3.310786171545032630e-02 9.534831082305572636e-03 5.226620944923183743e-01 -3.886781844562392507e-02
-5.415906156953269601e-01 -3.829357276421205825e-01 -2.747306818451988875e-01 -1.595530830575171422e-01 1.110083172384861427e-01 4.048296854688260282e-02 4.444140660416451283e-02 1.147017754411763235e-01 -2.164017641338205067e-01 6.541225051665833234e-02 1.696515601105375026e-02 -1.142839244859032988e-01 1.639282425284136480e-01 -1.674097383778416770e-02 2.099763350304328924e-02 1.105480310727671167e-01 9.472357779191042937e-02 1.502309423602810057e-02 1.589135314643783659e-01 1.572533371643203282e-02 3.569953004102899285e-02 1.746598960220921981e-01 -5.455013150145759937e-02 -9.252413135357073770e-03 -4.994976990968780228e-02 -3.310786171545032630e-02 2.685630612653540084e-01 3.319089271388975249e-02 1.342111505105094693e-01 2.339037663756471375e-01
5.963746203644859634e-02 6.521950782058638652e-02 2.726705052863280798e-01 8.212008526646741302e-02 -2.155675041751692333e-02 8.717042663835172789e-02 -7.201593393142502464e-02 6.102008552380766560e-02 7.543157092982255563e-02 -4.529482711370746983e-02 -6.540927610870994613e-02 -2.187204621202454291e-01 -5.984278687765254290e-02 -5.867030059710032219e-02 -2.304112897542722749e-01 -2.017553687533677476e-01 -9.388475416102437521e-02 -4.220870767505857657e-02 -2.093939245841909269e-01 1.251884990962821576e-01 9.522059798428017530e-02 -1.282633978511853456e-01 4.353371763016866680e-02 5.194074790910008232e-02 2.300966319826898143e-01 9.534831082305572636e-03 3.319089271388975249e-02 3.447109966123207414e-01 -6.497442546054799095e-02 -1.242842920057682932e-01
-1.581971404541945958e+00 -2.171087531171792762e+00 -1.180312335114820144e+00 -2.852722828840228431e-01 -2.464790480620990820e-01 4.778979182155467242e-01 4.527602089589208845e-01 9.197493140786150434e-01 -1.693673746826220849e-01 2.214558497514644841e-01 8.175197809483734090e-01 -4.106799993808749605e-01 6.801997273464621685e-02 -6.932981955969808041e-03 1.982675825428259486e-01 4.093122787269862783e-01 -3.518162995332545506e-01 8.944766618373023448e-02 5.440123398602736415e-01 -8.918963350479316432e-01 3.986300901777894978e-02 6.165274586468854068e-01 -2.525499788105776133e-01 3.006495570982110621e-01 -3.798695865627905732e-01 5.226620944923183743e-01 1.342111505105094693e-01 -6.497442546054799095e-02 1.660830618378554391e+00 5.200225275839329697e-01
-1.508356954870919253e+00 -1.054414216033933371e+00 -7.445754338949086559e-01 -4.851526389155651486e-01 4.157553493765249186e-01 -8.974512987651905860e-02 2.251032890528676944e-01 6.360893157506097850e-02 -8.219952526081328870e-01 1.490179186706654946e-01 -1.321924929528108805e-01 9.004042418462177011e-02 4.031430924831624907e-01 9.121008070599145867e-02 3.868178242739190864e-01 2.979560811056671810e-01 5.486400569611191713e-01 7.932397225999920920e-02 5.207022647832673101e-01 -7.991971683884457889e-02 5.973865872618944195e-02 7.100838586724194101e-01 -3.338413575037293413e-01 -2.022341543255947727e-01 -1.882134485005622082e-01 -3.886781844562392507e-02 2.339037663756471375e-01 -1.242842920057682932e-01 5.200225275839329697e-01 1.008725440719160815e+00
