5.676522291364676676e+00 3.458431070612618896e+00 1.232023077643816578e+00 1.203576800731980256e+00 -9.355447624458861355e-01 1.164888441851417156e-01 -7.931829756239494600e-01 -2.722196177791147420e-01 9.816708301846688300e-01 -7.157075685771587814e-01 -1.065596358406139643e+00 4.857462695571257427e-02 -1.069491755132787603e+00 -4.977116195441340096e-01 -1.131671868531668679e+00 -1.385058677272297700e+00 -1.261677066457252749e+00 1.091607477711136198e-01 -1.679962683868495787e+00 3.726963219688741447e-01 1.056548090307956045e-01 -1.645701933859584187e+00 1.115207937552838757e+00 2.620713602849491508e-01 2.709947460366493033e-01 3.265081540091614443e-01 -5.425847051648133856e-01 1.380136667875717649e-01 -1.240095653805042275e+00 -1.181385777682180560e+00
3.458431070612618896e+00 3.856811421981262811e+00 1.511972368161309532e+00 8.312508640754003864e-01 -4.186139014800005498e-01 -7.466771062927932689e-01 -6.268002435356265778e-01 -1.640047822886629092e+00 1.636582901096517162e-02 -6.710805020568386681e-01 -1.938959877192075965e+00 5.430969920714119326e-01 -2.942444289366221710e-01 -5.425776931434143080e-01 -9.626824306630510364e-01 -1.042203461100939421e+00 -4.360891522752581295e-01 -6.533920123843017791e-03 -1.061507345998336405e+00 1.080805075235957702e+00 1.915424740236062462e-01 -1.042416740033559108e+00 1.013621743889927984e+00 1.279520088093022423e-01 4.761230817215960087e-01 2.262677000733788191e-01 -3.188977476365266739e-01 -2.755373604099986551e-02 -1.201217852409968145e+00 -3.561389461661406131e-01
1.232023077643816578e+00 1.511972368161309532e+00 1.494926479996934177e+00 3.909987113642614531e-01 -1.035868089081759535e-02 -6.815433027636572660e-01 -1.295894497852714267e-01 -7.545294595643667890e-01 -4.112333971620500961e-01 -2.989733227864803666e-01 -8.657078280784276103e-01 5.372184956269165923e-02 -2.251428019561103611e-01 -2.405358431565218780e-01 -4.358524428827195152e-01 -5.895738371544325673e-01 -2.023355943175602079e-01 7.869128909919709258e-02 -5.612350148483642442e-01 4.022004143055255554e-01 2.180966539374367130e-01 -4.169734573609389372e-01 4.714244776914142676e-01 1.615247363008620596e-01 3.840429943698495663e-01 1.716466345855565123e-01 -1.874783116555249762e-01 2.144243623138208932e-01 -4.837771109803838954e-01 -2.908539599434902811e-01
1.203576800731980256e+00 8.312508640754003864e-01 3.909987113642614531e-01 4.052142529653792735e-01 -2.193336618371404256e-01 -1.181028815193485570e-02 -1.648696843859625005e-01 -9.927964421183332888e-02 2.479429443716867354e-01 -1.679775336882585179e-01 -2.597963944608636666e-01 -1.695009609397857275e-02 -2.749321041611096916e-01 -1.377905096840663646e-01 -2.892567325877735129e-01 -3.598230309336258870e-01 -3.246679123070066453e-01 4.196249010044539318e-02 -4.274005424042002232e-01 9.268025519486400299e-02 3.319666202168036762e-02 -4.049414692084383205e-01 3.072695348042202568e-01 7.641774022448544201e-02 1.107505687921843673e-01 9.964181803866267728e-02 -1.546501385216743074e-01 8.040373789697241591e-02 -2.899754557030291835e-01 -3.178495287478426690e-01
-9.355447624458861355e-01 -4.186139014800005498e-01 -1.035868089081759535e-02 -2.193336618371404256e-01 6.025672991460737649e-01 -2.449016119095404065e-01 8.305973645423136986e-02 -2.734489621538500614e-01 -4.817041213867696570e-01 1.048366335481887290e-01 -2.177724851683251472e-01 2.050364454602799924e-01 3.222652648033772493e-01 1.773137778366162820e-02 2.660108992780578774e-01 2.088355656644580449e-01 3.710941767203621566e-01 -4.815189648746809326e-02 2.226508885826490314e-01 2.089621724890662335e-01 -2.641397288323332759e-02 2.196391679779026163e-01 -1.631011272251043920e-01 -1.167009521231534563e-01 1.594142925847563674e-02 -1.212374608777508911e-01 1.386383882587551852e-01 -2.235015419358887812e-02 -6.182415936791585409e-03 3.185468327968123958e-01
1.164888441851417156e-01 -7.466771062927932689e-01 -6.815433027636572660e-01 -1.181028815193485570e-02 -2.449016119095404065e-01 9.163309063351334771e-01 1.947517024439093802e-02 9.834416928761697818e-01 5.628395850416154644e-01 1.344881824392700764e-01 5.862848092708645709e-01 -4.667080906783098726e-01 -1.876743986038604817e-01 2.229695452558644320e-02 -4.918121159118982177e-02 -6.117135164737419473e-02 -2.591319386801274050e-01 -2.406733905013425101e-02 -6.657999222824173557e-02 -3.090275263718922361e-01 -2.905321480045586213e-02 -2.704143067819586577e-02 -1.367426343377360354e-01 4.539759656699970947e-02 -1.042099437621004654e-01 -3.423797457867294725e-02 2.163027413723739301e-02 1.880347813513481015e-01 1.386957968925912610e-01 -2.956437897348678234e-01
-7.931829756239494600e-01 -6.268002435356265778e-01 -1.295894497852714267e-01 -1.648696843859625005e-01 8.305973645423136986e-02 1.947517024439093802e-02 3.410968073596336581e-01 1.320216969170360244e-01 -2.600444948898825714e-01 1.661970265191143881e-01 3.278095988634959213e-01 -5.276109556285746294e-02 8.473932739588008189e-02 1.452012725819713523e-01 3.286554556225382839e-01 2.185124373831968114e-01 1.566709348018662240e-01 3.482698436471309833e-02 1.613701420230313488e-01 -2.203714795249993585e-01 -5.598567360999595621e-02 1.531693700806613379e-01 -2.335851033494691364e-01 -3.568164363002779282e-02 -1.361975389237386480e-01 -5.397024629473889945e-02 4.114835286526385971e-02 -3.083473471809838884e-02 2.899649306681340022e-01 1.099563607722870984e-01
-2.722196177791147420e-01 -1.640047822886629092e+00 -7.545294595643667890e-01 -9.927964421183332888e-02 -2.734489621538500614e-01 9.834416928761697818e-01 1.320216969170360244e-01 1.662772557325865819e+00 7.034375343320107277e-01 3.113261030158014364e-01 1.285187635090153435e+00 -7.623666586871422624e-01 -2.859619349002855415e-01 6.377766674313534168e-02 1.101783475775732768e-01 1.405861012229934204e-01 -4.752504521263745119e-01 1.213337836190362395e-01 1.943997999504176732e-02 -6.554603241344807429e-01 -6.595806941061255202e-02 -4.326888664348871316e-02 -1.852668270657886751e-01 1.134495047291466108e-01 -1.553480974137642079e-01 -4.378119231614618911e-02 2.412905130074705085e-02 2.527055670275899502e-01 2.615172376566192725e-01 -4.731158941028184017e-01
9.816708301846688300e-01 1.636582901096517162e-02 -4.112333971620500961e-01 2.479429443716867354e-01 -4.817041213867696570e-01 5.628395850416154644e-01 -2.600444948898825714e-01 7.034375343320107277e-01 9.327870947874430385e-01 -3.542023406362204696e-02 4.844342919820405768e-01 -3.199527972357145700e-01 -3.611672866547905869e-01 -9.922074324566665382e-02 -3.314099010801783152e-01 -1.636752129159617652e-01 -5.661478749324260207e-01 7.252161534881906846e-02 -2.291729367793777783e-01 -2.285929761771399171e-01 -2.295634061329110409e-02 -3.087059265070024594e-01 2.475496218478951960e-01 1.119630056532514573e-01 3.456693657096820971e-02 8.613222254535912725e-02 -1.319819069666436917e-01 9.400439671094318328e-02 -1.622525138627679553e-01 -4.625772414360653784e-01
-7.157075685771587814e-01 -6.710805020568386681e-01 -2.989733227864803666e-01 -1.679775336882585179e-01 1.048366335481887290e-01 1.344881824392700764e-01 1.661970265191143881e-01 3.113261030158014364e-01 -3.542023406362204696e-02 2.309806641576983566e-01 3.753963950630918589e-01 -1.361941660233014773e-01 1.145187454865776999e-01 5.135861755729820288e-02 2.639456597511298241e-01 2.277650197991647474e-01 3.956714809174854963e-02 5.026769245898776717e-02 1.546908855628714718e-01 -1.381796893690534489e-01 -6.907974232177593876e-02 8.946396044808579973e-02 -1.325157875146487640e-01 -8.757058262801820092e-03 -8.341450514274129091e-02 -7.022936859624451245e-02 6.446091327813974203e-02 -1.651699855494825897e-02 1.295205661506315664e-01 3.526183823345263590e-02
-1.065596358406139643e+00 -1.938959877192075965e+00 -8.657078280784276103e-01 -2.597963944608636666e-01 -2.177724851683251472e-01 5.862848092708645709e-01 3.278095988634959213e-01 1.285187635090153435e+00 4.844342919820405768e-01 3.753963950630918589e-01 1.574196327299773657e+00 -5.125690486360667819e-01 -1.515389404981988264e-01 2.406906953640373104e-01 4.068555957741750717e-01 5.255612483836102911e-01 -2.757843431828632674e-01 1.947285862576677573e-01 3.492777276975971290e-01 -8.365316862962686173e-01 -1.457943627567033218e-01 1.839319600233011442e-01 -2.871104425634598556e-01 4.902942600460846734e-02 -2.691929115310927045e-01 -4.973690194015034649e-02 2.435448016353802814e-02 -1.585266327748513504e-02 5.058218078868890188e-01 -2.216147400110912713e-01
4.857462695571257427e-02 5.430969920714119326e-01 5.372184956269165923e-02 -1.695009609397857275e-02 2.050364454602799924e-01 -4.667080906783098726e-01 -5.276109556285746294e-02 -7.623666586871422624e-01 -3.199527972357145700e-01 -1.361941660233014773e-01 -5.125690486360667819e-01 5.790621434618401508e-01 1.763805066246959541e-01 6.409095157306410329e-02 1.040502686702211577e-01 8.640731593482087192e-02 3.212572729988210085e-01 -8.825280129508428217e-02 8.911815222325003560e-02 2.221416796582502684e-01 -6.571068613175157225e-02 6.498854007406862365e-02 -2.900735391426678689e-02 -1.333939969782704793e-01 -3.710130131008781973e-02 -2.327505232614157649e-02 -8.404411076242013223e-03 -2.224621800848467501e-01 -2.840365344519568680e-02 3.455891135653246238e-01
-1.069491755132787603e+00 -2.942444289366221710e-01 -2.251428019561103611e-01 -2.749321041611096916e-01 3.222652648033772493e-01 -1.876743986038604817e-01 8.473932739588008189e-02 -2.859619349002855415e-01 -3.611672866547905869e-01 1.145187454865776999e-01 -1.515389404981988264e-01 1.763805066246959541e-01 4.218552519097329423e-01 1.699664724043259412e-02 2.013189385012310595e-01 2.737150259632983307e-01 4.070719485969220841e-01 -6.808661284946992964e-02 3.501897408561376324e-01 2.084292781065641975e-01 -6.677895585767146258e-03 3.015794325230274353e-01 -2.094027777733344919e-01 -1.035603287114668092e-01 -6.901844284891467396e-02 -1.248161135500254204e-01 1.736488811099548002e-01 -1.331574261421906158e-01 1.112031144182310527e-01 4.009609295338236734e-01
-4.977116195441340096e-01 -5.425776931434143080e-01 -2.405358431565218780e-01 -1.377905096840663646e-01 1.773137778366162820e-02 2.229695452558644320e-02 1.452012725819713523e-01 6.377766674313534168e-02 -9.922074324566665382e-02 5.135861755729820288e-02 2.406906953640373104e-01 6.409095157306410329e-02 1.699664724043259412e-02 2.681519702248351678e-01 2.085178647361658477e-01 2.013031288011575271e-01 1.733661338020624498e-01 -3.514402026286234104e-02 2.137438101960071890e-01 -2.953754179880547781e-01 -5.527738355391420555e-02 2.514095955554012107e-01 -2.452575578317919280e-01 -3.635922647515599238e-02 -1.443313530160139635e-01 -4.811372494259558152e-03 6.500172776725321455e-03 -1.001812355862625736e-01 3.243048758241684482e-01 1.651314255103670803e-01
-1.131671868531668679e+00 -9.626824306630510364e-01 -4.358524428827195152e-01 -2.892567325877735129e-01 2.660108992780578774e-01 -4.918121159118982177e-02 3.286554556225382839e-01 1.101783475775732768e-01 -3.314099010801783152e-01 2.639456597511298241e-01 4.068555957741750717e-01 1.040502686702211577e-01 2.013189385012310595e-01 2.085178647361658477e-01 6.878365474566976445e-01 4.594720252386537140e-01 2.985825390593959128e-01 4.256865775138862773e-02 3.171311778909853274e-01 -2.763504740685789329e-01 -1.814331573443155321e-01 2.540220246061721809e-01 -3.265437608311003714e-01 -1.423871311541233808e-01 -2.414127642815060426e-01 -1.030453659004706424e-01 5.663748385939015861e-02 -1.622044044751191905e-01 3.784770820406606617e-01 2.491700679368591409e-01
-1.385058677272297700e+00 -1.042203461100939421e+00 -5.895738371544325673e-01 -3.598230309336258870e-01 2.088355656644580449e-01 -6.117135164737419473e-02 2.185124373831968114e-01 1.405861012229934204e-01 -1.636752129159617652e-01 2.277650197991647474e-01 5.255612483836102911e-01 8.640731593482087192e-02 2.737150259632983307e-01 2.013031288011575271e-01 4.594720252386537140e-01 6.017541557125980489e-01 2.605140151158025219e-01 5.313991373421345088e-02 5.099697966972200902e-01 -2.169940118841964249e-01 -1.328979179949385525e-01 3.339020404205541581e-01 -2.893553249056139975e-01 -9.756216424671038112e-02 -2.078016935388404818e-01 -1.016894221554025535e-01 1.470029654228710569e-01 -2.129355925854383713e-01 3.134424743365684662e-01 2.988578638090189088e-01
-1.261677066457252749e+00 -4.360891522752581295e-01 -2.023355943175602079e-01 -3.246679123070066453e-01 3.710941767203621566e-01 -2.591319386801274050e-01 1.566709348018662240e-01 -4.752504521263745119e-01 -5.661478749324260207e-01 3.956714809174854963e-02 -2.757843431828632674e-01 3.212572729988210085e-01 4.070719485969220841e-01 1.733661338020624498e-01 2.985825390593959128e-01 2.605140151158025219e-01 7.037906731599719024e-01 -1.843773274148361452e-01 4.594348091792710420e-01 5.328336463992400240e-02 -1.433041785446675931e-03 5.786851256557099532e-01 -4.266407884185809962e-01 -1.782295623119125594e-01 -1.541625321352171341e-01 -1.036336467091700797e-01 1.685486167062322238e-01 -1.614361728059066081e-01 4.158656757245466906e-01 6.032672163568122414e-01
1.091607477711136198e-01 -6.533920123843017791e-03 7.869128909919709258e-02 4.196249010044539318e-02 -4.815189648746809326e-02 -2.406733905013425101e-02 3.482698436471309833e-02 1.213337836190362395e-01 7.252161534881906846e-02 5.026769245898776717e-02 1.947285862576677573e-01 -8.825280129508428217e-02 -6.808661284946992964e-02 -3.514402026286234104e-02 4.256865775138862773e-02 5.313991373421345088e-02 -1.843773274148361452e-01 1.952654037708043688e-01 -6.187282859761467080e-02 -5.203259365100620926e-02 -4.946981055667265537e-03 -1.765911255408809666e-01 1.489737931255490366e-01 3.560778672419928625e-02 3.932627214496164925e-02 -9.635410256748855318e-03 -9.569622161586721631e-02 -2.213431927151532363e-02 -1.291591271497622984e-01 -2.116910723359524127e-01
-1.679962683868495787e+00 -1.061507345998336405e+00 -5.612350148483642442e-01 -4.274005424042002232e-01 2.226508885826490314e-01 -6.657999222824173557e-02 1.613701420230313488e-01 1.943997999504176732e-02 -2.291729367793777783e-01 1.546908855628714718e-01 3.492777276975971290e-01 8.911815222325003560e-02 3.501897408561376324e-01 2.137438101960071890e-01 3.171311778909853274e-01 5.099697966972200902e-01 4.594348091792710420e-01 -6.187282859761467080e-02 6.915769078952962445e-01 -1.519472010005529228e-01 -2.636430442501591642e-02 6.372479845879297500e-01 -3.996568395763233639e-01 -1.094468888034612064e-01 -1.890083766308805480e-01 -1.132496949034873523e-01 1.927330437162311227e-01 -2.086742196917441561e-01 4.618137460054185794e-01 4.556894457525118014e-01
3.726963219688741447e-01 1.080805075235957702e+00 4.022004143055255554e-01 9.268025519486400299e-02 2.089621724890662335e-01 -3.090275263718922361e-01 -2.203714795249993585e-01 -6.554603241344807429e-01 -2.285929761771399171e-01 -1.381796893690534489e-01 -8.365316862962686173e-01 2.221416796582502684e-01 2.084292781065641975e-01 -2.953754179880547781e-01 -2.763504740685789329e-01 -2.169940118841964249e-01 5.328336463992400240e-02 -5.203259365100620926e-02 -1.519472010005529228e-01 7.320458553480193586e-01 9.666580143010605752e-02 -1.858399509742696409e-01 2.307805684749268949e-01 -1.642778074415218725e-02 2.166721267305433685e-01 -5.145089208508579759e-02 3.754477772673681102e-02 2.285603177801931452e-02 -4.670582534729419422e-01 1.238801349243772165e-01
1.056548090307956045e-01 1.915424740236062462e-01 2.180966539374367130e-01 3.319666202168036762e-02 -2.641397288323332759e-02 -2.905321480045586213e-02 -5.598567360999595621e-02 -6.595806941061255202e-02 -2.295634061329110409e-02 -6.907974232177593876e-02 -1.457943627567033218e-01 -6.571068613175157225e-02 -6.677895585767146258e-03 -5.527738355391420555e-02 -1.814331573443155321e-01 -1.328979179949385525e-01 -1.433041785446675931e-03 -4.946981055667265537e-03 -2.636430442501591642e-02 9.666580143010605752e-02 1.355885857327052690e-01 5.506158627628110480e-02 3.536256417157801479e-02 3.154565965229494395e-02 7.209254193878678052e-02 1.130457087373315517e-02 -4.322777341570827048e-02 2.499973454843029685e-02 -3.999994728610545280e-02 -3.790265401715942062e-02
-1.645701933859584187e+00 -1.042416740033559108e+00 -4.169734573609389372e-01 -4.049414692084383205e-01 2.196391679779026163e-01 -2.704143067819586577e-02 1.531693700806613379e-01 -4.326888664348871316e-02 -3.087059265070024594e-01 8.946396044808579973e-02 1.839319600233011442e-01 6.498854007406862365e-02 3.015794325230274353e-01 2.514095955554012107e-01 2.540220246061721809e-01 3.339020404205541581e-01 5.786851256557099532e-01 -1.765911255408809666e-01 6.372479845879297500e-01 -1.858399509742696409e-01 5.506158627628110480e-02 8.511070253081243209e-01 -5.033965661092167920e-01 -1.391816231011375748e-01 -1.728264193813231486e-01 -7.433654016398349995e-02 1.669258907998596442e-01 -1.429993069589272636e-01 6.155929131106177010e-01 5.274964398101928964e-01
1.115207937552838757e+00 1.013621743889927984e+00 4.714244776914142676e-01 3.072695348042202568e-01 -1.631011272251043920e-01 -1.367426343377360354e-01 -2.335851033494691364e-01 -1.852668270657886751e-01 2.475496218478951960e-01 -1.325157875146487640e-01 -2.871104425634598556e-01 -2.900735391426678689e-02 -2.094027777733344919e-01 -2.452575578317919280e-01 -3.265437608311003714e-01 -2.893553249056139975e-01 -4.266407884185809962e-01 1.489737931255490366e-01 -3.996568395763233639e-01 2.307805684749268949e-01 3.536256417157801479e-02 -5.033965661092167920e-01 5.674872416651624007e-01 1.099765716688807515e-01 2.705872865244600689e-01 8.688764273125570980e-02 -1.325100921609987381e-01 7.484872901329708839e-02 -5.914004472592750972e-01 -3.884823219236750447e-01
2.620713602849491508e-01 1.279520088093022423e-01 1.615247363008620596e-01 7.641774022448544201e-02 -1.167009521231534563e-01 4.539759656699970947e-02 -3.568164363002779282e-02 1.134495047291466108e-01 1.119630056532514573e-01 -8.757058262801820092e-03 4.902942600460846734e-02 -1.333939969782704793e-01 -1.035603287114668092e-01 -3.635922647515599238e-02 -1.423871311541233808e-01 -9.756216424671038112e-02 -1.782295623119125594e-01 3.560778672419928625e-02 -1.094468888034612064e-01 -1.642778074415218725e-02 3.154565965229494395e-02 -1.391816231011375748e-01 1.099765716688807515e-01 1.151233700774128010e-01 7.778988129797426154e-02 5.451919432607610361e-02 -4.471514908510698660e-02 7.791146754505007266e-02 -1.072094647568633263e-01 -1.806654760710557639e-01
2.709947460366493033e-01 4.761230817215960087e-01 3.840429943698495663e-01 1.107505687921843673e-01 1.594142925847563674e-02 -1.042099437621004654e-01 -1.361975389237386480e-01 -1.553480974137642079e-01 3.456693657096820971e-02 -8.341450514274129091e-02 -2.691929115310927045e-01 -3.710130131008781973e-02 -6.901844284891467396e-02 -1.443313530160139635e-01 -2.414127642815060426e-01 -2.078016935388404818e-01 -1.541625321352171341e-01 3.932627214496164925e-02 -1.890083766308805480e-01 2.166721267305433685e-01 7.209254193878678052e-02 -1.728264193813231486e-01 2.705872865244600689e-01 7.778988129797426154e-02 3.018748008782381476e-01 5.615072785906249919e-02 -9.163704131339045489e-02 1.746463527717310171e-01 -3.124389842986943222e-01 -1.334571888899631631e-01
3.265081540091614443e-01 2.262677000733788191e-01 1.716466345855565123e-01 9.964181803866267728e-02 -1.212374608777508911e-01 -3.423797457867294725e-02 -5.397024629473889945e-02 -4.378119231614618911e-02 8.613222254535912725e-02 -7.022936859624451245e-02 -4.973690194015034649e-02 -2.327505232614157649e-02 -1.248161135500254204e-01 -4.811372494259558152e-03 -1.030453659004706424e-01 -1.016894221554025535e-01 -1.036336467091700797e-01 -9.635410256748855318e-03 -1.132496949034873523e-01 -5.145089208508579759e-02 1.130457087373315517e-02 -7.433654016398349995e-02 8.688764273125570980e-02 5.451919432607610361e-02 5.615072785906249919e-02 1.193144190476687072e-01 -4.097168329576561518e-02 5.598816776443982235e-02 -5.781725706771112527e-02 -1.124376139311493716e-01
-5.425847051648133856e-01 -3.188977476365266739e-01 -1.874783116555249762e-01 -1.546501385216743074e-01 1.386383882587551852e-01 2.163027413723739301e-02 4.114835286526385971e-02 2.412905130074705085e-02 -1.319819069666436917e-01 6.446091327813974203e-02 2.435448016353802814e-02 -8.404411076242013223e-03 1.736488811099548002e-01 6.500172776725321455e-03 5.663748385939015861e-02 1.470029654228710569e-01 1.685486167062322238e-01 -9.569622161586721631e-02 1.927330437162311227e-01 3.754477772673681102e-02 -4.322777341570827048e-02 1.669258907998596442e-01 -1.325100921609987381e-01 -4.471514908510698660e-02 -9.163704131339045489e-02 -4.097168329576561518e-02 2.615393870043476454e-01 2.954143226418182167e-03 9.266473584352752368e-02 1.716970980643282019e-01
1.380136667875717649e-01 -2.755373604099986551e-02 2.144243623138208932e-01 8.040373789697241591e-02 -2.235015419358887812e-02 1.880347813513481015e-01 -3.083473471809838884e-02 2.527055670275899502e-01 9.400439671094318328e-02 -1.651699855494825897e-02 -1.585266327748513504e-02 -2.224621800848467501e-01 -1.331574261421906158e-01 -1.001812355862625736e-01 -1.622044044751191905e-01 -2.129355925854383713e-01 -1.614361728059066081e-01 -2.213431927151532363e-02 -2.086742196917441561e-01 2.285603177801931452e-02 2.499973454843029685e-02 -1.429993069589272636e-01 7.484872901329708839e-02 7.791146754505007266e-02 1.746463527717310171e-01 5.598816776443982235e-02 2.954143226418182167e-03 3.520547436667129659e-01 -7.902679674333512594e-02 -1.955291749915772925e-01
-1.240095653805042275e+00 -1.201217852409968145e+00 -4.837771109803838954e-01 -2.899754557030291835e-01 -6.182415936791585409e-03 1.386957968925912610e-01 2.899649306681340022e-01 2.615172376566192725e-01 -1.622525138627679553e-01 1.295205661506315664e-01 5.058218078868890188e-01 -2.840365344519568680e-02 1.112031144182310527e-01 3.243048758241684482e-01 3.784770820406606617e-01 3.134424743365684662e-01 4.158656757245466906e-01 -1.291591271497622984e-01 4.618137460054185794e-01 -4.670582534729419422e-01 -3.999994728610545280e-02 6.155929131106177010e-01 -5.914004472592750972e-01 -1.072094647568633263e-01 -3.124389842986943222e-01 -5.781725706771112527e-02 9.266473584352752368e-02 -7.902679674333512594e-02 8.161675028713943902e-01 3.409661139950799225e-01
-1.181385777682180560e+00 -3.561389461661406131e-01 -2.908539599434902811e-01 -3.178495287478426690e-01 3.185468327968123958e-01 -2.956437897348678234e-01 1.099563607722870984e-01 -4.731158941028184017e-01 -4.625772414360653784e-01 3.526183823345263590e-02 -2.216147400110912713e-01 3.455891135653246238e-01 4.009609295338236734e-01 1.651314255103670803e-01 2.491700679368591409e-01 2.988578638090189088e-01 6.032672163568122414e-01 -2.116910723359524127e-01 4.556894457525118014e-01 1.238801349243772165e-01 -3.790265401715942062e-02 5.274964398101928964e-01 -3.884823219236750447e-01 -1.806654760710557639e-01 -1.334571888899631631e-01 -1.124376139311493716e-01 1.716970980643282019e-01 -1.955291749915772925e-01 3.409661139950799225e-01 7.128786300384604147e-01
