5.373117829142643131e+00 3.236269561892186175e+00 1.296967257652568151e+00 1.109170003012195593e+00 -8.507900092577642681e-01 9.147999858453204070e-02 -7.312945983817371598e-01 -1.899215625363694926e-01 1.178278219381866165e+00 -6.583501640872100324e-01 -7.054972456512018653e-01 9.089858710427733968e-02 -1.088418915374177232e+00 -2.976007886230718213e-01 -9.356928201925711619e-01 -1.198222985028223775e+00 -1.034065044001351907e+00 -2.085063698541489430e-02 -1.507310783729963077e+00 2.640834340193123353e-01 -4.765190539666264158e-02 -1.522694108837526983e+00 8.352919519957708872e-01 1.492474993747237022e-01 1.894562484359312293e-01 6.819582541004365339e-02 -5.462122931759267885e-01 3.454602136065432205e-02 -1.325964692057993943e+00 -1.256466445069804649e+00
3.236269561892186175e+00 3.392808827613691847e+00 1.437036925862912540e+00 7.286469160508772802e-01 -3.541166456554378783e-01 -5.433056677593413042e-01 -6.215967903849559661e-01 -1.280311799074866030e+00 2.418818279288075246e-01 -5.658629502244707510e-01 -1.492735833457174977e+00 4.164567841047528418e-01 -3.502532893007241910e-01 -3.196986377207622354e-01 -7.796546680955884767e-01 -8.902879160140173553e-01 -2.568491121705847036e-01 -9.308554316123718309e-02 -9.232815313299056470e-01 9.152278126837245509e-01 9.381397767168664359e-02 -9.378948346973174921e-01 7.345793808922280732e-01 3.162795972286858159e-02 3.756493762497257194e-01 -3.509544371644324201e-02 -3.124319758217097842e-01 -5.138861313275810971e-02 -1.303808025619844102e+00 -4.923405836323695439e-01
1.296967257652568151e+00 1.437036925862912540e+00 1.528078192087150455e+00 3.812777490070970998e-01 5.447494697875754355e-03 -6.083428051709347528e-01 -1.896097232240094854e-01 -6.596694553771271785e-01 -2.892886756333723497e-01 -2.943422012559153700e-01 -7.535339355056294153e-01 1.232822987850568097e-02 -2.368644552179262064e-01 -2.130557194719813197e-01 -4.715308961731921045e-01 -5.416193269592213255e-01 -2.267699698693945720e-01 6.218372361604451726e-02 -5.127415656435232449e-01 3.738637491206304730e-01 2.136838559754323796e-01 -4.158379465222878935e-01 4.580790801370540066e-01 1.460626860250044956e-01 3.584429733606384616e-01 1.111982233996400282e-01 -2.271231877393802279e-01 1.543281544885530820e-01 -5.325962951415590396e-01 -3.660517718424785016e-01
1.109170003012195593e+00 7.286469160508772802e-01 3.812777490070970998e-01 3.776891624979725748e-01 -2.095700322134916860e-01 1.666457583422698008e-02 -1.384654182634221797e-01 -4.464779615454972372e-02 3.090239183573544324e-01 -1.449834089643786683e-01 -1.426343416578106371e-01 -3.450412616598441673e-02 -2.798260326501917916e-01 -8.745367670070436361e-02 -2.483652079494049758e-01 -3.195055932130799192e-01 -2.849585206768665557e-01 3.510825557839325484e-03 -3.890223809654003162e-01 5.892911291635982707e-02 8.924613432327532792e-03 -3.741979426259831598e-01 2.397571449402562394e-01 6.256354727827329043e-02 8.865004099612860955e-02 4.058810763189057980e-02 -1.553478702460324712e-01 7.048971152579497357e-02 -2.986576505215907673e-01 -3.437478729161966839e-01
-8.507900092577642681e-01 -3.541166456554378783e-01 5.447494697875754355e-03 -2.095700322134916860e-01 5.684933607934681277e-01 -2.474234479930146335e-01 4.082048469507526534e-02 -2.823506300117060164e-01 -5.213493354586375972e-01 9.291600186435289288e-02 -2.829785517395748684e-01 1.824361750414595917e-01 3.297159108093978830e-01 -3.840931628207044923e-02 2.134559350734548389e-01 1.939547868547606413e-01 3.168545809062379703e-01 5.715626910330229293e-03 2.233110123032702177e-01 2.176094125767349396e-01 1.255170614757616931e-02 2.074633497348941091e-01 -9.463508184569491277e-02 -9.301750651729889796e-02 2.178325299206562704e-02 -7.377696400914146579e-02 1.172027936390804825e-01 -4.960612086000537602e-02 2.330987124287275947e-02 3.249807001690783181e-01
9.147999858453204070e-02 -5.433056677593413042e-01 -6.083428051709347528e-01 1.666457583422698008e-02 -2.474234479930146335e-01 7.709669206411717823e-01 4.391508703548652193e-02 7.554764794622883528e-01 5.051433442804977858e-01 9.898863490678877497e-02 4.551365006396963508e-01 -3.594157139200433448e-01 -1.461738711694238191e-01 7.957119365983089665e-03 -6.139400944704220819e-02 -7.460234262191534071e-02 -2.241550905909548419e-01 -4.386316587857663762e-02 -7.675937480559014148e-02 -2.326386184537341251e-01 -1.956077808608824853e-02 -3.382208822409893401e-02 -1.042183724367760078e-01 4.649681925275217509e-02 -7.749472296433168594e-02 -1.283170431730695782e-02 1.442903048058497006e-02 1.578048619181231516e-01 1.460032588255444352e-01 -2.444602524275865107e-01
-7.312945983817371598e-01 -6.215967903849559661e-01 -1.896097232240094854e-01 -1.384654182634221797e-01 4.082048469507526534e-02 4.391508703548652193e-02 3.120345487029680953e-01 1.662554848476247571e-01 -2.379910713103754460e-01 1.507424318256198603e-01 3.063884168993240564e-01 -6.640541879681904902e-02 7.960042351965057605e-02 8.599680999361680733e-02 2.706305584836741218e-01 1.814776447470194398e-01 8.382448137655273968e-02 5.027329679512604343e-02 1.321427389987093193e-01 -2.107726329484762573e-01 -3.014969409832701785e-02 1.320625533471115887e-01 -1.752967749222875682e-01 -5.112617925533413654e-03 -1.175000980801996775e-01 1.462385521165288083e-03 4.311856265439928393e-02 -8.006589737306057941e-04 3.229177183330875778e-01 1.213310985166344835e-01
-1.899215625363694926e-01 -1.280311799074866030e+00 -6.596694553771271785e-01 -4.464779615454972372e-02 -2.823506300117060164e-01 7.554764794622883528e-01 1.662554848476247571e-01 1.281585394797275512e+00 5.905320757828462774e-01 2.302900469369433267e-01 1.021266083571958916e+00 -5.593597856653786948e-01 -2.371829666188318697e-01 9.860964359745594265e-03 6.591667100275344637e-02 1.068943040559702240e-01 -4.768435105855246547e-01 8.214427539525104294e-02 -1.595794198539124409e-02 -5.562238387027491626e-01 -6.781260851772685783e-02 -6.506260900226834565e-02 -1.144808457816566261e-01 1.406611765772822764e-01 -1.367797418651548469e-01 5.700880401474250903e-02 2.058923992967720551e-02 1.861124119369037544e-01 3.404900841817948276e-01 -3.684783868536101181e-01
1.178278219381866165e+00 2.418818279288075246e-01 -2.892886756333723497e-01 3.090239183573544324e-01 -5.213493354586375972e-01 5.051433442804977858e-01 -2.379910713103754460e-01 5.905320757828462774e-01 1.023927215401499780e+00 -7.714991642239965586e-02 4.644595383185219362e-01 -2.540589933552723778e-01 -4.340081130723660863e-01 -5.348860237950248120e-02 -3.494027215716641876e-01 -2.221020483149231950e-01 -5.704523690778842138e-01 -6.341713610765964404e-03 -3.164189029822921384e-01 -2.077506419565224860e-01 -6.648086950184506350e-02 -3.779162667781008622e-01 2.421967519562144844e-01 1.188338831453847888e-01 5.766752660753127202e-02 6.910125751466011934e-02 -1.487502446087205499e-01 1.206159835656421819e-01 -2.551300123599844483e-01 -5.335836846827533009e-01
-6.583501640872100324e-01 -5.658629502244707510e-01 -2.943422012559153700e-01 -1.449834089643786683e-01 9.291600186435289288e-02 9.898863490678877497e-02 1.507424318256198603e-01 2.302900469369433267e-01 -7.714991642239965586e-02 2.000800605031827217e-01 2.676357072871837772e-01 -1.008043636095976581e-01 1.311065971967195765e-01 1.709485805292842997e-03 2.177849920025209940e-01 1.889707786880308049e-01 1.859523056617717884e-02 5.665177513230901241e-02 1.341053482272513975e-01 -9.235243253618818926e-02 -3.797046060134334766e-02 8.359272282734764303e-02 -8.545654347346953728e-02 1.273433564398374074e-02 -6.510437017919912250e-02 -2.491382270676467670e-02 5.891622853687294992e-02 -2.015872139645580319e-02 1.574382294972451746e-01 6.519131414319190299e-02
-7.054972456512018653e-01 -1.492735833457174977e+00 -7.535339355056294153e-01 -1.426343416578106371e-01 -2.829785517395748684e-01 4.551365006396963508e-01 3.063884168993240564e-01 1.021266083571958916e+00 4.644595383185219362e-01 2.676357072871837772e-01 1.301175617374269677e+00 -3.797902471357019749e-01 -1.999156827291130867e-01 1.373077362794106193e-01 2.714670859059538088e-01 3.755503354948359629e-01 -3.951241668384000150e-01 1.541361509912348993e-01 1.882325056731701807e-01 -7.264447823681052796e-01 -1.433915370463410000e-01 6.551141398188065068e-02 -1.373673421689431962e-01 1.171891013163417483e-01 -1.920944929046868310e-01 9.301470853495175106e-02 2.172854909667876200e-02 3.682165791991565129e-02 4.818869411791979473e-01 -2.073998667581804511e-01
9.089858710427733968e-02 4.164567841047528418e-01 1.232822987850568097e-02 -3.450412616598441673e-02 1.824361750414595917e-01 -3.594157139200433448e-01 -6.640541879681904902e-02 -5.593597856653786948e-01 -2.540589933552723778e-01 -1.008043636095976581e-01 -3.797902471357019749e-01 4.787231261362308032e-01 1.214512945554133694e-01 7.787019706222508830e-02 1.220980328754421862e-01 7.892546480491091643e-02 2.993433047415692272e-01 -5.953941142263374786e-02 7.072021117991766914e-02 1.649910378415029300e-01 -7.548130550668474825e-02 4.801200093800161994e-02 -4.882511990473403785e-02 -1.457940148874286024e-01 -4.135559770656982437e-02 -6.329091992154189938e-02 -4.736295752707064821e-03 -1.669399038589176598e-01 -8.983131397735633072e-02 2.858767152548580270e-01
-1.088418915374177232e+00 -3.502532893007241910e-01 -2.368644552179262064e-01 -2.798260326501917916e-01 3.297159108093978830e-01 -1.461738711694238191e-01 7.960042351965057605e-02 -2.371829666188318697e-01 -4.340081130723660863e-01 1.311065971967195765e-01 -1.999156827291130867e-01 1.214512945554133694e-01 4.241455458386553801e-01 4.474831843026549905e-04 2.021729449594431571e-01 2.440738410195990582e-01 4.040573641962623697e-01 -3.007892526395039567e-02 3.375245819384247170e-01 1.949803330858230765e-01 2.133639646643814558e-02 3.123868037001500397e-01 -1.974651742341961835e-01 -8.925855874986154959e-02 -5.851573676073940078e-02 -9.417076269335211691e-02 1.815674225249495066e-01 -1.020771021545101576e-01 1.497856419825893681e-01 4.098560438740719292e-01
-2.976007886230718213e-01 -3.196986377207622354e-01 -2.130557194719813197e-01 -8.745367670070436361e-02 -3.840931628207044923e-02 7.957119365983089665e-03 8.599680999361680733e-02 9.860964359745594265e-03 -5.348860237950248120e-02 1.709485805292842997e-03 1.373077362794106193e-01 7.787019706222508830e-02 4.474831843026549905e-04 2.096630342228991140e-01 1.108781108393941395e-01 1.295889936882304028e-01 1.223123587703867088e-01 -2.778867172014543030e-02 1.484343441014459586e-01 -2.130199684942795102e-01 -3.132506594488404517e-02 1.842345360346939742e-01 -1.610196156881897878e-01 -3.109032184727311687e-02 -1.020302054537864933e-01 2.253288439266043497e-02 5.593886906808620552e-03 -6.332785130399543050e-02 2.304712109117872387e-01 1.544506514541126307e-01
-9.356928201925711619e-01 -7.796546680955884767e-01 -4.715308961731921045e-01 -2.483652079494049758e-01 2.134559350734548389e-01 -6.139400944704220819e-02 2.706305584836741218e-01 6.591667100275344637e-02 -3.494027215716641876e-01 2.177849920025209940e-01 2.714670859059538088e-01 1.220980328754421862e-01 2.021729449594431571e-01 1.108781108393941395e-01 6.103927792752301684e-01 3.893561521389585778e-01 2.402967939909785855e-01 7.742574476799291006e-02 2.667843116624055710e-01 -2.138975468486137288e-01 -1.476375031097632018e-01 2.143779706060797707e-01 -2.416789704839743536e-01 -1.107114307776555506e-01 -2.148272752139632757e-01 -3.818982874730636468e-02 6.134379255121302776e-02 -1.622212471056059258e-01 3.714060649331258901e-01 2.694171223475336774e-01
-1.198222985028223775e+00 -8.902879160140173553e-01 -5.416193269592213255e-01 -3.195055932130799192e-01 1.939547868547606413e-01 -7.460234262191534071e-02 1.814776447470194398e-01 1.068943040559702240e-01 -2.221020483149231950e-01 1.889707786880308049e-01 3.755503354948359629e-01 7.892546480491091643e-02 2.440738410195990582e-01 1.295889936882304028e-01 3.893561521389585778e-01 5.024551829309302775e-01 1.918476939102902179e-01 7.674466767576859638e-02 4.228970481345015742e-01 -1.710251421269504135e-01 -1.072449465350757691e-01 2.831502361277102864e-01 -2.086763990280360304e-01 -5.324540610871508761e-02 -1.543079318226432406e-01 -2.561075899012621448e-02 1.633116217579981821e-01 -1.509868543318475531e-01 2.977626414253222720e-01 2.904770731012149554e-01
-1.034065044001351907e+00 -2.568491121705847036e-01 -2.267699698693945720e-01 -2.849585206768665557e-01 3.168545809062379703e-01 -2.241550905909548419e-01 8.382448137655273968e-02 -4.768435105855246547e-01 -5.704523690778842138e-01 1.859523056617717884e-02 -3.951241668384000150e-01 2.993433047415692272e-01 4.040573641962623697e-01 1.223123587703867088e-01 2.402967939909785855e-01 1.918476939102902179e-01 6.742315482572394103e-01 -1.242611153783741429e-01 3.980620060749515687e-01 1.124083082881952578e-01 2.973544802915739638e-02 5.112083026740208425e-01 -3.497187931779421888e-01 -1.918186326396380537e-01 -1.355879705672577984e-01 -8.500498363827091453e-02 1.613591670829350733e-01 -1.529830843558102060e-01 3.377322933656046189e-01 6.067231001139248292e-01
-2.085063698541489430e-02 -9.308554316123718309e-02 6.218372361604451726e-02 3.510825557839325484e-03 5.715626910330229293e-03 -4.386316587857663762e-02 5.027329679512604343e-02 8.214427539525104294e-02 -6.341713610765964404e-03 5.665177513230901241e-02 1.541361509912348993e-01 -5.953941142263374786e-02 -3.007892526395039567e-02 -2.778867172014543030e-02 7.742574476799291006e-02 7.674466767576859638e-02 -1.242611153783741429e-01 1.516966340684575698e-01 -1.573494410197895377e-02 -6.484280871262626533e-02 -2.431320118827784427e-02 -1.016756445713156154e-01 8.386055308432105448e-02 5.147611465633872285e-02 1.928420804532038346e-02 1.403471184397631077e-02 -5.103428307472768211e-02 -3.812568926463200114e-02 -2.991185379295302482e-02 -1.576898843250091886e-01
-1.507310783729963077e+00 -9.232815313299056470e-01 -5.127415656435232449e-01 -3.890223809654003162e-01 2.233110123032702177e-01 -7.675937480559014148e-02 1.321427389987093193e-01 -1.595794198539124409e-02 -3.164189029822921384e-01 1.341053482272513975e-01 1.882325056731701807e-01 7.072021117991766914e-02 3.375245819384247170e-01 1.484343441014459586e-01 2.667843116624055710e-01 4.228970481345015742e-01 3.980620060749515687e-01 -1.573494410197895377e-02 5.931753353959265951e-01 -9.489764233114783565e-02 -2.013686897669231257e-03 5.637579726940202818e-01 -3.138127213571237917e-01 -8.169757348409234510e-02 -1.395969648394554952e-01 -3.903912638821793735e-02 2.103023180754632904e-01 -1.476721993097385166e-01 4.289482468269056881e-01 4.575596526279355203e-01
2.640834340193123353e-01 9.152278126837245509e-01 3.738637491206304730e-01 5.892911291635982707e-02 2.176094125767349396e-01 -2.326386184537341251e-01 -2.107726329484762573e-01 -5.562238387027491626e-01 -2.077506419565224860e-01 -9.235243253618818926e-02 -7.264447823681052796e-01 1.649910378415029300e-01 1.949803330858230765e-01 -2.130199684942795102e-01 -2.138975468486137288e-01 -1.710251421269504135e-01 1.124083082881952578e-01 -6.484280871262626533e-02 -9.489764233114783565e-02 6.601782544851744206e-01 8.782276410175882120e-02 -1.290715920701472896e-01 1.448193381496594156e-01 -3.599526753708914839e-02 1.762643241064552058e-01 -1.097800476147199333e-01 2.876076593889820288e-02 3.862554599947998213e-03 -4.447751745985328853e-01 9.968612755028516403e-02
-4.765190539666264158e-02 9.381397767168664359e-02 2.136838559754323796e-01 8.924613432327532792e-03 1.255170614757616931e-02 -1.956077808608824853e-02 -3.014969409832701785e-02 -6.781260851772685783e-02 -6.648086950184506350e-02 -3.797046060134334766e-02 -1.433915370463410000e-01 -7.548130550668474825e-02 2.133639646643814558e-02 -3.132506594488404517e-02 -1.476375031097632018e-01 -1.072449465350757691e-01 2.973544802915739638e-02 -2.431320118827784427e-02 -2.013686897669231257e-03 8.782276410175882120e-02 1.164893765181318486e-01 7.858085962629957066e-02 3.024043874120252440e-04 3.263665092634937537e-02 6.979174444103364294e-02 1.999628236637818191e-02 -2.049443279469187473e-02 4.639548670394333385e-02 -1.692589467552352289e-03 -8.841600731329890550e-03
-1.522694108837526983e+00 -9.378948346973174921e-01 -4.158379465222878935e-01 -3.741979426259831598e-01 2.074633497348941091e-01 -3.382208822409893401e-02 1.320625533471115887e-01 -6.506260900226834565e-02 -3.779162667781008622e-01 8.359272282734764303e-02 6.551141398188065068e-02 4.801200093800161994e-02 3.123868037001500397e-01 1.842345360346939742e-01 2.143779706060797707e-01 2.831502361277102864e-01 5.112083026740208425e-01 -1.016756445713156154e-01 5.637579726940202818e-01 -1.290715920701472896e-01 7.858085962629957066e-02 7.578954583635493236e-01 -3.994878169471007823e-01 -1.272705705147814115e-01 -1.351038636860266706e-01 -8.068797441296737816e-03 1.760442253079190777e-01 -1.008502567251525761e-01 5.711674742143202366e-01 5.395071160239695018e-01
8.352919519957708872e-01 7.345793808922280732e-01 4.580790801370540066e-01 2.397571449402562394e-01 -9.463508184569491277e-02 -1.042183724367760078e-01 -1.752967749222875682e-01 -1.144808457816566261e-01 2.421967519562144844e-01 -8.545654347346953728e-02 -1.373673421689431962e-01 -4.882511990473403785e-02 -1.974651742341961835e-01 -1.610196156881897878e-01 -2.416789704839743536e-01 -2.086763990280360304e-01 -3.497187931779421888e-01 8.386055308432105448e-02 -3.138127213571237917e-01 1.448193381496594156e-01 3.024043874120252440e-04 -3.994878169471007823e-01 4.459947965330002262e-01 1.095841730007691694e-01 2.340159906671033241e-01 4.038435980976373685e-02 -1.115082956028459193e-01 7.113146604285702779e-02 -5.085561468059154322e-01 -3.877932325518145262e-01
1.492474993747237022e-01 3.162795972286858159e-02 1.460626860250044956e-01 6.256354727827329043e-02 -9.301750651729889796e-02 4.649681925275217509e-02 -5.112617925533413654e-03 1.406611765772822764e-01 1.188338831453847888e-01 1.273433564398374074e-02 1.171891013163417483e-01 -1.457940148874286024e-01 -8.925855874986154959e-02 -3.109032184727311687e-02 -1.107114307776555506e-01 -5.324540610871508761e-02 -1.918186326396380537e-01 5.147611465633872285e-02 -8.169757348409234510e-02 -3.599526753708914839e-02 3.263665092634937537e-02 -1.272705705147814115e-01 1.095841730007691694e-01 1.136637175165446934e-01 7.176646469065417477e-02 4.204982860017025814e-02 -5.490766546154191019e-02 6.027392004415332849e-02 -8.919073166856605894e-02 -1.977581248730189145e-01
1.894562484359312293e-01 3.756493762497257194e-01 3.584429733606384616e-01 8.865004099612860955e-02 2.178325299206562704e-02 -7.749472296433168594e-02 -1.175000980801996775e-01 -1.367797418651548469e-01 5.766752660753127202e-02 -6.510437017919912250e-02 -1.920944929046868310e-01 -4.135559770656982437e-02 -5.851573676073940078e-02 -1.020302054537864933e-01 -2.148272752139632757e-01 -1.543079318226432406e-01 -1.355879705672577984e-01 1.928420804532038346e-02 -1.395969648394554952e-01 1.762643241064552058e-01 6.979174444103364294e-02 -1.351038636860266706e-01 2.340159906671033241e-01 7.176646469065417477e-02 2.575443868034028583e-01 3.651326352428441169e-02 -9.832405542755395800e-02 1.344788224383250963e-01 -2.777332628022577410e-01 -1.449516872866070116e-01
6.819582541004365339e-02 -3.509544371644324201e-02 1.111982233996400282e-01 4.058810763189057980e-02 -7.377696400914146579e-02 -1.283170431730695782e-02 1.462385521165288083e-03 5.700880401474250903e-02 6.910125751466011934e-02 -2.491382270676467670e-02 9.301470853495175106e-02 -6.329091992154189938e-02 -9.417076269335211691e-02 2.253288439266043497e-02 -3.818982874730636468e-02 -2.561075899012621448e-02 -8.500498363827091453e-02 1.403471184397631077e-02 -3.903912638821793735e-02 -1.097800476147199333e-01 1.999628236637818191e-02 -8.068797441296737816e-03 4.038435980976373685e-02 4.204982860017025814e-02 3.651326352428441169e-02 8.679399300513068738e-02 -4.325746617018921825e-02 4.504317265462987052e-02 3.921489372771702620e-03 -9.880881866359914056e-02
-5.462122931759267885e-01 -3.124319758217097842e-01 -2.271231877393802279e-01 -1.553478702460324712e-01 1.172027936390804825e-01 1.442903048058497006e-02 4.311856265439928393e-02 2.058923992967720551e-02 -1.487502446087205499e-01 5.891622853687294992e-02 2.172854909667876200e-02 -4.736295752707064821e-03 1.815674225249495066e-01 5.593886906808620552e-03 6.134379255121302776e-02 1.633116217579981821e-01 1.613591670829350733e-01 -5.103428307472768211e-02 2.103023180754632904e-01 2.876076593889820288e-02 -2.049443279469187473e-02 1.760442253079190777e-01 -1.115082956028459193e-01 -5.490766546154191019e-02 -9.832405542755395800e-02 -4.325746617018921825e-02 2.453592464967186970e-01 -3.337560548959572770e-02 1.119637461302431802e-01 1.859131136519636129e-01
3.454602136065432205e-02 -5.138861313275810971e-02 1.543281544885530820e-01 7.048971152579497357e-02 -4.960612086000537602e-02 1.578048619181231516e-01 -8.006589737306057941e-04 1.861124119369037544e-01 1.206159835656421819e-01 -2.015872139645580319e-02 3.682165791991565129e-02 -1.669399038589176598e-01 -1.020771021545101576e-01 -6.332785130399543050e-02 -1.622212471056059258e-01 -1.509868543318475531e-01 -1.529830843558102060e-01 -3.812568926463200114e-02 -1.476721993097385166e-01 3.862554599947998213e-03 4.639548670394333385e-02 -1.008502567251525761e-01 7.113146604285702779e-02 6.027392004415332849e-02 1.344788224383250963e-01 4.504317265462987052e-02 -3.337560548959572770e-02 2.830299003264826752e-01 -2.566389651542522188e-02 -1.387564028324277388e-01
-1.325964692057993943e+00 -1.303808025619844102e+00 -5.325962951415590396e-01 -2.986576505215907673e-01 2.330987124287275947e-02 1.460032588255444352e-01 3.229177183330875778e-01 3.404900841817948276e-01 -2.551300123599844483e-01 1.574382294972451746e-01 4.818869411791979473e-01 -8.983131397735633072e-02 1.497856419825893681e-01 2.304712109117872387e-01 3.714060649331258901e-01 2.977626414253222720e-01 3.377322933656046189e-01 -2.991185379295302482e-02 4.289482468269056881e-01 -4.447751745985328853e-01 -1.692589467552352289e-03 5.711674742143202366e-01 -5.085561468059154322e-01 -8.919073166856605894e-02 -2.777332628022577410e-01 3.921489372771702620e-03 1.119637461302431802e-01 -2.566389651542522188e-02 8.393262478812744121e-01 3.689819903291322589e-01
-1.256466445069804649e+00 -4.923405836323695439e-01 -3.660517718424785016e-01 -3.437478729161966839e-01 3.249807001690783181e-01 -2.444602524275865107e-01 1.213310985166344835e-01 -3.684783868536101181e-01 -5.335836846827533009e-01 6.519131414319190299e-02 -2.073998667581804511e-01 2.858767152548580270e-01 4.098560438740719292e-01 1.544506514541126307e-01 2.694171223475336774e-01 2.904770731012149554e-01 6.067231001139248292e-01 -1.576898843250091886e-01 4.575596526279355203e-01 9.968612755028516403e-02 -8.841600731329890550e-03 5.395071160239695018e-01 -3.877932325518145262e-01 -1.977581248730189145e-01 -1.449516872866070116e-01 -9.880881866359914056e-02 1.859131136519636129e-01 -1.387564028324277388e-01 3.689819903291322589e-01 7.671776401984402582e-01
