5.672228014861730117e+00 3.590398006418070054e+00 1.057777054761743329e+00 1.265150006050362208e+00 -1.105391164035268048e+00 -1.888957865399447655e-01 -6.494644938933333833e-01 -8.372813643225072155e-01 1.115322500726506405e+00 -6.938509706014315270e-01 -1.149009433938601887e+00 3.776356236785431975e-01 -1.058063723778673193e+00 -2.315322409274926940e-01 -8.967297222517913724e-01 -1.341735271859306522e+00 -6.813933043184192684e-01 9.616173512313253013e-03 -1.689342391104332819e+00 7.404577214019241183e-01 6.412600892474529246e-02 -1.677109266422462497e+00 1.011245601001292016e+00 1.679130502255929969e-01 2.093248275439236750e-01 1.826665823972462022e-01 -5.819045707734176176e-01 -3.713700976953759891e-02 -1.520162584401589356e+00 -1.124862310785033515e+00
3.590398006418070054e+00 4.856740702816239263e+00 1.732401641093701983e+00 6.905432563418116843e-01 -3.423276368802135039e-01 -8.280773966212677806e-01 -5.884553622408930096e-01 -1.897344864668866649e+00 3.291974092632017346e-01 -5.147490298342063397e-01 -1.917408662927073237e+00 7.522376179789489470e-01 -4.057043363191610297e-01 -3.143954800365804658e-01 -9.024924897176447303e-01 -1.068914638727505917e+00 -1.409080306327155085e-01 -1.940239084855193141e-01 -1.071966809317103753e+00 9.770303827652355722e-01 5.538434316110851796e-02 -9.639659909736906229e-01 5.821645958877752491e-01 -9.830574761542720807e-02 3.957990077583417587e-01 -2.055974209800410790e-01 -4.530276302411948564e-01 -6.298277257008066954e-02 -1.597951688532248227e+00 -3.932933760215746588e-01
1.057777054761743329e+00 1.732401641093701983e+00 2.020515810425536074e+00 2.177413375453625122e-01 1.196739265731707746e-01 -5.600570952864245555e-01 -1.676977783477013872e-01 -7.040086188925442912e-01 -9.090081161139096366e-02 -2.081048125018583050e-01 -5.622882427485933476e-01 7.148593949841597350e-02 -2.461794081434049986e-01 3.585867014123778063e-02 -3.447186665127333072e-01 -5.141146048709970273e-01 1.768445846693680323e-01 -1.578863537891379565e-01 -4.276967258831518848e-01 3.728065911662952203e-01 -1.830893744335071460e-02 -2.652624842640989300e-01 7.794872597924040747e-02 -1.743158189000837410e-01 3.588506586960420464e-01 -3.108726918435422704e-01 -2.589283315720649625e-01 1.946879421241760610e-01 -9.383638656699986313e-01 -4.868851244272605072e-01
1.265150006050362208e+00 6.905432563418116843e-01 2.177413375453625122e-01 4.555907980715119265e-01 -2.942690020980194276e-01 6.071534018855118120e-02 -1.467270687761583758e-01 -4.898814716125343693e-02 3.958952957283941032e-01 -1.644369244529002572e-01 -1.591501792115082026e-01 -5.212864330133015756e-03 -3.082830728820340482e-01 -6.270381450906370446e-02 -2.168981918029544431e-01 -3.392785523308248230e-01 -2.260377589904010165e-01 1.427181722914383499e-02 -4.421962660442773085e-01 1.335754226013250445e-01 1.341751921984268847e-02 -4.406728847936847160e-01 2.617642396142514372e-01 6.431820713436309234e-02 6.881455095464161786e-02 5.889835121570285992e-02 -1.640373882268022498e-01 5.204069960768720193e-02 -3.536335297399659794e-01 -3.802111937545760156e-01
-1.105391164035268048e+00 -3.423276368802135039e-01 1.196739265731707746e-01 -2.942690020980194276e-01 7.770904432470615575e-01 -1.172483425192467621e-01 3.876156397285512867e-02 -1.306556705230264015e-01 -4.707118677498556281e-01 1.887870106331206443e-01 -2.519891935945679506e-01 1.547821026419455848e-01 3.578508509373250490e-01 -4.129256441717643611e-02 1.626093255536034121e-01 1.895986952227417532e-01 2.673970304256272357e-01 -7.089818432206129728e-02 2.380569304901882788e-01 1.218087528977775946e-01 -4.930397399414232495e-02 2.590672335629164991e-01 -2.184512153141326962e-01 -1.387057040038257583e-01 6.080737881734421535e-02 -1.678101050159739316e-01 1.207417719248837784e-01 6.673018070642910970e-02 -1.377001889636630949e-02 2.890607092191430638e-01
-1.888957865399447655e-01 -8.280773966212677806e-01 -5.600570952864245555e-01 6.071534018855118120e-02 -1.172483425192467621e-01 6.180973718816176188e-01 3.586400836127268121e-02 6.439352562468911856e-01 1.860651394430874461e-01 4.542570561920911132e-02 3.123830598569270478e-01 -3.549760881591055295e-01 -3.934472892643725572e-02 -1.632563546422716172e-02 2.413605233175530884e-02 -2.976794296699836195e-02 -1.025544692375888189e-01 3.649995035692654710e-02 -2.171580744422385578e-02 -9.073751505809468654e-02 6.022483690469471185e-02 7.796692752378930891e-03 -3.374163426940413046e-02 8.266113193064938969e-02 -2.943415729197340625e-02 6.115286120297014349e-02 6.362112706739253554e-02 1.593562723078889576e-01 1.712142801590630370e-01 -1.562737655119121882e-01
-6.494644938933333833e-01 -5.884553622408930096e-01 -1.676977783477013872e-01 -1.467270687761583758e-01 3.876156397285512867e-02 3.586400836127268121e-02 2.746151814092172572e-01 2.016156130775357269e-01 -2.329027979457123365e-01 1.142564119832059077e-01 3.281938679974132356e-01 -5.558447179282666184e-02 7.102309974004583637e-02 7.151564236608010106e-02 2.810308595252877240e-01 2.086362152422225336e-01 5.571347265242820868e-02 4.877897898649052877e-02 1.601109476162605461e-01 -2.458471657432710344e-01 -6.313251590120216861e-02 1.383845358895428035e-01 -1.660700772488326038e-01 -7.080179574586509261e-03 -1.247474348513719633e-01 -4.349352871145129029e-03 3.982545877062193540e-02 -4.608649770972306214e-02 3.089216729632084935e-01 1.208998903846918438e-01
-8.372813643225072155e-01 -1.897344864668866649e+00 -7.040086188925442912e-01 -4.898814716125343693e-02 -1.306556705230264015e-01 6.439352562468911856e-01 2.016156130775357269e-01 1.211235002538785466e+00 1.663605393847547020e-01 1.967643501639031456e-01 9.528283242092925320e-01 -6.206616322494369342e-01 5.194930733296132530e-03 1.437427999263718448e-02 2.800450908517291282e-01 2.767171434692841103e-01 -2.173480453217848662e-01 1.641098658719215564e-01 1.263904397821136172e-01 -3.088400582848294107e-01 -4.045329014559229108e-03 -2.506618092297685507e-03 -6.748419409876760255e-02 1.676865903272641845e-01 -9.207155124198607155e-02 8.773879711253584901e-02 1.459008749901613555e-01 1.741640505929353822e-01 3.554957977103754274e-01 -2.393229151363129859e-01
1.115322500726506405e+00 3.291974092632017346e-01 -9.090081161139096366e-02 3.958952957283941032e-01 -4.707118677498556281e-01 1.860651394430874461e-01 -2.329027979457123365e-01 1.663605393847547020e-01 6.854775720776160597e-01 -1.616044828365943431e-01 1.213387318782110924e-01 -1.655845054806377448e-01 -3.366079716354306584e-01 -7.431552657743623058e-02 -3.235773268256707524e-01 -2.592384692570703919e-01 -3.760530647103337287e-01 7.131546505240748957e-02 -3.436184825021655342e-01 7.750979524928425235e-02 7.611361461033538944e-02 -3.942709463327105368e-01 3.748021426990248983e-01 1.646974624240442608e-01 1.325472887868954786e-01 1.551232323263320723e-01 -1.475111907557788982e-01 8.447719709107559538e-02 -3.032514598122020288e-01 -4.560953808874614879e-01
-6.938509706014315270e-01 -5.147490298342063397e-01 -2.081048125018583050e-01 -1.644369244529002572e-01 1.887870106331206443e-01 4.542570561920911132e-02 1.142564119832059077e-01 1.967643501639031456e-01 -1.616044828365943431e-01 1.715292624778044228e-01 1.997007987903316462e-01 -8.005479757025568688e-02 1.663719259626645908e-01 -1.844049932674352021e-02 2.046261600322623053e-01 1.966762599803928424e-01 2.615023427506457665e-02 4.352358126567423824e-02 1.512103156920261426e-01 -9.213003504862626869e-02 -3.138892895606204547e-02 1.045885037842708698e-01 -1.013863336096960666e-01 1.482214343269561141e-02 -4.233311770099135174e-02 -3.368437004235147469e-02 7.708452735084847518e-02 -4.011353699013398000e-03 1.489874359648410973e-01 9.567089370386838709e-02
-1.149009433938601887e+00 -1.917408662927073237e+00 -5.622882427485933476e-01 -1.591501792115082026e-01 -2.519891935945679506e-01 3.123830598569270478e-01 3.281938679974132356e-01 9.528283242092925320e-01 1.213387318782110924e-01 1.997007987903316462e-01 1.268422478917784701e+00 -5.290532750021270658e-01 -3.015940692256435796e-02 1.152608343475094443e-01 3.751349405441715135e-01 4.760856325473810102e-01 -2.283290834959075255e-01 2.233782872494884941e-01 3.085829619023172654e-01 -5.245339443307557303e-01 -4.404582773173615351e-02 1.263656206678547278e-01 -4.946206972152822345e-02 1.837051012828965213e-01 -1.175200771684217216e-01 1.254674193348819244e-01 1.002120116324363153e-01 1.690955635137925128e-02 5.097422475971598033e-01 -1.807652260779946118e-01
3.776356236785431975e-01 7.522376179789489470e-01 7.148593949841597350e-02 -5.212864330133015756e-03 1.547821026419455848e-01 -3.549760881591055295e-01 -5.558447179282666184e-02 -6.206616322494369342e-01 -1.655845054806377448e-01 -8.005479757025568688e-02 -5.290532750021270658e-01 5.370478845344450747e-01 2.051997497386537361e-02 1.113643397388841549e-02 -4.937938931294638678e-02 -6.438094320037635043e-02 1.118298242888613458e-01 -8.175896930634962700e-02 -4.018160035167284150e-02 9.136139992028802226e-02 -4.502165406881886156e-02 3.991586648766087819e-03 1.869455397581987199e-02 -9.219660704792431716e-02 -2.084972226305126242e-02 2.410328574217146524e-02 -8.519216320092937167e-02 -1.358819649048541578e-01 -1.443008399013478993e-02 2.655759121898881858e-01
-1.058063723778673193e+00 -4.057043363191610297e-01 -2.461794081434049986e-01 -3.082830728820340482e-01 3.578508509373250490e-01 -3.934472892643725572e-02 7.102309974004583637e-02 5.194930733296132530e-03 -3.366079716354306584e-01 1.663719259626645908e-01 -3.015940692256435796e-02 2.051997497386537361e-02 3.599117107978599961e-01 -4.184491308552651390e-02 1.584915764028664853e-01 2.449048644656386386e-01 2.043977300544383979e-01 -2.536624601543735480e-02 3.255495607851344175e-01 -2.776451560066561797e-03 1.128981882061452779e-04 3.129909910538515305e-01 -2.315745853385351438e-01 -6.293560124396435640e-02 -7.230582013801267749e-02 -9.212442840265566701e-02 1.822515035846095088e-01 -4.209942315691250769e-02 2.367434456369323925e-01 3.490579512364888615e-01
-2.315322409274926940e-01 -3.143954800365804658e-01 3.585867014123778063e-02 -6.270381450906370446e-02 -4.129256441717643611e-02 -1.632563546422716172e-02 7.151564236608010106e-02 1.437427999263718448e-02 -7.431552657743623058e-02 -1.844049932674352021e-02 1.152608343475094443e-01 1.113643397388841549e-02 -4.184491308552651390e-02 1.802050268094603780e-01 4.411104128922715972e-02 5.196503975156474553e-02 1.034542205782145174e-01 -2.915878818180317467e-02 1.204454710400568729e-01 -1.779661868930588753e-01 -3.039777630419848720e-03 1.787516585711159678e-01 -1.100151057605671667e-01 -1.191032389863266872e-02 -4.459241596896390547e-02 3.430492016070729733e-02 -1.791380746641380028e-02 -2.356356727369757209e-02 1.960684548762401391e-01 6.155822007275446595e-02
-8.967297222517913724e-01 -9.024924897176447303e-01 -3.447186665127333072e-01 -2.168981918029544431e-01 1.626093255536034121e-01 2.413605233175530884e-02 2.810308595252877240e-01 2.800450908517291282e-01 -3.235773268256707524e-01 2.046261600322623053e-01 3.751349405441715135e-01 -4.937938931294638678e-02 1.584915764028664853e-01 4.411104128922715972e-02 5.254361757237688835e-01 3.479673693360325615e-01 6.042795804995648723e-02 8.872106774794019657e-02 2.217297381356218011e-01 -2.839177479004320048e-01 -1.158528043272895047e-01 1.607149289599476560e-01 -1.744513481263538779e-01 -1.254730660212999283e-02 -1.709770006574444778e-01 2.500839629578877066e-02 4.765008558075578549e-02 -8.995533384563714208e-02 4.135241138009746464e-01 1.601315285532223243e-01
-1.341735271859306522e+00 -1.068914638727505917e+00 -5.141146048709970273e-01 -3.392785523308248230e-01 1.895986952227417532e-01 -2.976794296699836195e-02 2.086362152422225336e-01 2.767171434692841103e-01 -2.592384692570703919e-01 1.966762599803928424e-01 4.760856325473810102e-01 -6.438094320037635043e-02 2.449048644656386386e-01 5.196503975156474553e-02 3.479673693360325615e-01 5.330435344047828039e-01 2.161053272544677384e-02 1.186273116665859106e-01 4.406329293651936041e-01 -2.539387767714629263e-01 -6.682213347744436760e-02 2.747485385170307381e-01 -1.465504712732865755e-01 3.562334959764257292e-02 -1.195683020789033435e-01 3.477675253770939889e-02 1.710500733162803044e-01 -9.806114986304237391e-02 4.186507194494311079e-01 2.610568391312995118e-01
-6.813933043184192684e-01 -1.409080306327155085e-01 1.768445846693680323e-01 -2.260377589904010165e-01 2.673970304256272357e-01 -1.025544692375888189e-01 5.571347265242820868e-02 -2.173480453217848662e-01 -3.760530647103337287e-01 2.615023427506457665e-02 -2.283290834959075255e-01 1.118298242888613458e-01 2.043977300544383979e-01 1.034542205782145174e-01 6.042795804995648723e-02 2.161053272544677384e-02 4.190301505604452359e-01 -1.363455816608052373e-01 2.670792418583403105e-01 -5.305533076608526244e-02 2.745988071222882354e-02 4.401754411892397911e-01 -3.206638112832820298e-01 -1.705876054585928614e-01 -7.580363350211882789e-02 -1.071494982076615088e-01 7.184108641132525008e-02 -3.189231719449026059e-02 2.775717091288925076e-01 3.371374402522633318e-01
9.616173512313253013e-03 -1.940239084855193141e-01 -1.578863537891379565e-01 1.427181722914383499e-02 -7.089818432206129728e-02 3.649995035692654710e-02 4.877897898649052877e-02 1.641098658719215564e-01 7.131546505240748957e-02 4.352358126567423824e-02 2.233782872494884941e-01 -8.175896930634962700e-02 -2.536624601543735480e-02 -2.915878818180317467e-02 8.872106774794019657e-02 1.186273116665859106e-01 -1.363455816608052373e-01 1.609807423419340466e-01 -1.454629639772520022e-02 -5.657506128841305326e-02 -2.228676669346896233e-02 -1.454487968916282625e-01 1.020763820045544890e-01 6.454083507526320318e-02 -7.521274605437611172e-03 2.339363099270030943e-02 -3.065867770004615522e-02 -4.193546040369255934e-02 -2.595713476995342717e-02 -1.294672293985286160e-01
-1.689342391104332819e+00 -1.071966809317103753e+00 -4.276967258831518848e-01 -4.421962660442773085e-01 2.380569304901882788e-01 -2.171580744422385578e-02 1.601109476162605461e-01 1.263904397821136172e-01 -3.436184825021655342e-01 1.512103156920261426e-01 3.085829619023172654e-01 -4.018160035167284150e-02 3.255495607851344175e-01 1.204454710400568729e-01 2.217297381356218011e-01 4.406329293651936041e-01 2.670792418583403105e-01 -1.454629639772520022e-02 6.415041884089305313e-01 -2.397657292145822794e-01 1.152918169302097340e-02 6.293097415561419439e-01 -3.196540807879841850e-01 -6.236151996012040399e-02 -1.257436818299026982e-01 -1.820054156539185897e-02 2.132192014892950738e-01 -9.103573581052160080e-02 5.890321887825962222e-01 4.636426020298927142e-01
7.404577214019241183e-01 9.770303827652355722e-01 3.728065911662952203e-01 1.335754226013250445e-01 1.218087528977775946e-01 -9.073751505809468654e-02 -2.458471657432710344e-01 -3.088400582848294107e-01 7.750979524928425235e-02 -9.213003504862626869e-02 -5.245339443307557303e-01 9.136139992028802226e-02 -2.776451560066561797e-03 -1.779661868930588753e-01 -2.839177479004320048e-01 -2.539387767714629263e-01 -5.305533076608526244e-02 -5.657506128841305326e-02 -2.397657292145822794e-01 4.837447957994527314e-01 5.917474041291370668e-02 -2.328567090619912960e-01 1.087190489407134919e-01 -3.528404121522044079e-02 1.379575733848241725e-01 -1.324032787995861327e-01 -2.641843904723373271e-02 5.532401255186414346e-02 -4.945038461076478598e-01 -1.079196780886491069e-01
6.412600892474529246e-02 5.538434316110851796e-02 -1.830893744335071460e-02 1.341751921984268847e-02 -4.930397399414232495e-02 6.022483690469471185e-02 -6.313251590120216861e-02 -4.045329014559229108e-03 7.611361461033538944e-02 -3.138892895606204547e-02 -4.404582773173615351e-02 -4.502165406881886156e-02 1.128981882061452779e-04 -3.039777630419848720e-03 -1.158528043272895047e-01 -6.682213347744436760e-02 2.745988071222882354e-02 -2.228676669346896233e-02 1.152918169302097340e-02 5.917474041291370668e-02 7.698983341543907954e-02 5.978812361698260247e-02 -1.744959336735973920e-02 -8.281221232095958840e-04 1.362651210047260975e-02 -9.846653781892200641e-03 -5.879318939719269110e-03 -1.256004288507028832e-03 -1.428708055937022436e-02 -5.150173218282816379e-03
-1.677109266422462497e+00 -9.639659909736906229e-01 -2.652624842640989300e-01 -4.406728847936847160e-01 2.590672335629164991e-01 7.796692752378930891e-03 1.383845358895428035e-01 -2.506618092297685507e-03 -3.942709463327105368e-01 1.045885037842708698e-01 1.263656206678547278e-01 3.991586648766087819e-03 3.129909910538515305e-01 1.787516585711159678e-01 1.607149289599476560e-01 2.747485385170307381e-01 4.401754411892397911e-01 -1.454487968916282625e-01 6.293097415561419439e-01 -2.328567090619912960e-01 5.978812361698260247e-02 8.537151990225027021e-01 -4.490290644966137279e-01 -1.632270453989690395e-01 -1.298173128979271951e-01 -3.632323496685785358e-02 1.728645576840222020e-01 -6.613876806903817851e-02 6.803208473035624593e-01 5.630524781611825347e-01
1.011245601001292016e+00 5.821645958877752491e-01 7.794872597924040747e-02 2.617642396142514372e-01 -2.184512153141326962e-01 -3.374163426940413046e-02 -1.660700772488326038e-01 -6.748419409876760255e-02 3.748021426990248983e-01 -1.013863336096960666e-01 -4.946206972152822345e-02 1.869455397581987199e-02 -2.315745853385351438e-01 -1.100151057605671667e-01 -1.744513481263538779e-01 -1.465504712732865755e-01 -3.206638112832820298e-01 1.020763820045544890e-01 -3.196540807879841850e-01 1.087190489407134919e-01 -1.744959336735973920e-02 -4.490290644966137279e-01 4.310545922367623461e-01 1.058024045375418609e-01 1.381173832131139534e-01 8.836211668733540137e-02 -1.023820597137046207e-01 3.137152429076195403e-03 -4.442244404216921794e-01 -3.512990432717515432e-01
1.679130502255929969e-01 -9.830574761542720807e-02 -1.743158189000837410e-01 6.431820713436309234e-02 -1.387057040038257583e-01 8.266113193064938969e-02 -7.080179574586509261e-03 1.676865903272641845e-01 1.646974624240442608e-01 1.482214343269561141e-02 1.837051012828965213e-01 -9.219660704792431716e-02 -6.293560124396435640e-02 -1.191032389863266872e-02 -1.254730660212999283e-02 3.562334959764257292e-02 -1.705876054585928614e-01 6.454083507526320318e-02 -6.236151996012040399e-02 -3.528404121522044079e-02 -8.281221232095958840e-04 -1.632270453989690395e-01 1.058024045375418609e-01 1.251320287511248353e-01 9.926466088984398084e-03 5.916719421912830512e-02 -1.284529084892938045e-02 2.999344753050081636e-03 -6.156961634945901096e-02 -1.442972208990909166e-01
2.093248275439236750e-01 3.957990077583417587e-01 3.588506586960420464e-01 6.881455095464161786e-02 6.080737881734421535e-02 -2.943415729197340625e-02 -1.247474348513719633e-01 -9.207155124198607155e-02 1.325472887868954786e-01 -4.233311770099135174e-02 -1.175200771684217216e-01 -2.084972226305126242e-02 -7.230582013801267749e-02 -4.459241596896390547e-02 -1.709770006574444778e-01 -1.195683020789033435e-01 -7.580363350211882789e-02 -7.521274605437611172e-03 -1.257436818299026982e-01 1.379575733848241725e-01 1.362651210047260975e-02 -1.298173128979271951e-01 1.381173832131139534e-01 9.926466088984398084e-03 2.156325970165653416e-01 -4.935070478694569829e-02 -9.642811747983159876e-02 1.207446239110936403e-01 -3.533426291612045134e-01 -1.897405523393445037e-01
1.826665823972462022e-01 -2.055974209800410790e-01 -3.108726918435422704e-01 5.889835121570285992e-02 -1.678101050159739316e-01 6.115286120297014349e-02 -4.349352871145129029e-03 8.773879711253584901e-02 1.551232323263320723e-01 -3.368437004235147469e-02 1.254674193348819244e-01 2.410328574217146524e-02 -9.212442840265566701e-02 3.430492016070729733e-02 2.500839629578877066e-02 3.477675253770939889e-02 -1.071494982076615088e-01 2.339363099270030943e-02 -1.820054156539185897e-02 -1.324032787995861327e-01 -9.846653781892200641e-03 -3.632323496685785358e-02 8.836211668733540137e-02 5.916719421912830512e-02 -4.935070478694569829e-02 1.704632394068994472e-01 -1.953029656630178579e-02 -4.230967774651617219e-02 1.066250166038003044e-01 -7.701131554597395734e-03
-5.819045707734176176e-01 -4.530276302411948564e-01 -2.589283315720649625e-01 -1.640373882268022498e-01 1.207417719248837784e-01 6.362112706739253554e-02 3.982545877062193540e-02 1.459008749901613555e-01 -1.475111907557788982e-01 7.708452735084847518e-02 1.002120116324363153e-01 -8.519216320092937167e-02 1.822515035846095088e-01 -1.791380746641380028e-02 4.765008558075578549e-02 1.710500733162803044e-01 7.184108641132525008e-02 -3.065867770004615522e-02 2.132192014892950738e-01 -2.641843904723373271e-02 -5.879318939719269110e-03 1.728645576840222020e-01 -1.023820597137046207e-01 -1.284529084892938045e-02 -9.642811747983159876e-02 -1.953029656630178579e-02 2.716871844723982576e-01 -1.392456109948625453e-02 1.805759458226816605e-01 1.580571258576242144e-01
-3.713700976953759891e-02 -6.298277257008066954e-02 1.946879421241760610e-01 5.204069960768720193e-02 6.673018070642910970e-02 1.593562723078889576e-01 -4.608649770972306214e-02 1.741640505929353822e-01 8.447719709107559538e-02 -4.011353699013398000e-03 1.690955635137925128e-02 -1.358819649048541578e-01 -4.209942315691250769e-02 -2.356356727369757209e-02 -8.995533384563714208e-02 -9.806114986304237391e-02 -3.189231719449026059e-02 -4.193546040369255934e-02 -9.103573581052160080e-02 5.532401255186414346e-02 -1.256004288507028832e-03 -6.613876806903817851e-02 3.137152429076195403e-03 2.999344753050081636e-03 1.207446239110936403e-01 -4.230967774651617219e-02 -1.392456109948625453e-02 2.117846117720887378e-01 -1.555172190000462251e-01 -1.585680350204938804e-01
-1.520162584401589356e+00 -1.597951688532248227e+00 -9.383638656699986313e-01 -3.536335297399659794e-01 -1.377001889636630949e-02 1.712142801590630370e-01 3.089216729632084935e-01 3.554957977103754274e-01 -3.032514598122020288e-01 1.489874359648410973e-01 5.097422475971598033e-01 -1.443008399013478993e-02 2.367434456369323925e-01 1.960684548762401391e-01 4.135241138009746464e-01 4.186507194494311079e-01 2.775717091288925076e-01 -2.595713476995342717e-02 5.890321887825962222e-01 -4.945038461076478598e-01 -1.428708055937022436e-02 6.803208473035624593e-01 -4.442244404216921794e-01 -6.156961634945901096e-02 -3.533426291612045134e-01 1.066250166038003044e-01 1.805759458226816605e-01 -1.555172190000462251e-01 1.104945733393208229e+00 5.925445201040133725e-01
-1.124862310785033515e+00 -3.932933760215746588e-01 -4.868851244272605072e-01 -3.802111937545760156e-01 2.890607092191430638e-01 -1.562737655119121882e-01 1.208998903846918438e-01 -2.393229151363129859e-01 -4.560953808874614879e-01 9.567089370386838709e-02 -1.807652260779946118e-01 2.655759121898881858e-01 3.490579512364888615e-01 6.155822007275446595e-02 1.601315285532223243e-01 2.610568391312995118e-01 3.371374402522633318e-01 -1.294672293985286160e-01 4.636426020298927142e-01 -1.079196780886491069e-01 -5.150173218282816379e-03 5.630524781611825347e-01 -3.512990432717515432e-01 -1.442972208990909166e-01 -1.897405523393445037e-01 -7.701131554597395734e-03 1.580571258576242144e-01 -1.585680350204938804e-01 5.925445201040133725e-01 7.944052275660169471e-01
