6.009561790223301614e+00 3.726675648134005314e+00 1.351403386492961545e+00 1.298055776996761779e+00 -6.755707559303800736e-01 -6.919224477113630201e-01 -8.136623310708728241e-01 -8.672972131832921150e-01 1.723331383287245444e-01 -8.462371508373962570e-01 -1.722533893565923790e+00 -1.408164234514970303e-01 -1.197458413585252401e+00 -3.775414196046540383e-01 -1.112985354766522050e+00 -1.674984394271120891e+00 -1.163244645393092469e+00 3.044972901623168582e-01 -1.885063405000835246e+00 5.244922613497919883e-01 8.546914348408449769e-01 -1.626513822385504682e+00 1.175993830647030336e+00 8.820673941809218377e-01 4.645167063043231792e-01 5.557632855918654968e-01 -3.908614010952078388e-01 2.717867633992341325e-01 -1.176740057085055469e+00 -1.228406857970639976e+00
3.726675648134005314e+00 4.804205419564311796e+00 1.776171155214854025e+00 7.887458717136155428e-01 -9.157194401501556058e-02 -1.151882735067374597e+00 -6.023644249514177318e-01 -2.077416237879674554e+00 -4.959522554053137355e-01 -6.148185942637951484e-01 -2.640660170897547232e+00 4.731415239305647447e-01 -3.628036873300857224e-01 -7.906372906530236833e-01 -1.280311129619349231e+00 -1.087451983077357909e+00 -1.085910814101566757e+00 9.989350153961140677e-02 -1.122285506034188529e+00 6.948078554320886724e-01 6.075342387765658714e-01 -1.044497132618630530e+00 1.110547878306022085e+00 6.868228457675513710e-01 4.370376698563518403e-01 7.065177394898682905e-01 -4.681508480971956487e-01 -1.182386809326203547e-01 -6.298842939407336416e-01 -2.472661471781520959e-01
1.351403386492961545e+00 1.776171155214854025e+00 1.953103852670778906e+00 3.043251786377823009e-01 1.535354503579355878e-01 -8.104966033508844703e-01 -1.526299787169591582e-01 -8.955900075317799747e-01 -4.805134240484107977e-01 -2.820107008606669297e-01 -9.554830846209938500e-01 1.805594072732219502e-02 -2.538034027361391054e-01 -1.292184410161212327e-01 -4.644243521567545940e-01 -5.838518873496241213e-01 -1.818666715236076925e-01 -4.693721267415185139e-03 -5.348138308916929873e-01 3.242716202386759505e-01 2.559012509207150288e-01 -3.550630520421123038e-01 3.414501980103068490e-01 1.935189808669406375e-01 3.716121670334473492e-01 1.055372447336822006e-01 -2.567856053560717555e-01 1.348300960346477950e-01 -5.388083640992817891e-01 -4.036659472407109206e-01
1.298055776996761779e+00 7.887458717136155428e-01 3.043251786377823009e-01 4.220094240557727971e-01 -1.475137322846080679e-01 -1.076541701316386934e-01 -1.849170157520347857e-01 -1.367144029835571928e-01 1.251279588091165351e-01 -1.928880551931797527e-01 -3.423244093600033011e-01 -6.397946578181290533e-02 -3.184818039528067857e-01 -8.944225916872028392e-02 -2.502932714593271157e-01 -4.090899894984545426e-01 -2.907523655973136556e-01 7.622452102106080929e-02 -4.677264506135543343e-01 9.700017321506493317e-02 1.812072806981177564e-01 -3.967284018506802568e-01 2.788725367523170462e-01 1.983190518926676305e-01 1.327465648337238235e-01 1.237805216102856321e-01 -1.177918871987913008e-01 1.170188899139361638e-01 -2.816520832061542023e-01 -3.454845153547694281e-01
-6.755707559303800736e-01 -9.157194401501556058e-02 1.535354503579355878e-01 -1.475137322846080679e-01 5.856067963067062010e-01 -5.759257582599275338e-02 2.665674770855730458e-02 -2.409843572763179509e-01 -2.766139795827484704e-01 1.363373235402036698e-01 -3.324690297364440994e-01 2.061744509347818166e-01 3.011106974004746917e-01 -1.121740067853806977e-01 4.708820085318166093e-02 1.677228231637855060e-01 1.036964604584795779e-01 -9.301501756397101417e-02 1.298234837073835024e-01 1.666597527763542530e-01 -9.377823714692112844e-02 7.251710356985086037e-02 -4.436417972783601726e-02 -1.015291484785620924e-01 2.722077407037204466e-02 -3.787225945478667199e-02 2.330361399253888521e-02 -3.830538078403833424e-02 3.472754239055575454e-03 1.924286746190091435e-01
-6.919224477113630201e-01 -1.151882735067374597e+00 -8.104966033508844703e-01 -1.076541701316386934e-01 -5.759257582599275338e-02 7.733997945866235568e-01 5.400631242031295187e-02 8.322764306924455013e-01 2.772242649559757410e-01 1.759336323544289371e-01 5.655320760944846370e-01 -3.256991175622943047e-01 7.084244609637835310e-02 7.020321607012647291e-02 2.041158690493034555e-01 8.773486818517994834e-02 1.741528878698659355e-01 -2.519058011301922306e-02 1.166078056107267003e-01 -4.988772913065986359e-02 -8.728512920828279675e-02 1.495928097567116311e-01 -2.265421187119613933e-01 -1.314450884869415859e-01 -5.863041908526156476e-02 -1.829934944295246169e-01 1.627885255742285153e-01 2.034888586482566097e-01 2.673406122306687394e-02 -3.741372010159693673e-02
-8.136623310708728241e-01 -6.023644249514177318e-01 -1.526299787169591582e-01 -1.849170157520347857e-01 2.665674770855730458e-02 5.400631242031295187e-02 3.120033191860898114e-01 1.636510312908967535e-01 -1.232270532651114081e-01 1.454528940174668605e-01 4.232265408069793011e-01 2.679087532055746124e-02 1.121777589258954322e-01 1.499415265221273330e-01 3.349658919444209459e-01 2.683673405337572149e-01 2.030383178130250599e-01 -1.576734737341212167e-03 2.186705821860073229e-01 -2.029592393939196882e-01 -1.699795618570760780e-01 1.758078189382672463e-01 -2.517323355337452995e-01 -1.422399044041640082e-01 -1.516453609615382447e-01 -1.286203859397687665e-01 3.064531187413876978e-02 -8.225428694925085438e-02 2.191606469020825898e-01 1.432456516370166355e-01
-8.672972131832921150e-01 -2.077416237879674554e+00 -8.955900075317799747e-01 -1.367144029835571928e-01 -2.409843572763179509e-01 8.322764306924455013e-01 1.636510312908967535e-01 1.478606860702711856e+00 5.174318568509193028e-01 2.646995118657287094e-01 1.388423815493865732e+00 -6.009615937993544321e-01 -6.378593331970705549e-02 2.442241039273085335e-01 4.825082759470546989e-01 2.331002931423995506e-01 2.078152454873816168e-01 8.114510403441954622e-02 1.289128941048431898e-01 -2.125589816553201672e-01 -1.670374614369052324e-01 6.482652321869863954e-02 -3.164701988153524326e-01 -1.441597960874787532e-01 -8.090577151631350716e-02 -3.571181762635546875e-01 2.255719694992990298e-01 2.935133874625535100e-01 -1.145212505978179252e-01 -3.311853463907254991e-01
1.723331383287245444e-01 -4.959522554053137355e-01 -4.805134240484107977e-01 1.251279588091165351e-01 -2.766139795827484704e-01 2.772242649559757410e-01 -1.232270532651114081e-01 5.174318568509193028e-01 5.379798742115440291e-01 -1.107857573333603796e-02 5.283910366117652302e-01 -2.424459857812166774e-01 -1.987093931924732715e-01 2.455768953257120302e-02 -3.621481820061944745e-02 -2.272941484511648014e-02 -1.777203021946434092e-01 8.198645915899760439e-02 -6.557014923973270015e-02 -1.041044183502322085e-01 3.066896788016038045e-02 -1.003024159947472072e-01 9.636280611664460594e-02 9.321148809050328055e-02 7.556997259126774225e-02 9.464185371143685188e-03 1.937063101900093898e-02 1.485860726050987068e-01 -1.218170666661535506e-01 -2.812666014980322871e-01
-8.462371508373962570e-01 -6.148185942637951484e-01 -2.820107008606669297e-01 -1.928880551931797527e-01 1.363373235402036698e-01 1.759336323544289371e-01 1.454528940174668605e-01 2.646995118657287094e-01 -1.107857573333603796e-02 2.202542130114579777e-01 3.380512416732699421e-01 -5.277819746459044836e-02 2.063008068718090726e-01 1.806471755674010637e-02 2.408899402643669418e-01 2.654337826789401333e-01 1.152339182614809943e-01 -7.729393628494563018e-03 2.027548144500030958e-01 -6.412067077661731673e-02 -1.386582636093862675e-01 1.173848014751683877e-01 -1.600305852250016869e-01 -9.780870420502196794e-02 -8.458159261459741174e-02 -1.264059472438248122e-01 7.339059753655874374e-02 -3.387383170939983756e-02 9.298983117469106219e-02 9.984873847929520707e-02
-1.722533893565923790e+00 -2.640660170897547232e+00 -9.554830846209938500e-01 -3.423244093600033011e-01 -3.324690297364440994e-01 5.655320760944846370e-01 4.232265408069793011e-01 1.388423815493865732e+00 5.283910366117652302e-01 3.380512416732699421e-01 2.050672210527409334e+00 -4.747625414883600570e-01 -2.955732272556588214e-02 4.680197895615947346e-01 7.720480865427816752e-01 6.435253131558056339e-01 3.269715990693953245e-01 1.191500050229024055e-01 4.932292329911263096e-01 -5.598343018224909429e-01 -3.279318959473016548e-01 3.264100233169529020e-01 -4.740769132365016958e-01 -2.220032252981809506e-01 -2.038519032537919884e-01 -4.042985835504282477e-01 2.097008293761177811e-01 7.382398403194656566e-02 1.772508937382326621e-01 -2.146432031367453419e-01
-1.408164234514970303e-01 4.731415239305647447e-01 1.805594072732219502e-02 -6.397946578181290533e-02 2.061744509347818166e-01 -3.256991175622943047e-01 2.679087532055746124e-02 -6.009615937993544321e-01 -2.424459857812166774e-01 -5.277819746459044836e-02 -4.747625414883600570e-01 4.801580212953240334e-01 1.385145347276761640e-01 -4.906710098708799705e-02 -5.506355818903330146e-02 1.179128916254228443e-01 6.227877067999543215e-03 -7.523925017676447169e-02 1.393264809026675266e-01 -2.220672711115412312e-02 -5.417514665811040686e-02 1.054131658433163921e-01 1.208643614921811604e-02 -2.234667320169592131e-02 -6.676360970999439814e-02 1.559208601505019942e-01 -7.180310646845100564e-02 -2.036196835671262306e-01 2.934472995657415595e-01 3.485623533953798869e-01
-1.197458413585252401e+00 -3.628036873300857224e-01 -2.538034027361391054e-01 -3.184818039528067857e-01 3.011106974004746917e-01 7.084244609637835310e-02 1.121777589258954322e-01 -6.378593331970705549e-02 -1.987093931924732715e-01 2.063008068718090726e-01 -2.955732272556588214e-02 1.385145347276761640e-01 4.551454656856890324e-01 -1.009408240086031583e-01 1.208171361456606974e-01 3.478117994454521522e-01 2.097649740716747147e-01 -1.014289776495900242e-01 3.917422277556568133e-01 5.576103477272909004e-02 -1.455992555042371350e-01 2.905147734338413557e-01 -2.070939733558816442e-01 -1.649856327629208863e-01 -1.397662709055680352e-01 -7.514726951205830119e-02 1.221129608441628989e-01 -1.479863758490296277e-01 2.726917738994529827e-01 4.122398521960235485e-01
-3.775414196046540383e-01 -7.906372906530236833e-01 -1.292184410161212327e-01 -8.944225916872028392e-02 -1.121740067853806977e-01 7.020321607012647291e-02 1.499415265221273330e-01 2.442241039273085335e-01 2.455768953257120302e-02 1.806471755674010637e-02 4.680197895615947346e-01 -4.906710098708799705e-02 -1.009408240086031583e-01 3.941084734814239710e-01 2.590390737583447844e-01 1.115625900691270544e-01 2.874978645058376969e-01 -1.071614342799875885e-02 1.546641173335956410e-01 -2.727433079096499569e-01 -7.762173821851092725e-02 2.365088049926384883e-01 -2.545590977459255555e-01 -1.134341243710537128e-01 -9.070677000761406816e-02 -1.084916888067937180e-01 1.012278737664473738e-02 -1.211017830434002462e-02 1.447551924312620031e-01 1.613525553619865605e-02
-1.112985354766522050e+00 -1.280311129619349231e+00 -4.644243521567545940e-01 -2.502932714593271157e-01 4.708820085318166093e-02 2.041158690493034555e-01 3.349658919444209459e-01 4.825082759470546989e-01 -3.621481820061944745e-02 2.408899402643669418e-01 7.720480865427816752e-01 -5.506355818903330146e-02 1.208171361456606974e-01 2.590390737583447844e-01 6.562803605058320500e-01 4.076868887580928913e-01 3.323405532730703271e-01 3.019251803431188819e-02 2.997579564869852220e-01 -3.157456320523124305e-01 -2.585013092554504510e-01 2.450955669957295413e-01 -3.572143819394000275e-01 -2.237442606160016112e-01 -2.150420027438144643e-01 -2.107177534235233907e-01 6.347276197180917734e-02 -7.089270707200512334e-02 2.709637056117912834e-01 8.388712329156078340e-02
-1.674984394271120891e+00 -1.087451983077357909e+00 -5.838518873496241213e-01 -4.090899894984545426e-01 1.677228231637855060e-01 8.773486818517994834e-02 2.683673405337572149e-01 2.331002931423995506e-01 -2.272941484511648014e-02 2.654337826789401333e-01 6.435253131558056339e-01 1.179128916254228443e-01 3.478117994454521522e-01 1.115625900691270544e-01 4.076868887580928913e-01 6.973802605514549668e-01 1.921690853661743859e-01 -1.494928448983046110e-02 5.801943577635029214e-01 -2.055250644205273147e-01 -2.900351419067135339e-01 3.281244361453445890e-01 -2.693031543899451208e-01 -1.800890163053736615e-01 -2.023449348230030864e-01 -1.253480025386579655e-01 1.481241429557371703e-01 -2.008923589311848446e-01 3.395490437976036446e-01 3.301954413155385737e-01
-1.163244645393092469e+00 -1.085910814101566757e+00 -1.818666715236076925e-01 -2.907523655973136556e-01 1.036964604584795779e-01 1.741528878698659355e-01 2.030383178130250599e-01 2.078152454873816168e-01 -1.777203021946434092e-01 1.152339182614809943e-01 3.269715990693953245e-01 6.227877067999543215e-03 2.097649740716747147e-01 2.874978645058376969e-01 3.323405532730703271e-01 1.921690853661743859e-01 6.296239403860113271e-01 -1.403780134750718389e-01 4.092802546036296008e-01 -1.928905363789681360e-01 -1.382760967238141347e-01 5.677295068277317114e-01 -4.756062809861418827e-01 -3.219819239483285855e-01 -1.933707930623427274e-01 -1.900150794452883929e-01 1.019686799565420188e-01 -4.984798182562144575e-02 3.888178187605149105e-01 3.455324891864393066e-01
3.044972901623168582e-01 9.989350153961140677e-02 -4.693721267415185139e-03 7.622452102106080929e-02 -9.301501756397101417e-02 -2.519058011301922306e-02 -1.576734737341212167e-03 8.114510403441954622e-02 8.198645915899760439e-02 -7.729393628494563018e-03 1.191500050229024055e-01 -7.523925017676447169e-02 -1.014289776495900242e-01 -1.071614342799875885e-02 3.019251803431188819e-02 -1.494928448983046110e-02 -1.403780134750718389e-01 1.593333277569968232e-01 -1.060531424442956450e-01 -1.836090939139012335e-02 3.153076348615968527e-02 -1.828224751809841564e-01 1.184344062888271765e-01 7.365771573364554570e-02 3.751827137836016846e-02 -1.432363952670812068e-02 -6.793374258722906234e-02 -3.679059983369370457e-03 -1.418283039433845261e-01 -2.036437488140450114e-01
-1.885063405000835246e+00 -1.122285506034188529e+00 -5.348138308916929873e-01 -4.677264506135543343e-01 1.298234837073835024e-01 1.166078056107267003e-01 2.186705821860073229e-01 1.289128941048431898e-01 -6.557014923973270015e-02 2.027548144500030958e-01 4.932292329911263096e-01 1.393264809026675266e-01 3.917422277556568133e-01 1.546641173335956410e-01 2.997579564869852220e-01 5.801943577635029214e-01 4.092802546036296008e-01 -1.060531424442956450e-01 7.448919649188496805e-01 -1.894541519577046529e-01 -2.499357687237306891e-01 6.369732224494555339e-01 -3.745594584513298742e-01 -2.845554171520916498e-01 -2.151655946017001497e-01 -1.286772670676441521e-01 1.559023305720188546e-01 -2.072722668395954315e-01 4.990671205072771954e-01 5.293335697670045192e-01
5.244922613497919883e-01 6.948078554320886724e-01 3.242716202386759505e-01 9.700017321506493317e-02 1.666597527763542530e-01 -4.988772913065986359e-02 -2.029592393939196882e-01 -2.125589816553201672e-01 -1.041044183502322085e-01 -6.412067077661731673e-02 -5.598343018224909429e-01 -2.220672711115412312e-02 5.576103477272909004e-02 -2.727433079096499569e-01 -3.157456320523124305e-01 -2.055250644205273147e-01 -1.928905363789681360e-01 -1.836090939139012335e-02 -1.894541519577046529e-01 3.993603237204297329e-01 1.545992559491651264e-01 -1.939464703794442357e-01 1.648780829449947305e-01 9.265093039482508175e-02 1.159374515966646868e-01 4.076182111629123028e-02 -9.613053173893604253e-03 6.281544517054271637e-02 -2.284418546020674512e-01 -5.160397429102658862e-02
8.546914348408449769e-01 6.075342387765658714e-01 2.559012509207150288e-01 1.812072806981177564e-01 -9.377823714692112844e-02 -8.728512920828279675e-02 -1.699795618570760780e-01 -1.670374614369052324e-01 3.066896788016038045e-02 -1.386582636093862675e-01 -3.279318959473016548e-01 -5.417514665811040686e-02 -1.455992555042371350e-01 -7.762173821851092725e-02 -2.585013092554504510e-01 -2.900351419067135339e-01 -1.382760967238141347e-01 3.153076348615968527e-02 -2.499357687237306891e-01 1.545992559491651264e-01 2.061822913059359053e-01 -1.602641883133628653e-01 1.604946114928225143e-01 1.174460978037359382e-01 9.111084455560103379e-02 7.106629400794872709e-02 -8.164004776199362823e-02 2.746192070395636620e-02 -1.890489500185026372e-01 -1.601268642870650183e-01
-1.626513822385504682e+00 -1.044497132618630530e+00 -3.550630520421123038e-01 -3.967284018506802568e-01 7.251710356985086037e-02 1.495928097567116311e-01 1.758078189382672463e-01 6.482652321869863954e-02 -1.003024159947472072e-01 1.173848014751683877e-01 3.264100233169529020e-01 1.054131658433163921e-01 2.905147734338413557e-01 2.365088049926384883e-01 2.450955669957295413e-01 3.281244361453445890e-01 5.677295068277317114e-01 -1.828224751809841564e-01 6.369732224494555339e-01 -1.939464703794442357e-01 -1.602641883133628653e-01 8.097191740351092903e-01 -4.532752268727335831e-01 -3.573769636616930256e-01 -1.910451367234600184e-01 -1.185827587325434251e-01 9.899435427007574617e-02 -1.442358836316088855e-01 5.423102644395498828e-01 5.567332721041680088e-01
1.175993830647030336e+00 1.110547878306022085e+00 3.414501980103068490e-01 2.788725367523170462e-01 -4.436417972783601726e-02 -2.265421187119613933e-01 -2.517323355337452995e-01 -3.164701988153524326e-01 9.636280611664460594e-02 -1.600305852250016869e-01 -4.740769132365016958e-01 1.208643614921811604e-02 -2.070939733558816442e-01 -2.545590977459255555e-01 -3.572143819394000275e-01 -2.693031543899451208e-01 -4.756062809861418827e-01 1.184344062888271765e-01 -3.745594584513298742e-01 1.648780829449947305e-01 1.604946114928225143e-01 -4.532752268727335831e-01 5.053234359970133482e-01 2.658292627526748220e-01 2.196654271152169713e-01 1.829040313438099474e-01 -9.963254306825319873e-02 4.146329690740913065e-02 -3.985766909440826566e-01 -3.112677173133420183e-01
8.820673941809218377e-01 6.868228457675513710e-01 1.935189808669406375e-01 1.983190518926676305e-01 -1.015291484785620924e-01 -1.314450884869415859e-01 -1.422399044041640082e-01 -1.441597960874787532e-01 9.321148809050328055e-02 -9.780870420502196794e-02 -2.220032252981809506e-01 -2.234667320169592131e-02 -1.649856327629208863e-01 -1.134341243710537128e-01 -2.237442606160016112e-01 -1.800890163053736615e-01 -3.219819239483285855e-01 7.365771573364554570e-02 -2.845554171520916498e-01 9.265093039482508175e-02 1.174460978037359382e-01 -3.573769636616930256e-01 2.658292627526748220e-01 2.325764087982520323e-01 1.152061088811819900e-01 1.187896146464595404e-01 -7.131074683820770588e-02 3.146412387781083453e-02 -2.609846882746751362e-01 -2.615625316668115374e-01
4.645167063043231792e-01 4.370376698563518403e-01 3.716121670334473492e-01 1.327465648337238235e-01 2.722077407037204466e-02 -5.863041908526156476e-02 -1.516453609615382447e-01 -8.090577151631350716e-02 7.556997259126774225e-02 -8.458159261459741174e-02 -2.038519032537919884e-01 -6.676360970999439814e-02 -1.397662709055680352e-01 -9.070677000761406816e-02 -2.150420027438144643e-01 -2.023449348230030864e-01 -1.933707930623427274e-01 3.751827137836016846e-02 -2.151655946017001497e-01 1.159374515966646868e-01 9.111084455560103379e-02 -1.910451367234600184e-01 2.196654271152169713e-01 1.152061088811819900e-01 2.399863179833801041e-01 5.886785571510699810e-02 -1.120525594537298275e-01 1.472989832207076688e-01 -2.898936943724379489e-01 -2.385295951243620038e-01
5.557632855918654968e-01 7.065177394898682905e-01 1.055372447336822006e-01 1.237805216102856321e-01 -3.787225945478667199e-02 -1.829934944295246169e-01 -1.286203859397687665e-01 -3.571181762635546875e-01 9.464185371143685188e-03 -1.264059472438248122e-01 -4.042985835504282477e-01 1.559208601505019942e-01 -7.514726951205830119e-02 -1.084916888067937180e-01 -2.107177534235233907e-01 -1.253480025386579655e-01 -1.900150794452883929e-01 -1.432363952670812068e-02 -1.286772670676441521e-01 4.076182111629123028e-02 7.106629400794872709e-02 -1.185827587325434251e-01 1.829040313438099474e-01 1.187896146464595404e-01 5.886785571510699810e-02 2.088020761008237969e-01 -6.712988633609029421e-02 -3.563048187351114393e-02 -4.119053220591695208e-02 1.438708768847618558e-02
-3.908614010952078388e-01 -4.681508480971956487e-01 -2.567856053560717555e-01 -1.177918871987913008e-01 2.330361399253888521e-02 1.627885255742285153e-01 3.064531187413876978e-02 2.255719694992990298e-01 1.937063101900093898e-02 7.339059753655874374e-02 2.097008293761177811e-01 -7.180310646845100564e-02 1.221129608441628989e-01 1.012278737664473738e-02 6.347276197180917734e-02 1.481241429557371703e-01 1.019686799565420188e-01 -6.793374258722906234e-02 1.559023305720188546e-01 -9.613053173893604253e-03 -8.164004776199362823e-02 9.899435427007574617e-02 -9.963254306825319873e-02 -7.131074683820770588e-02 -1.120525594537298275e-01 -6.712988633609029421e-02 2.341225480881803378e-01 -8.463754386980326672e-03 7.385943112052473225e-02 6.971891097629168144e-02
2.717867633992341325e-01 -1.182386809326203547e-01 1.348300960346477950e-01 1.170188899139361638e-01 -3.830538078403833424e-02 2.034888586482566097e-01 -8.225428694925085438e-02 2.935133874625535100e-01 1.485860726050987068e-01 -3.387383170939983756e-02 7.382398403194656566e-02 -2.036196835671262306e-01 -1.479863758490296277e-01 -1.211017830434002462e-02 -7.089270707200512334e-02 -2.008923589311848446e-01 -4.984798182562144575e-02 -3.679059983369370457e-03 -2.072722668395954315e-01 6.281544517054271637e-02 2.746192070395636620e-02 -1.442358836316088855e-01 4.146329690740913065e-02 3.146412387781083453e-02 1.472989832207076688e-01 -3.563048187351114393e-02 -8.463754386980326672e-03 2.804109248538111387e-01 -2.174837510592624312e-01 -2.591762637359806831e-01
-1.176740057085055469e+00 -6.298842939407336416e-01 -5.388083640992817891e-01 -2.816520832061542023e-01 3.472754239055575454e-03 2.673406122306687394e-02 2.191606469020825898e-01 -1.145212505978179252e-01 -1.218170666661535506e-01 9.298983117469106219e-02 1.772508937382326621e-01 2.934472995657415595e-01 2.726917738994529827e-01 1.447551924312620031e-01 2.709637056117912834e-01 3.395490437976036446e-01 3.888178187605149105e-01 -1.418283039433845261e-01 4.990671205072771954e-01 -2.284418546020674512e-01 -1.890489500185026372e-01 5.423102644395498828e-01 -3.985766909440826566e-01 -2.609846882746751362e-01 -2.898936943724379489e-01 -4.119053220591695208e-02 7.385943112052473225e-02 -2.174837510592624312e-01 6.983167165032000412e-01 5.874837026850627808e-01
-1.228406857970639976e+00 -2.472661471781520959e-01 -4.036659472407109206e-01 -3.454845153547694281e-01 1.924286746190091435e-01 -3.741372010159693673e-02 1.432456516370166355e-01 -3.311853463907254991e-01 -2.812666014980322871e-01 9.984873847929520707e-02 -2.146432031367453419e-01 3.485623533953798869e-01 4.122398521960235485e-01 1.613525553619865605e-02 8.388712329156078340e-02 3.301954413155385737e-01 3.455324891864393066e-01 -2.036437488140450114e-01 5.293335697670045192e-01 -5.160397429102658862e-02 -1.601268642870650183e-01 5.567332721041680088e-01 -3.112677173133420183e-01 -2.615625316668115374e-01 -2.385295951243620038e-01 1.438708768847618558e-02 6.971891097629168144e-02 -2.591762637359806831e-01 5.874837026850627808e-01 8.455113179974205195e-01
