6.499405979428956925e+00 4.174322108536500764e+00 1.427883455418054837e+00 1.416507498872647375e+00 -4.646693541525337423e-02 -7.983433009021609905e-01 -1.151774639124027999e+00 -6.744419375702364050e-01 -6.038933096579626181e-01 -1.102909694640686666e+00 -2.279930307729557626e+00 -3.262151021534691608e-01 -1.436361412839517016e+00 -6.284616660230426533e-01 -1.299840510286799145e+00 -2.021271041284137482e+00 -1.468507826082372958e+00 4.310197993559086171e-01 -2.031343769933585008e+00 2.862540248386835628e-01 1.168882940170306028e+00 -1.447096366010555357e+00 1.175050816411669530e+00 1.154142061117170215e+00 6.989786623718714509e-01 6.469338815786045416e-01 -2.579931845534702006e-01 5.758663445078013865e-01 -1.184754836218701257e+00 -8.956419145329164166e-01
4.174322108536500764e+00 6.467924881923181601e+00 1.583914017073425384e+00 8.880794015965989274e-01 6.449399884347144507e-01 -1.676728396734517901e+00 -8.792089191347258748e-01 -2.359156668313517002e+00 -9.179791677580055875e-01 -8.871346305112410846e-01 -3.372931297897594050e+00 9.172150280333539740e-01 -4.609551126554833900e-01 -1.686078300691747245e+00 -1.687174624796000444e+00 -1.083613708021800903e+00 -2.519166699350648742e+00 5.900671728111888115e-01 -1.046668345986006443e+00 -2.715958871078214543e-01 1.022045521408301738e+00 -9.236126302496359131e-01 1.356273548522949568e+00 1.224687479434862780e+00 4.779574362813150401e-01 1.259886502153619858e+00 -9.021100807336779326e-01 -2.591665917175305367e-01 4.799053605939320732e-01 -1.539367299924379040e-01
1.427883455418054837e+00 1.583914017073425384e+00 1.702833361254761257e+00 3.490676367619585108e-01 1.935980039294804556e-01 -5.850350324001851732e-01 -2.015955856423943260e-01 -5.265359535244442668e-01 -4.762436579496238664e-01 -3.117708050995702251e-01 -8.412002373127620558e-01 -1.255668068490081168e-01 -3.590178092177893632e-01 -2.003314582049711134e-01 -4.902211754287577605e-01 -6.242429332882579729e-01 -3.964676017548640630e-01 1.680323272410078062e-03 -5.675554568219354223e-01 6.818724802042197553e-02 3.096706220003966337e-01 -2.571108076215296023e-01 2.854243103955127481e-01 2.926490443351781323e-01 3.566857003336849630e-01 1.396416424703375014e-01 -2.503673475430332473e-01 1.876581443581244457e-01 -3.062280197056566067e-01 -3.794009405973497451e-01
1.416507498872647375e+00 8.880794015965989274e-01 3.490676367619585108e-01 4.563380353894217478e-01 3.372163598959332376e-02 -1.404691251963186005e-01 -2.669786597309666831e-01 -1.200318887966886905e-01 -8.755607200816939439e-02 -2.536193473229104711e-01 -5.197298172072351008e-01 -8.149068344465604241e-02 -3.693396959469055219e-01 -1.345388994483300849e-01 -2.856870122795953648e-01 -5.016246424523842506e-01 -3.304704124345789751e-01 8.829750641461941996e-02 -5.185825038037705781e-01 6.335642037441857610e-02 2.483673873335874305e-01 -3.531267353521911900e-01 2.760066672444736469e-01 2.502304842167859533e-01 1.984141335423146302e-01 1.424693514032924213e-01 -8.825754625661375030e-02 1.920124510377831939e-01 -2.988616447779577356e-01 -2.525023766190770402e-01
-4.646693541525337423e-02 6.449399884347144507e-01 1.935980039294804556e-01 3.372163598959332376e-02 5.840606349709673850e-01 -1.474297925967675837e-01 -1.006086000372761191e-01 -3.658079445175417277e-01 -1.639667184342101791e-01 2.339230951980653117e-02 -6.244670110475567526e-01 2.959089741523257544e-01 2.082266495964972819e-01 -3.926334490141698552e-01 -1.787157899866542721e-01 9.064520720585278468e-03 -3.680442668060095457e-01 -8.848051558913994086e-03 -4.545693424526575654e-02 6.283007212971369881e-02 3.848590570021315216e-02 -9.688568561637111998e-02 1.644394423246922088e-01 1.022764796136925725e-01 8.416738262440048857e-02 1.373641182313463105e-01 -1.315868267463429220e-01 -6.915394913721684134e-02 1.573193417692664298e-01 2.775215484689397272e-04
-7.983433009021609905e-01 -1.676728396734517901e+00 -5.850350324001851732e-01 -1.404691251963186005e-01 -1.474297925967675837e-01 9.614948314371645210e-01 8.783967249223678664e-02 9.738337403321111196e-01 2.222906507490165495e-01 2.732160638756795379e-01 6.952236881859903406e-01 -5.205019682443889906e-01 8.503212430753137596e-02 3.281814874221140599e-01 3.659453484639811904e-01 1.788319184322517685e-02 6.900364877614038051e-01 -2.220200411670703033e-01 2.864571242190550038e-02 3.210435789989674049e-01 -2.682077865750329693e-01 1.275364783228383203e-01 -3.239479728568994688e-01 -3.386937152073414836e-01 -1.698209028376140850e-02 -4.006420305709639251e-01 3.583294361772573211e-01 3.356422992595753385e-01 -4.595710522852414215e-01 2.639788660587782942e-02
-1.151774639124027999e+00 -8.792089191347258748e-01 -2.015955856423943260e-01 -2.669786597309666831e-01 -1.006086000372761191e-01 8.783967249223678664e-02 4.232113225104967569e-01 1.320998083695599234e-01 4.373085371082652273e-02 2.186529985546599164e-01 6.215231887060213012e-01 4.637464561773185778e-02 2.016195525307580283e-01 2.711756122322412921e-01 3.870933143248294073e-01 4.079925938626729476e-01 3.470582345672141855e-01 -4.639189433515866767e-02 3.392654820632401425e-01 -1.665975240836701232e-01 -2.366262849574809479e-01 2.160019377192270440e-01 -3.063330859640132076e-01 -2.216850852095149094e-01 -2.203335861843243038e-01 -1.800760654655277904e-01 3.074204409188041609e-02 -1.676568525459742887e-01 2.609663643185058390e-01 1.105182053269686548e-01
-6.744419375702364050e-01 -2.359156668313517002e+00 -5.265359535244442668e-01 -1.200318887966886905e-01 -3.658079445175417277e-01 9.738337403321111196e-01 1.320998083695599234e-01 1.436250134090016672e+00 3.861075874992252466e-01 3.240524447281245557e-01 1.262656956982368683e+00 -8.106735082536715709e-01 -6.149238045821903142e-02 5.383000563536484151e-01 5.479812110497732647e-01 4.465759381560019392e-02 8.395165782254139231e-01 -1.587393894129718319e-01 -5.532779172662571909e-02 3.774917802653590115e-01 -3.244204688155605254e-01 -5.030572520314535723e-02 -3.210452594722141839e-01 -3.668484586631279853e-01 1.083829618761456004e-02 -5.573607503692414866e-01 4.752261770200334468e-01 4.499505073393947896e-01 -8.508470429228509602e-01 -1.959307338780718055e-01
-6.038933096579626181e-01 -9.179791677580055875e-01 -4.762436579496238664e-01 -8.755607200816939439e-02 -1.639667184342101791e-01 2.222906507490165495e-01 4.373085371082652273e-02 3.861075874992252466e-01 3.626422803896502955e-01 1.185557684869991135e-01 6.153028249210592548e-01 -1.182408366361755725e-01 2.517873319055752290e-02 1.828023536702403362e-01 1.871989114526968478e-01 2.179925185090496598e-01 2.074429066722700554e-01 -6.527286577409086021e-03 1.713480784808325552e-01 -1.154589949567252916e-02 -1.346286847902433692e-01 7.239110124453418393e-02 -8.163185608663070525e-02 -1.155548348106663070e-01 -1.435944448076043045e-02 -1.060382604963479025e-01 1.065859613660222749e-01 5.661126980209019166e-02 -1.104935981472294770e-01 -2.752267228913751751e-02
-1.102909694640686666e+00 -8.871346305112410846e-01 -3.117708050995702251e-01 -2.536193473229104711e-01 2.339230951980653117e-02 2.732160638756795379e-01 2.186529985546599164e-01 3.240524447281245557e-01 1.185557684869991135e-01 2.979472089945147673e-01 5.139010755019057797e-01 -8.856266577777205384e-02 2.743524427413035482e-01 9.791743450142575966e-02 3.030081288306405440e-01 3.519382659065968255e-01 2.655977164563410042e-01 -5.966835870640352368e-02 2.744414231732719145e-01 1.876211741318911663e-02 -2.328230439487128933e-01 1.282236522206972040e-01 -1.999863197618765298e-01 -1.993693976205008767e-01 -1.296867133050341181e-01 -1.950476661625657471e-01 1.098018869337238357e-01 -5.934038249131390330e-02 3.854452943971864443e-02 8.761222246090483168e-02
-2.279930307729557626e+00 -3.372931297897594050e+00 -8.412002373127620558e-01 -5.197298172072351008e-01 -6.244670110475567526e-01 6.952236881859903406e-01 6.215231887060213012e-01 1.262656956982368683e+00 6.153028249210592548e-01 5.139010755019057797e-01 2.276087717296718438e+00 -5.534894317867724567e-01 1.690100162134626771e-01 9.305695637399367115e-01 9.736946869795133352e-01 7.885694539746168630e-01 1.149803517736870617e+00 -1.324202769277462721e-01 6.238860997600284009e-01 -5.284939657326503948e-02 -5.689645798077549443e-01 3.491901448065277691e-01 -6.247305108277032559e-01 -5.704015286860339984e-01 -2.945932739623344787e-01 -6.535643105773374373e-01 4.343946619307530455e-01 2.817340520186917274e-02 -2.905758906130699870e-01 -5.213985544719434984e-02
-3.262151021534691608e-01 9.172150280333539740e-01 -1.255668068490081168e-01 -8.149068344465604241e-02 2.959089741523257544e-01 -5.205019682443889906e-01 4.637464561773185778e-02 -8.106735082536715709e-01 -1.182408366361755725e-01 -8.856266577777205384e-02 -5.534894317867724567e-01 7.373772582527635677e-01 2.295585565521491844e-01 -3.084491015184198659e-01 -1.619063420974384826e-01 2.638701528906892690e-01 -4.269969981609165188e-01 6.953181085680171236e-02 2.886746852186945489e-01 -3.078196702762170389e-01 4.328533579405302589e-02 1.445299753470408177e-01 8.097112525041438857e-02 1.186744611472931865e-01 -1.125889180722197125e-01 3.290325930298649837e-01 -2.819422320743001364e-01 -3.641513448511091156e-01 7.843023155405717262e-01 2.392905083522691712e-01
-1.436361412839517016e+00 -4.609551126554833900e-01 -3.590178092177893632e-01 -3.693396959469055219e-01 2.082266495964972819e-01 8.503212430753137596e-02 2.016195525307580283e-01 -6.149238045821903142e-02 2.517873319055752290e-02 2.743524427413035482e-01 1.690100162134626771e-01 2.295585565521491844e-01 5.331873012347045915e-01 -1.427551477682982295e-01 1.768502358100363381e-01 4.873284706793299392e-01 1.311539842020579272e-01 -8.862038784707237937e-02 4.873822886735865723e-01 -1.791087626213538897e-02 -2.170088817469491005e-01 2.840388883163313949e-01 -2.117586001818381192e-01 -1.932552600991925829e-01 -2.159260852849342882e-01 -5.835010198433110418e-02 4.382554162594942682e-02 -2.462829846772365272e-01 4.448332138790647150e-01 2.974574978497344091e-01
-6.284616660230426533e-01 -1.686078300691747245e+00 -2.003314582049711134e-01 -1.345388994483300849e-01 -3.926334490141698552e-01 3.281814874221140599e-01 2.711756122322412921e-01 5.383000563536484151e-01 1.828023536702403362e-01 9.791743450142575966e-02 9.305695637399367115e-01 -3.084491015184198659e-01 -1.427551477682982295e-01 8.107012791595025192e-01 4.446817106073694958e-01 1.332426710638401346e-01 8.269298689195920815e-01 -1.518615769729763088e-01 1.674400196581302680e-01 -7.104102916758847641e-02 -1.779503805511808423e-01 2.764865555799929098e-01 -4.243212351950660377e-01 -2.839379022537400488e-01 -1.170492277188373009e-01 -3.461936573043544740e-01 1.927244631607436531e-01 7.654260998691597706e-02 -1.862337016144124391e-01 -2.585966485236212975e-02
-1.299840510286799145e+00 -1.687174624796000444e+00 -4.902211754287577605e-01 -2.856870122795953648e-01 -1.787157899866542721e-01 3.659453484639811904e-01 3.870933143248294073e-01 5.479812110497732647e-01 1.871989114526968478e-01 3.030081288306405440e-01 9.736946869795133352e-01 -1.619063420974384826e-01 1.768502358100363381e-01 4.446817106073694958e-01 6.774160455253195323e-01 4.175842362026571664e-01 6.531400752538729648e-01 -7.771938203001127476e-02 3.289652585259545958e-01 -7.045332728898756613e-02 -3.285867459220526143e-01 2.340534296345424536e-01 -3.968602532937666183e-01 -3.504782959583394586e-01 -2.200768882565853346e-01 -3.316096830810124629e-01 1.588551096512560434e-01 -4.195070591015337413e-02 4.531620370528344210e-02 1.949533268236791628e-02
-2.021271041284137482e+00 -1.083613708021800903e+00 -6.242429332882579729e-01 -5.016246424523842506e-01 9.064520720585278468e-03 1.788319184322517685e-02 4.079925938626729476e-01 4.465759381560019392e-02 2.179925185090496598e-01 3.519382659065968255e-01 7.885694539746168630e-01 2.638701528906892690e-01 4.873284706793299392e-01 1.332426710638401346e-01 4.175842362026571664e-01 9.141336605887886435e-01 1.776786498149363069e-01 -3.306549541605363629e-03 7.529351131932173757e-01 -2.252825739288368823e-01 -3.708071906121404027e-01 3.008926291098816819e-01 -2.439245722379723702e-01 -2.402190165386173248e-01 -3.141911161095833904e-01 -9.375391748648098655e-02 6.805299594969937971e-02 -3.781345045902639868e-01 4.933629443675613402e-01 2.531919181748207848e-01
-1.468507826082372958e+00 -2.519166699350648742e+00 -3.964676017548640630e-01 -3.304704124345789751e-01 -3.680442668060095457e-01 6.900364877614038051e-01 3.470582345672141855e-01 8.395165782254139231e-01 2.074429066722700554e-01 2.655977164563410042e-01 1.149803517736870617e+00 -4.269969981609165188e-01 1.311539842020579272e-01 8.269298689195920815e-01 6.531400752538729648e-01 1.776786498149363069e-01 1.347261544639025033e+00 -3.480496210324304229e-01 3.648698273299828543e-01 1.096644335461860464e-01 -3.223988518175247009e-01 5.931506313208103620e-01 -7.174300406886686687e-01 -5.732351021836166183e-01 -2.172801358295259888e-01 -5.515726588317306778e-01 3.463226454888399530e-01 1.367490797697996641e-01 -1.169632031162564090e-01 1.702051968122759718e-01
4.310197993559086171e-01 5.900671728111888115e-01 1.680323272410078062e-03 8.829750641461941996e-02 -8.848051558913994086e-03 -2.220200411670703033e-01 -4.639189433515866767e-02 -1.587393894129718319e-01 -6.527286577409086021e-03 -5.966835870640352368e-02 -1.324202769277462721e-01 6.953181085680171236e-02 -8.862038784707237937e-02 -1.518615769729763088e-01 -7.771938203001127476e-02 -3.306549541605363629e-03 -3.480496210324304229e-01 2.677302827426331078e-01 -8.364759791507481168e-02 -8.751651130063464734e-02 9.373862366379626110e-02 -2.274061975383574463e-01 2.307936187750101453e-01 1.436589372839875978e-01 4.631735026575256597e-02 1.102357167671357274e-01 -1.365313198984381415e-01 -5.659422437321381949e-02 -4.366198535683452064e-02 -1.335416208772812752e-01
-2.031343769933585008e+00 -1.046668345986006443e+00 -5.675554568219354223e-01 -5.185825038037705781e-01 -4.545693424526575654e-02 2.864571242190550038e-02 3.392654820632401425e-01 -5.532779172662571909e-02 1.713480784808325552e-01 2.744414231732719145e-01 6.238860997600284009e-01 2.886746852186945489e-01 4.873822886735865723e-01 1.674400196581302680e-01 3.289652585259545958e-01 7.529351131932173757e-01 3.648698273299828543e-01 -8.364759791507481168e-02 8.288727379668898720e-01 -1.914994747617697612e-01 -3.212096002328053146e-01 5.423763714249218992e-01 -3.270903311486108578e-01 -3.152300735181938762e-01 -3.123280192567108315e-01 -8.831966002767899226e-02 6.051006748262466317e-02 -3.630198355766935947e-01 5.981666886688969953e-01 4.094987183709690726e-01
2.862540248386835628e-01 -2.715958871078214543e-01 6.818724802042197553e-02 6.335642037441857610e-02 6.283007212971369881e-02 3.210435789989674049e-01 -1.665975240836701232e-01 3.774917802653590115e-01 -1.154589949567252916e-02 1.876211741318911663e-02 -5.284939657326503948e-02 -3.078196702762170389e-01 -1.791087626213538897e-02 -7.104102916758847641e-02 -7.045332728898756613e-02 -2.252825739288368823e-01 1.096644335461860464e-01 -8.751651130063464734e-02 -1.914994747617697612e-01 4.057218804606463891e-01 4.508450320815882151e-02 -8.799983591896420876e-02 -2.522871895496336947e-02 -3.534968147943118311e-02 9.404144127631752781e-02 -1.494364585264520429e-01 1.495536514630657621e-01 2.268765315925520554e-01 -3.855563895311888700e-01 -7.118359765507875636e-02
1.168882940170306028e+00 1.022045521408301738e+00 3.096706220003966337e-01 2.483673873335874305e-01 3.848590570021315216e-02 -2.682077865750329693e-01 -2.366262849574809479e-01 -3.244204688155605254e-01 -1.346286847902433692e-01 -2.328230439487128933e-01 -5.689645798077549443e-01 4.328533579405302589e-02 -2.170088817469491005e-01 -1.779503805511808423e-01 -3.285867459220526143e-01 -3.708071906121404027e-01 -3.223988518175247009e-01 9.373862366379626110e-02 -3.212096002328053146e-01 4.508450320815882151e-02 3.140691520512177703e-01 -1.783110362905517832e-01 2.228758354685282939e-01 2.326910053938604506e-01 1.234427052967816962e-01 1.622354787992321690e-01 -1.415663051493538660e-01 1.609308375071805131e-02 -9.699231918506256989e-02 -1.204654490957750568e-01
-1.447096366010555357e+00 -9.236126302496359131e-01 -2.571108076215296023e-01 -3.531267353521911900e-01 -9.688568561637111998e-02 1.275364783228383203e-01 2.160019377192270440e-01 -5.030572520314535723e-02 7.239110124453418393e-02 1.282236522206972040e-01 3.491901448065277691e-01 1.445299753470408177e-01 2.840388883163313949e-01 2.764865555799929098e-01 2.340534296345424536e-01 3.008926291098816819e-01 5.931506313208103620e-01 -2.274061975383574463e-01 5.423763714249218992e-01 -8.799983591896420876e-02 -1.783110362905517832e-01 7.040269152532800945e-01 -4.153085633774082908e-01 -3.564719230340074319e-01 -1.936134084851062198e-01 -1.230196443988234023e-01 3.106318351643722053e-02 -1.817240845475112110e-01 4.783051222172218786e-01 4.097255286674794661e-01
1.175050816411669530e+00 1.356273548522949568e+00 2.854243103955127481e-01 2.760066672444736469e-01 1.644394423246922088e-01 -3.239479728568994688e-01 -3.063330859640132076e-01 -3.210452594722141839e-01 -8.163185608663070525e-02 -1.999863197618765298e-01 -6.247305108277032559e-01 8.097112525041438857e-02 -2.117586001818381192e-01 -4.243212351950660377e-01 -3.968602532937666183e-01 -2.439245722379723702e-01 -7.174300406886686687e-01 2.307936187750101453e-01 -3.270903311486108578e-01 -2.522871895496336947e-02 2.228758354685282939e-01 -4.153085633774082908e-01 5.316648421692207194e-01 3.360114717488613678e-01 2.199687008098862862e-01 2.728282034499329711e-01 -1.427641215015569287e-01 3.337562102655056151e-02 -2.124490778933250112e-01 -2.108712880681764545e-01
1.154142061117170215e+00 1.224687479434862780e+00 2.926490443351781323e-01 2.502304842167859533e-01 1.022764796136925725e-01 -3.386937152073414836e-01 -2.216850852095149094e-01 -3.668484586631279853e-01 -1.155548348106663070e-01 -1.993693976205008767e-01 -5.704015286860339984e-01 1.186744611472931865e-01 -1.932552600991925829e-01 -2.839379022537400488e-01 -3.504782959583394586e-01 -2.402190165386173248e-01 -5.732351021836166183e-01 1.436589372839875978e-01 -3.152300735181938762e-01 -3.534968147943118311e-02 2.326910053938604506e-01 -3.564719230340074319e-01 3.360114717488613678e-01 3.537577752805987075e-01 1.360766523575875908e-01 2.492841410127653035e-01 -1.491552195374765688e-01 -1.421948227942948506e-02 -8.248672674420731710e-02 -1.875493290527288082e-01
6.989786623718714509e-01 4.779574362813150401e-01 3.566857003336849630e-01 1.984141335423146302e-01 8.416738262440048857e-02 -1.698209028376140850e-02 -2.203335861843243038e-01 1.083829618761456004e-02 -1.435944448076043045e-02 -1.296867133050341181e-01 -2.945932739623344787e-01 -1.125889180722197125e-01 -2.159260852849342882e-01 -1.170492277188373009e-01 -2.200768882565853346e-01 -3.141911161095833904e-01 -2.172801358295259888e-01 4.631735026575256597e-02 -3.123280192567108315e-01 9.404144127631752781e-02 1.234427052967816962e-01 -1.936134084851062198e-01 2.199687008098862862e-01 1.360766523575875908e-01 2.751398009000070033e-01 6.275965513378878313e-02 -9.609513560974392021e-02 2.135466645085557502e-01 -3.208111675884310898e-01 -2.024205312412163948e-01
6.469338815786045416e-01 1.259886502153619858e+00 1.396416424703375014e-01 1.424693514032924213e-01 1.373641182313463105e-01 -4.006420305709639251e-01 -1.800760654655277904e-01 -5.573607503692414866e-01 -1.060382604963479025e-01 -1.950476661625657471e-01 -6.535643105773374373e-01 3.290325930298649837e-01 -5.835010198433110418e-02 -3.461936573043544740e-01 -3.316096830810124629e-01 -9.375391748648098655e-02 -5.515726588317306778e-01 1.102357167671357274e-01 -8.831966002767899226e-02 -1.494364585264520429e-01 1.622354787992321690e-01 -1.230196443988234023e-01 2.728282034499329711e-01 2.492841410127653035e-01 6.275965513378878313e-02 3.637606576853045226e-01 -1.873079185750157194e-01 -1.135959144832554557e-01 2.242888545748087381e-01 3.516854498957400210e-02
-2.579931845534702006e-01 -9.021100807336779326e-01 -2.503673475430332473e-01 -8.825754625661375030e-02 -1.315868267463429220e-01 3.583294361772573211e-01 3.074204409188041609e-02 4.752261770200334468e-01 1.065859613660222749e-01 1.098018869337238357e-01 4.343946619307530455e-01 -2.819422320743001364e-01 4.382554162594942682e-02 1.927244631607436531e-01 1.588551096512560434e-01 6.805299594969937971e-02 3.463226454888399530e-01 -1.365313198984381415e-01 6.051006748262466317e-02 1.495536514630657621e-01 -1.415663051493538660e-01 3.106318351643722053e-02 -1.427641215015569287e-01 -1.491552195374765688e-01 -9.609513560974392021e-02 -1.873079185750157194e-01 3.424452541776759062e-01 9.835131149503695269e-02 -2.344536620408348426e-01 -6.653994899636472837e-03
5.758663445078013865e-01 -2.591665917175305367e-01 1.876581443581244457e-01 1.920124510377831939e-01 -6.915394913721684134e-02 3.356422992595753385e-01 -1.676568525459742887e-01 4.499505073393947896e-01 5.661126980209019166e-02 -5.934038249131390330e-02 2.817340520186917274e-02 -3.641513448511091156e-01 -2.462829846772365272e-01 7.654260998691597706e-02 -4.195070591015337413e-02 -3.781345045902639868e-01 1.367490797697996641e-01 -5.659422437321381949e-02 -3.630198355766935947e-01 2.268765315925520554e-01 1.609308375071805131e-02 -1.817240845475112110e-01 3.337562102655056151e-02 -1.421948227942948506e-02 2.135466645085557502e-01 -1.135959144832554557e-01 9.835131149503695269e-02 4.147342563012443861e-01 -5.097512992142583244e-01 -2.174407945635152828e-01
-1.184754836218701257e+00 4.799053605939320732e-01 -3.062280197056566067e-01 -2.988616447779577356e-01 1.573193417692664298e-01 -4.595710522852414215e-01 2.609663643185058390e-01 -8.508470429228509602e-01 -1.104935981472294770e-01 3.854452943971864443e-02 -2.905758906130699870e-01 7.843023155405717262e-01 4.448332138790647150e-01 -1.862337016144124391e-01 4.531620370528344210e-02 4.933629443675613402e-01 -1.169632031162564090e-01 -4.366198535683452064e-02 5.981666886688969953e-01 -3.855563895311888700e-01 -9.699231918506256989e-02 4.783051222172218786e-01 -2.124490778933250112e-01 -8.248672674420731710e-02 -3.208111675884310898e-01 2.242888545748087381e-01 -2.344536620408348426e-01 -5.097512992142583244e-01 1.181111572661166065e+00 5.042699155783338938e-01
-8.956419145329164166e-01 -1.539367299924379040e-01 -3.794009405973497451e-01 -2.525023766190770402e-01 2.775215484689397272e-04 2.639788660587782942e-02 1.105182053269686548e-01 -1.959307338780718055e-01 -2.752267228913751751e-02 8.761222246090483168e-02 -5.213985544719434984e-02 2.392905083522691712e-01 2.974574978497344091e-01 -2.585966485236212975e-02 1.949533268236791628e-02 2.531919181748207848e-01 1.702051968122759718e-01 -1.335416208772812752e-01 4.094987183709690726e-01 -7.118359765507875636e-02 -1.204654490957750568e-01 4.097255286674794661e-01 -2.108712880681764545e-01 -1.875493290527288082e-01 -2.024205312412163948e-01 3.516854498957400210e-02 -6.653994899636472837e-03 -2.174407945635152828e-01 5.042699155783338938e-01 5.699503614004015617e-01
