1.206591283335171738e+00 2.635691456227959861e-01 -4.649741159867062379e-01 2.629225865152875485e-01 4.948964033314950939e-02 -2.063822766376688378e-01 -3.923051249201421342e-01 -2.410770951458971467e-01 2.631674428739074756e-01 -4.754037470797811693e-02 -2.136422200348988554e-01 4.255447011077535535e-01 9.501765225422786898e-03 -1.621383361131734091e-01 3.222488755341146316e-03 2.763394212257708205e-02 -1.353821995120370048e-01 1.917673401151773760e-01 -1.447262885303075564e-01 2.123753722768810803e-01 -8.611282360965333282e-02 -3.929432290181011922e-01 3.212989414309959102e-01 4.705969931967501907e-02 -1.122844524092556640e-01 1.076413599815850830e-01 -8.592063389761506187e-02 -4.168438027357410647e-01 -2.021303056760643813e-01 -8.737055765720924683e-02
2.635691456227959861e-01 4.160475298982419190e+00 1.805472187617340296e+00 -5.512660146378607351e-01 2.006979368038230405e+00 -2.430511687149817135e+00 -2.096117793724374678e-01 -3.203168877784037250e+00 -1.699770790164961909e+00 -2.074579726735237273e-01 -2.250519651662614251e+00 2.562701160472897755e+00 6.214433214290693286e-01 1.985249975372198605e-01 6.692388863272640265e-01 1.115803190795645605e-01 1.730584486226234731e+00 -4.128596350558950689e-01 1.323140602112289343e-01 8.908776561546574158e-01 -5.893684898838387198e-01 2.840650940352702492e-01 -6.672021822351439369e-01 -1.223922671747800450e+00 1.460069598015252268e-01 -1.174369497498901183e+00 -1.028704023197519746e-01 -5.906484395774782570e-01 -1.692182309070972224e+00 1.421890622837565843e+00
-4.649741159867062379e-01 1.805472187617340296e+00 2.073778558929404880e+00 -3.316234476248496321e-01 1.707313264045069445e+00 -7.190137145440189670e-01 2.042866655864941094e-01 -1.085847009459882884e+00 -1.466976461510000718e+00 -1.019114192779966288e-01 -1.480816383775788836e+00 8.909058343716651507e-01 3.018647690217903801e-01 9.550183149025315288e-02 4.173011149301260048e-01 -2.860098146134077979e-01 1.200866173110000545e+00 -3.601139811343045949e-01 -2.143766820398411710e-01 6.437766241427311797e-01 -3.317079383629675249e-01 8.853486417746125881e-02 -6.108417951962792358e-01 -8.684691187452244776e-01 3.527204559774190784e-01 -8.822777785140374363e-01 -9.310749080611913087e-02 4.514843311008007731e-01 -1.393144777138275003e+00 4.574035746592244323e-01
2.629225865152875485e-01 -5.512660146378607351e-01 -3.316234476248496321e-01 4.028984580670567084e-01 -3.196785795569212496e-01 4.302124031815424132e-01 -3.075140238252060954e-03 4.740056282596469828e-01 4.006351381340209628e-01 -3.770484644843463684e-02 2.933300793360444914e-01 -2.745786253288429180e-01 -2.167018521733439229e-01 -3.197028883221264550e-02 -1.405233808915795635e-01 -1.206517810470586483e-01 -3.141705138331758462e-01 7.670197301490588870e-02 -1.799593705093229801e-01 -1.504033109952160885e-01 6.644854650829756793e-02 -1.824889704508905197e-01 1.091363357739965068e-01 1.671106699635060977e-01 -5.356049373034466043e-02 2.244384795391169973e-01 -5.295628053681866731e-02 1.283238039962384391e-01 2.665806458343809027e-01 -3.414292569441386149e-01
4.948964033314950939e-02 2.006979368038230405e+00 1.707313264045069445e+00 -3.196785795569212496e-01 1.777753754659670449e+00 -8.586424896487301339e-01 3.081373474185511441e-02 -1.173700227418578379e+00 -1.337520063685474270e+00 -4.533424897800841791e-02 -1.589867102516222985e+00 1.023900055615342808e+00 4.021332029757331838e-01 -8.391104517812664199e-02 4.398286622280238589e-01 -1.779194098405127988e-01 1.050103377104392166e+00 -2.094292376247608445e-01 -2.507650283928342105e-01 8.319295435057938448e-01 -3.600977700381235991e-01 -1.627166820067031949e-01 -4.070948380763752539e-01 -8.149248228614283107e-01 3.063310755376846828e-01 -8.408341939401111631e-01 -7.205497338208033398e-02 1.676465571830476620e-01 -1.571360565417251109e+00 4.816245825122678070e-01
-2.063822766376688378e-01 -2.430511687149817135e+00 -7.190137145440189670e-01 4.302124031815424132e-01 -8.586424896487301339e-01 1.859418875317430775e+00 2.660178191724753560e-01 2.232081995734006341e+00 9.407619894320760068e-01 1.296962084921347014e-01 1.160800787754169505e+00 -1.750602349798157320e+00 -4.446132068011365845e-01 -2.152304909563440560e-01 -4.932691518603178338e-01 -3.187347840201937288e-01 -1.092003058412558403e+00 1.897206195178000598e-01 -4.086425997205935801e-01 -3.712113936298351291e-01 3.551113335178115449e-01 -4.027219166391660110e-01 3.830734619672853114e-01 6.520192628773884280e-01 1.496343566528253177e-01 6.160867496765831675e-01 1.151936631350736207e-02 8.055366736254541138e-01 5.755554547599217585e-01 -1.045669013682413606e+00
-3.923051249201421342e-01 -2.096117793724374678e-01 2.042866655864941094e-01 -3.075140238252060954e-03 3.081373474185511441e-02 2.660178191724753560e-01 2.489333479758784051e-01 2.601614117758686007e-01 -7.111876717516452118e-02 2.223937382007079577e-02 8.671669815203131293e-02 -2.766957976348862758e-01 -5.375809074956805489e-02 4.624024942933147031e-02 -3.751414090402249712e-02 -1.178532879239924114e-01 1.128413313944065521e-02 -5.777978759886082116e-02 -6.603433025901495057e-02 -8.374505308455582053e-02 6.317504145113161940e-02 4.802592440944408736e-02 -1.370485234081684212e-01 -4.850057117664619000e-03 4.516595196423622838e-02 -3.295614870842200617e-02 1.473282039188461567e-02 2.686665025129286732e-01 2.814536269772816013e-02 -1.002542643152537494e-01
-2.410770951458971467e-01 -3.203168877784037250e+00 -1.085847009459882884e+00 4.740056282596469828e-01 -1.173700227418578379e+00 2.232081995734006341e+00 2.601614117758686007e-01 2.873798817829708696e+00 1.218323480270441905e+00 2.296514598219232539e-01 1.576058642642806262e+00 -2.238970169654578513e+00 -4.877802951457965719e-01 -3.414242122813107017e-01 -5.589684686628402233e-01 -2.479257471146070202e-01 -1.475468182506972425e+00 3.148826470545600387e-01 -4.163466652962029002e-01 -4.529566212520990121e-01 4.328982662224234446e-01 -5.464892049563445653e-01 5.687204975507142990e-01 9.023582144485544632e-01 1.194314573914425637e-01 8.306207163429348839e-01 7.257319488553548581e-02 8.563676412551899375e-01 7.975139048895698579e-01 -1.289330126609399940e+00
2.631674428739074756e-01 -1.699770790164961909e+00 -1.466976461510000718e+00 4.006351381340209628e-01 -1.337520063685474270e+00 9.407619894320760068e-01 -7.111876717516452118e-02 1.218323480270441905e+00 1.312566090590678414e+00 5.742746451778657502e-02 1.285349242416998550e+00 -9.103097081906526000e-01 -4.188914244881516424e-01 -3.165192134730432372e-02 -4.954913054940561778e-01 1.270205147505976129e-02 -1.114651066487283515e+00 1.736057677907183461e-01 -5.922603984365082397e-02 -5.706570158557724426e-01 3.054183549893991767e-01 -1.701959990593877592e-01 4.938636708989179169e-01 7.385229057161382116e-01 -9.904777237329653872e-02 7.642250798186864813e-01 -4.257498622393995902e-03 8.455108628498919643e-02 9.924876418884309714e-01 -5.938396423341032460e-01
-4.754037470797811693e-02 -2.074579726735237273e-01 -1.019114192779966288e-01 -3.770484644843463684e-02 -4.533424897800841791e-02 1.296962084921347014e-01 2.223937382007079577e-02 2.296514598219232539e-01 5.742746451778657502e-02 9.685994077062787255e-02 1.166467299005944369e-01 -2.064581558275335738e-01 2.563063130281761914e-02 -7.079439987495561581e-02 -2.738120067328964069e-02 -4.347172716279601445e-03 -1.355194969956983186e-01 1.528730036284287053e-02 -2.950555303453938905e-02 6.671560901679640665e-03 3.569878514787205859e-02 -5.788438288863062553e-02 6.981453809396498400e-02 8.790089216910246250e-02 8.532953569897472335e-04 4.642341321994081227e-02 4.227740449243810872e-02 3.140130079452774226e-02 -1.010462429081826485e-02 -3.253805682589927528e-02
-2.136422200348988554e-01 -2.250519651662614251e+00 -1.480816383775788836e+00 2.933300793360444914e-01 -1.589867102516222985e+00 1.160800787754169505e+00 8.671669815203131293e-02 1.576058642642806262e+00 1.285349242416998550e+00 1.166467299005944369e-01 1.667136456552100299e+00 -1.318175910777711124e+00 -4.182241481584583198e-01 7.651342929477777943e-03 -5.166632740652516986e-01 8.004936891217084849e-02 -1.219690134290260630e+00 1.628637342425918177e-01 7.799818341391073773e-02 -7.347445955824127850e-01 3.779699325974092972e-01 -3.016097895817893004e-02 4.534147889744986060e-01 8.679769443894542746e-01 -1.543073374473920012e-01 8.247135110258909663e-01 1.059600298100917826e-01 1.615978810629599138e-01 1.265847351845422963e+00 -6.452645727247272589e-01
4.255447011077535535e-01 2.562701160472897755e+00 8.909058343716651507e-01 -2.745786253288429180e-01 1.023900055615342808e+00 -1.750602349798157320e+00 -2.766957976348862758e-01 -2.238970169654578513e+00 -9.103097081906526000e-01 -2.064581558275335738e-01 -1.318175910777711124e+00 1.915917084482941846e+00 3.143956088817958516e-01 2.503560724387057235e-01 4.422455957135298377e-01 1.472430912266986525e-01 1.100038429565927345e+00 -2.471018351467364482e-01 1.933470110682833365e-01 4.023190530380134078e-01 -3.974172792622994166e-01 2.607754611560437752e-01 -3.842586532515497311e-01 -7.133516087336602141e-01 -2.280298342094511099e-02 -6.261110519138242125e-01 -1.365716144026691836e-01 -5.607706720983856030e-01 -7.717949262324736992e-01 9.062857707292550913e-01
9.501765225422786898e-03 6.214433214290693286e-01 3.018647690217903801e-01 -2.167018521733439229e-01 4.021332029757331838e-01 -4.446132068011365845e-01 -5.375809074956805489e-02 -4.877802951457965719e-01 -4.188914244881516424e-01 2.563063130281761914e-02 -4.182241481584583198e-01 3.143956088817958516e-01 2.691695557383013693e-01 -6.993681566871146060e-02 1.979617212241464586e-01 1.019395060436067979e-01 3.626544813745908868e-01 2.818495934059228603e-02 1.216586981714442572e-01 2.505287076548938785e-01 -8.895862179343794196e-02 5.895801079691409541e-02 -1.104459715990060431e-01 -2.199246386249456009e-01 -4.756113487110269489e-02 -2.592576510407980095e-01 6.288578748313966571e-02 -2.688362004586792864e-01 -2.911163243134069489e-01 2.670960424441659598e-01
-1.621383361131734091e-01 1.985249975372198605e-01 9.550183149025315288e-02 -3.197028883221264550e-02 -8.391104517812664199e-02 -2.152304909563440560e-01 4.624024942933147031e-02 -3.414242122813107017e-01 -3.165192134730432372e-02 -7.079439987495561581e-02 7.651342929477777943e-03 2.503560724387057235e-01 -6.993681566871146060e-02 2.919857330471700152e-01 -5.168038088680759756e-02 -2.060595054916802837e-02 1.536270755445912073e-01 -1.690383681072376021e-01 1.046822598181620378e-01 -1.950111991637299980e-01 3.525385202976849541e-03 2.386014228297312911e-01 -1.339811001754469544e-01 -1.412343477477406850e-02 -3.582885475151442733e-02 -7.567326480909741804e-03 -4.319705103608839636e-02 1.751579720973950316e-03 1.101073267295760161e-01 1.755397666021281111e-01
3.222488755341146316e-03 6.692388863272640265e-01 4.173011149301260048e-01 -1.405233808915795635e-01 4.398286622280238589e-01 -4.932691518603178338e-01 -3.751414090402249712e-02 -5.589684686628402233e-01 -4.954913054940561778e-01 -2.738120067328964069e-02 -5.166632740652516986e-01 4.422455957135298377e-01 1.979617212241464586e-01 -5.168038088680759756e-02 3.732042697274664533e-01 1.104267996182670686e-01 4.816199666800571322e-01 4.869915722161977101e-02 8.802887787766167094e-02 1.786072198271426714e-01 -1.727416573455116122e-01 5.278458751649850456e-02 -2.040253734759858162e-01 -3.068612504389989226e-01 -7.961536866707774607e-02 -2.569375093340227068e-01 -1.442520537068503472e-03 -1.673900816997502261e-01 -1.810225669404985638e-01 1.883532911703014179e-01
2.763394212257708205e-02 1.115803190795645605e-01 -2.860098146134077979e-01 -1.206517810470586483e-01 -1.779194098405127988e-01 -3.187347840201937288e-01 -1.178532879239924114e-01 -2.479257471146070202e-01 1.270205147505976129e-02 -4.347172716279601445e-03 8.004936891217084849e-02 1.472430912266986525e-01 1.019395060436067979e-01 -2.060595054916802837e-02 1.104267996182670686e-01 2.927911809721592817e-01 -6.956909511018238845e-03 1.100838924578226852e-01 2.458838614256819710e-01 -6.935357471945735597e-03 -3.041724947991042427e-02 7.239860343298687440e-02 4.513946143055136417e-02 3.591312874198138161e-02 -1.426132612851347403e-01 2.866528230998710569e-02 8.839336272615128109e-02 -3.551790474206200088e-01 1.949077247653576705e-01 1.303990044940519510e-01
-1.353821995120370048e-01 1.730584486226234731e+00 1.200866173110000545e+00 -3.141705138331758462e-01 1.050103377104392166e+00 -1.092003058412558403e+00 1.128413313944065521e-02 -1.475468182506972425e+00 -1.114651066487283515e+00 -1.355194969956983186e-01 -1.219690134290260630e+00 1.100038429565927345e+00 3.626544813745908868e-01 1.536270755445912073e-01 4.816199666800571322e-01 -6.956909511018238845e-03 1.222199393517087174e+00 -1.577918872135910533e-01 1.876694267976688479e-01 3.680631506470604108e-01 -2.597994338642024559e-01 3.707023786232070961e-01 -5.518615088541878322e-01 -7.230015411415706694e-01 -4.359971023808384416e-02 -6.824947226718904858e-01 -5.834230275058871484e-02 -2.966815249527030574e-01 -5.950610886693539214e-01 6.230590056877076677e-01
1.917673401151773760e-01 -4.128596350558950689e-01 -3.601139811343045949e-01 7.670197301490588870e-02 -2.094292376247608445e-01 1.897206195178000598e-01 -5.777978759886082116e-02 3.148826470545600387e-01 1.736057677907183461e-01 1.528730036284287053e-02 1.628637342425918177e-01 -2.471018351467364482e-01 2.818495934059228603e-02 -1.690383681072376021e-01 4.869915722161977101e-02 1.100838924578226852e-01 -1.577918872135910533e-01 2.872252320039763163e-01 5.051067697334588047e-02 4.819763991918080137e-03 4.025714328741969439e-02 -1.321170710586727637e-01 1.355765861789848259e-01 9.580463665042771026e-02 -8.573384322849619821e-02 1.025318510221495671e-01 8.611959359313914320e-03 -1.969052170062468576e-01 2.284451666811833093e-01 -2.367101348896198942e-01
-1.447262885303075564e-01 1.323140602112289343e-01 -2.143766820398411710e-01 -1.799593705093229801e-01 -2.507650283928342105e-01 -4.086425997205935801e-01 -6.603433025901495057e-02 -4.163466652962029002e-01 -5.922603984365082397e-02 -2.950555303453938905e-02 7.799818341391073773e-02 1.933470110682833365e-01 1.216586981714442572e-01 1.046822598181620378e-01 8.802887787766167094e-02 2.458838614256819710e-01 1.876694267976688479e-01 5.051067697334588047e-02 3.978721425168600945e-01 -1.035781786646907676e-01 2.369777852666743456e-02 3.297161848826988262e-01 -5.581690991016330372e-02 3.335935325793570883e-03 -1.998449564885618202e-01 -2.212208762207978907e-02 7.604999532310330324e-02 -4.750565211877528782e-01 3.459644384390969662e-01 2.472743010682734166e-01
2.123753722768810803e-01 8.908776561546574158e-01 6.437766241427311797e-01 -1.504033109952160885e-01 8.319295435057938448e-01 -3.712113936298351291e-01 -8.374505308455582053e-02 -4.529566212520990121e-01 -5.706570158557724426e-01 6.671560901679640665e-03 -7.347445955824127850e-01 4.023190530380134078e-01 2.505287076548938785e-01 -1.950111991637299980e-01 1.786072198271426714e-01 -6.935357471945735597e-03 3.680631506470604108e-01 4.819763991918080137e-03 -1.035781786646907676e-01 5.867933054725540387e-01 -1.276623321614351880e-01 -1.783740129101545335e-01 -8.006960916713978804e-02 -3.460132571586314043e-01 1.514543782245141301e-01 -4.067975053305872279e-01 -1.031246554828157969e-02 -9.798932585238162574e-02 -8.080843874612355648e-01 1.963315334082835761e-01
-8.611282360965333282e-02 -5.893684898838387198e-01 -3.317079383629675249e-01 6.644854650829756793e-02 -3.600977700381235991e-01 3.551113335178115449e-01 6.317504145113161940e-02 4.328982662224234446e-01 3.054183549893991767e-01 3.569878514787205859e-02 3.779699325974092972e-01 -3.974172792622994166e-01 -8.895862179343794196e-02 3.525385202976849541e-03 -1.727416573455116122e-01 -3.041724947991042427e-02 -2.597994338642024559e-01 4.025714328741969439e-02 2.369777852666743456e-02 -1.276623321614351880e-01 1.751773360143715763e-01 4.340067113531631549e-02 7.197319652300393500e-02 2.013622494147853104e-01 -2.904649765685007878e-02 1.639793470128552144e-01 -2.804540570252811449e-03 2.116199953263731004e-03 2.865812397948275247e-01 -1.726555919361771885e-01
-3.929432290181011922e-01 2.840650940352702492e-01 8.853486417746125881e-02 -1.824889704508905197e-01 -1.627166820067031949e-01 -4.027219166391660110e-01 4.802592440944408736e-02 -5.464892049563445653e-01 -1.701959990593877592e-01 -5.788438288863062553e-02 -3.016097895817893004e-02 2.607754611560437752e-01 5.895801079691409541e-02 2.386014228297312911e-01 5.278458751649850456e-02 7.239860343298687440e-02 3.707023786232070961e-01 -1.321170710586727637e-01 3.297161848826988262e-01 -1.783740129101545335e-01 4.340067113531631549e-02 5.480496851622547183e-01 -2.298882573594482892e-01 -1.169189592924908538e-01 -1.453541033689305095e-01 -9.127050874593578556e-02 1.314679910962013309e-02 -2.784767633914384533e-01 3.455313692584809360e-01 3.633096336687344774e-01
3.212989414309959102e-01 -6.672021822351439369e-01 -6.108417951962792358e-01 1.091363357739965068e-01 -4.070948380763752539e-01 3.830734619672853114e-01 -1.370485234081684212e-01 5.687204975507142990e-01 4.938636708989179169e-01 6.981453809396498400e-02 4.534147889744986060e-01 -3.842586532515497311e-01 -1.104459715990060431e-01 -1.339811001754469544e-01 -2.040253734759858162e-01 4.513946143055136417e-02 -5.518615088541878322e-01 1.355765861789848259e-01 -5.581690991016330372e-02 -8.006960916713978804e-02 7.197319652300393500e-02 -2.298882573594482892e-01 4.271244687103035176e-01 3.279064552239674413e-01 2.844549344288793691e-02 3.014123160513690891e-01 3.776049883447285538e-02 -4.063521902708089328e-02 8.953695013002516134e-02 -2.510256650984956650e-01
4.705969931967501907e-02 -1.223922671747800450e+00 -8.684691187452244776e-01 1.671106699635060977e-01 -8.149248228614283107e-01 6.520192628773884280e-01 -4.850057117664619000e-03 9.023582144485544632e-01 7.385229057161382116e-01 8.790089216910246250e-02 8.679769443894542746e-01 -7.133516087336602141e-01 -2.199246386249456009e-01 -1.412343477477406850e-02 -3.068612504389989226e-01 3.591312874198138161e-02 -7.230015411415706694e-01 9.580463665042771026e-02 3.335935325793570883e-03 -3.460132571586314043e-01 2.013622494147853104e-01 -1.169189592924908538e-01 3.279064552239674413e-01 5.286372783410797638e-01 -6.667724800939822671e-02 4.719765586030462146e-01 4.682642165806782941e-02 6.704889415635761907e-02 5.517674292048013740e-01 -3.744891009934008252e-01
-1.122844524092556640e-01 1.460069598015252268e-01 3.527204559774190784e-01 -5.356049373034466043e-02 3.063310755376846828e-01 1.496343566528253177e-01 4.516595196423622838e-02 1.194314573914425637e-01 -9.904777237329653872e-02 8.532953569897472335e-04 -1.543073374473920012e-01 -2.280298342094511099e-02 -4.756113487110269489e-02 -3.582885475151442733e-02 -7.961536866707774607e-02 -1.426132612851347403e-01 -4.359971023808384416e-02 -8.573384322849619821e-02 -1.998449564885618202e-01 1.514543782245141301e-01 -2.904649765685007878e-02 -1.453541033689305095e-01 2.844549344288793691e-02 -6.667724800939822671e-02 3.291990019069430673e-01 -9.220565989062379231e-02 -1.007099349887425888e-01 3.260009051726910911e-01 -4.257254235667460307e-01 -1.871752809188365063e-02
1.076413599815850830e-01 -1.174369497498901183e+00 -8.822777785140374363e-01 2.244384795391169973e-01 -8.408341939401111631e-01 6.160867496765831675e-01 -3.295614870842200617e-02 8.306207163429348839e-01 7.642250798186864813e-01 4.642341321994081227e-02 8.247135110258909663e-01 -6.261110519138242125e-01 -2.592576510407980095e-01 -7.567326480909741804e-03 -2.569375093340227068e-01 2.866528230998710569e-02 -6.824947226718904858e-01 1.025318510221495671e-01 -2.212208762207978907e-02 -4.067975053305872279e-01 1.639793470128552144e-01 -9.127050874593578556e-02 3.014123160513690891e-01 4.719765586030462146e-01 -9.220565989062379231e-02 5.273088107704211325e-01 1.981803885252020336e-02 9.064307385040137888e-02 6.280075416601107463e-01 -3.732880562283185100e-01
-8.592063389761506187e-02 -1.028704023197519746e-01 -9.310749080611913087e-02 -5.295628053681866731e-02 -7.205497338208033398e-02 1.151936631350736207e-02 1.473282039188461567e-02 7.257319488553548581e-02 -4.257498622393995902e-03 4.227740449243810872e-02 1.059600298100917826e-01 -1.365716144026691836e-01 6.288578748313966571e-02 -4.319705103608839636e-02 -1.442520537068503472e-03 8.839336272615128109e-02 -5.834230275058871484e-02 8.611959359313914320e-03 7.604999532310330324e-02 -1.031246554828157969e-02 -2.804540570252811449e-03 1.314679910962013309e-02 3.776049883447285538e-02 4.682642165806782941e-02 -1.007099349887425888e-01 1.981803885252020336e-02 1.685200517709404266e-01 -5.789736315063009897e-02 5.066460348473356134e-02 2.706593230982434761e-03
-4.168438027357410647e-01 -5.906484395774782570e-01 4.514843311008007731e-01 1.283238039962384391e-01 1.676465571830476620e-01 8.055366736254541138e-01 2.686665025129286732e-01 8.563676412551899375e-01 8.455108628498919643e-02 3.140130079452774226e-02 1.615978810629599138e-01 -5.607706720983856030e-01 -2.688362004586792864e-01 1.751579720973950316e-03 -1.673900816997502261e-01 -3.551790474206200088e-01 -2.966815249527030574e-01 -1.969052170062468576e-01 -4.750565211877528782e-01 -9.798932585238162574e-02 2.116199953263731004e-03 -2.784767633914384533e-01 -4.063521902708089328e-02 6.704889415635761907e-02 3.260009051726910911e-01 9.064307385040137888e-02 -5.789736315063009897e-02 1.039998734544894887e+00 -2.520535600120865638e-01 -4.277697264597009053e-01
-2.021303056760643813e-01 -1.692182309070972224e+00 -1.393144777138275003e+00 2.665806458343809027e-01 -1.571360565417251109e+00 5.755554547599217585e-01 2.814536269772816013e-02 7.975139048895698579e-01 9.924876418884309714e-01 -1.010462429081826485e-02 1.265847351845422963e+00 -7.717949262324736992e-01 -2.911163243134069489e-01 1.101073267295760161e-01 -1.810225669404985638e-01 1.949077247653576705e-01 -5.950610886693539214e-01 2.284451666811833093e-01 3.459644384390969662e-01 -8.080843874612355648e-01 2.865812397948275247e-01 3.455313692584809360e-01 8.953695013002516134e-02 5.517674292048013740e-01 -4.257254235667460307e-01 6.280075416601107463e-01 5.066460348473356134e-02 -2.520535600120865638e-01 1.775673676730946227e+00 -3.395389491498690404e-01
-8.737055765720924683e-02 1.421890622837565843e+00 4.574035746592244323e-01 -3.414292569441386149e-01 4.816245825122678070e-01 -1.045669013682413606e+00 -1.002542643152537494e-01 -1.289330126609399940e+00 -5.938396423341032460e-01 -3.253805682589927528e-02 -6.452645727247272589e-01 9.062857707292550913e-01 2.670960424441659598e-01 1.755397666021281111e-01 1.883532911703014179e-01 1.303990044940519510e-01 6.230590056877076677e-01 -2.367101348896198942e-01 2.472743010682734166e-01 1.963315334082835761e-01 -1.726555919361771885e-01 3.633096336687344774e-01 -2.510256650984956650e-01 -3.744891009934008252e-01 -1.871752809188365063e-02 -3.732880562283185100e-01 2.706593230982434761e-03 -4.277697264597009053e-01 -3.395389491498690404e-01 8.686186290747173189e-01
