6.468683918647229802e+00 4.304260739357971488e+00 2.312659996724562461e+00 1.506687897376878027e+00 -2.707269136558920763e-01 -7.841580609385800926e-02 -1.007551598795885184e+00 -1.021626657180036091e+00 6.417705019820232337e-01 -8.482386703955171470e-01 -2.118159772447086198e+00 4.139705720733672933e-01 -1.131154495123382731e+00 -2.879318465293749796e-01 -1.094876942660221175e+00 -2.063206654745101787e+00 -4.565202902315377287e-01 -5.511200810847753928e-01 -2.239249042251685751e+00 1.246363359516919900e+00 2.565968656938366621e-02 -1.569563446209372160e+00 9.256952414101533577e-01 6.772760802527955093e-02 6.524679706561187231e-01 -1.482205973011900824e-01 -6.148326785902327174e-01 2.311230342566545914e-01 -2.173132719476257080e+00 -1.122541947918534788e+00
4.304260739357971488e+00 4.949700196378501005e+00 2.095853079638800409e+00 8.712166635044127361e-01 -1.189740220278281413e-01 -7.470028872368175143e-01 -7.872620634869349487e-01 -1.843193569601453419e+00 2.582832607281488890e-01 -6.621004249712427736e-01 -2.180723979460651663e+00 7.661017387782180776e-01 -5.628705483727003411e-01 -3.111506268029415878e-01 -9.806213495510860412e-01 -1.384621463673397557e+00 -1.179155630208015282e-01 -3.575269778143024269e-01 -1.333790156821947903e+00 1.101904632206526458e+00 7.060763776888734355e-02 -9.774381405648568943e-01 6.186802199707130967e-01 -1.130910028915650400e-01 5.328969146091253606e-01 -2.748028004410798530e-01 -5.201906241829874489e-01 -2.910111223854983109e-04 -1.823524751077513884e+00 -4.724116622120391185e-01
2.312659996724562461e+00 2.095853079638800409e+00 3.431636182707620719e+00 7.022178345279144196e-01 8.066748802008874009e-01 1.113743074238300323e-01 -5.387059102657758558e-01 -4.882223646973784525e-01 -5.250622423133108896e-01 -4.115975827281772581e-01 -1.584773390616589950e+00 -2.001534410570116052e-01 -4.797442310308497326e-01 5.564384069208472283e-02 -5.547984580774141250e-01 -1.609245121695892067e+00 4.986452990534644414e-01 -9.941373785784435313e-01 -1.345112012615004460e+00 1.069138364850402922e+00 -1.081351203775398062e-01 -1.456957919314731953e-01 -3.481702338081049675e-02 -2.881637899789097901e-01 8.942966387986075461e-01 -7.139294923111947355e-01 -2.741343605492261304e-01 6.209259913062510350e-01 -1.704213774520610514e+00 -5.984267275861725466e-01
1.506687897376878027e+00 8.712166635044127361e-01 7.022178345279144196e-01 5.426261724414871424e-01 7.019198421573946689e-03 1.264037385390111012e-01 -2.560099636481254493e-01 -9.108717327217163984e-02 1.969719104781120222e-01 -2.120394167686754372e-01 -5.029414156070970421e-01 -3.888330672509709984e-03 -3.405776949942378451e-01 -6.137878337619895319e-02 -2.801542958210347933e-01 -6.089549462896570731e-01 -1.180601324322765322e-01 -2.180985310421306167e-01 -6.420017586443691471e-01 3.155831106674895636e-01 -1.022895937893508744e-02 -3.721952449184300349e-01 2.105862472241142314e-01 1.948271600923590086e-02 2.279477722528895356e-01 -6.289243528470933597e-02 -1.720358508471235837e-01 1.545180957599541216e-01 -5.680451051667887441e-01 -3.606711439986156620e-01
-2.707269136558920763e-01 -1.189740220278281413e-01 8.066748802008874009e-01 7.019198421573946689e-03 9.458899510117930731e-01 2.153437630018970594e-01 -1.353101307678343801e-01 5.310886180205898199e-02 -5.493948298581017298e-01 8.588255333563665772e-02 -6.165156345296054496e-01 -5.554879521690736510e-02 1.915031704623970654e-01 -5.647391487076447447e-02 6.051041725072536792e-02 -3.290257922348018838e-01 3.371046488095998939e-01 -3.963356542046767572e-01 -2.673050357770705432e-01 4.539394804086214208e-01 -9.886441088218589357e-02 1.543567034171928753e-01 -1.814137691103496763e-01 -1.683311028407956655e-01 3.003625583809821364e-01 -3.324835079797594517e-01 9.886395673913739301e-02 2.632451764259826632e-01 -4.841818457230715467e-01 8.708145669294253821e-02
-7.841580609385800926e-02 -7.470028872368175143e-01 1.113743074238300323e-01 1.264037385390111012e-01 2.153437630018970594e-01 7.474223057063795750e-01 -2.994292702362599812e-02 6.591968268148775678e-01 -6.519269022982143724e-02 4.184691379060723193e-02 -1.363285344666564924e-03 -4.542282466965730237e-01 -4.759056566092567664e-02 -1.332010765452196210e-03 -6.588938540517119691e-03 -3.341642821010282205e-01 3.798900213899969458e-02 -2.832612433812755626e-01 -2.754389816144282577e-01 1.329271980972634992e-01 -1.188016679969905454e-02 1.105573355193882890e-01 -1.174581276677599817e-01 3.015181602404481964e-02 1.754225192364629038e-01 -1.079758230700349486e-01 8.921521429800804981e-02 3.113217654558866343e-01 -7.032451285243723760e-02 -1.570131031858750248e-01
-1.007551598795885184e+00 -7.872620634869349487e-01 -5.387059102657758558e-01 -2.560099636481254493e-01 -1.353101307678343801e-01 -2.994292702362599812e-02 3.461696016462383341e-01 2.134489450942851363e-01 -1.162410696858842130e-01 1.581787943956669551e-01 5.641384425858291252e-01 -4.576460450874719754e-02 1.309549389661128771e-01 8.151410118239255098e-02 3.065460987276651394e-01 4.280770506676390141e-01 1.470971669476739407e-02 2.040168460844142828e-01 3.752530732008381165e-01 -3.757328638756121109e-01 -2.512761994739776128e-02 1.717298815937624568e-01 -1.622882591310599310e-01 1.971905984612476459e-02 -2.318668629062017317e-01 7.790990340163261862e-02 6.606093934578893823e-02 -1.149343936074274097e-01 5.088725142904308996e-01 1.594394848888214256e-01
-1.021626657180036091e+00 -1.843193569601453419e+00 -4.882223646973784525e-01 -9.108717327217163984e-02 5.310886180205898199e-02 6.591968268148775678e-01 2.134489450942851363e-01 1.125069741280299240e+00 6.944177120885797194e-03 2.447734646693220384e-01 7.801822785061744980e-01 -6.168233914367533544e-01 8.404364818233034384e-02 2.801238968004327035e-03 2.818682418092066655e-01 2.151654307352828255e-01 -1.425780091336150690e-01 2.368438364544545038e-02 9.125504470674172808e-02 -2.154568660863560581e-01 -4.796261084612751802e-02 8.731617845398886857e-02 -1.216931383005999123e-01 1.329893610772501233e-01 -3.365465463480177277e-02 3.742673383732153525e-02 1.945848933348770515e-01 2.103651179028247498e-01 3.243324260271833737e-01 -1.462598991019490313e-01
6.417705019820232337e-01 2.582832607281488890e-01 -5.250622423133108896e-01 1.969719104781120222e-01 -5.493948298581017298e-01 -6.519269022982143724e-02 -1.162410696858842130e-01 6.944177120885797194e-03 6.732722902239061114e-01 -9.303073910569992222e-02 2.994704380312214198e-01 2.553316182604703499e-02 -2.198231118840681120e-01 -7.814161424664689548e-02 -2.400331213891604420e-01 7.593226911626516085e-02 -4.338815384921872464e-01 2.652770091630713978e-01 -2.761796715140008018e-02 -1.542058463058424422e-01 9.549116388092215857e-02 -3.337989271856258711e-01 3.464802852928414723e-01 1.840069409278157764e-01 -4.579822363183438938e-02 2.752061053230363541e-01 -1.354893268469936629e-01 -7.836570294108469170e-02 2.923985799321826562e-02 -2.778045789335692461e-01
-8.482386703955171470e-01 -6.621004249712427736e-01 -4.115975827281772581e-01 -2.120394167686754372e-01 8.588255333563665772e-02 4.184691379060723193e-02 1.581787943956669551e-01 2.447734646693220384e-01 -9.303073910569992222e-02 2.014295284398599506e-01 3.463944820667279600e-01 -1.036660148924397618e-01 1.981781952967480720e-01 -2.228604654067112278e-02 2.246849040163283462e-01 3.099024921611999162e-01 -1.212171105964898743e-02 1.211965383927235962e-01 2.458008702219274255e-01 -1.617921552942220842e-01 -1.842126373651353788e-02 9.758367083173880019e-02 -9.162499502309628951e-02 3.582960023908299263e-02 -1.099324605507376873e-01 1.992176395100386799e-02 1.027367967129180215e-01 -4.086218242650829779e-02 2.529535852660274031e-01 1.004201871623990883e-01
-2.118159772447086198e+00 -2.180723979460651663e+00 -1.584773390616589950e+00 -5.029414156070970421e-01 -6.165156345296054496e-01 -1.363285344666564924e-03 5.641384425858291252e-01 7.801822785061744980e-01 2.994704380312214198e-01 3.463944820667279600e-01 1.736243951757955983e+00 -3.206025803095258198e-01 1.932786991586112890e-01 1.015547707255564092e-01 4.913414268423821341e-01 1.123532295475740739e+00 -3.516707205297961991e-01 6.413333546146873232e-01 9.116068499480434184e-01 -9.104414716399560348e-01 1.409880709070421290e-02 1.932812858233319275e-01 -5.361401678067068133e-02 2.288125485875411869e-01 -4.671609673803231999e-01 3.808418366343744310e-01 1.606439777660284562e-01 -2.439696207121642146e-01 1.114141972493939647e+00 7.103815684172332112e-02
4.139705720733672933e-01 7.661017387782180776e-01 -2.001534410570116052e-01 -3.888330672509709984e-03 -5.554879521690736510e-02 -4.542282466965730237e-01 -4.576460450874719754e-02 -6.168233914367533544e-01 2.553316182604703499e-02 -1.036660148924397618e-01 -3.206025803095258198e-01 5.628150481805960226e-01 -2.095505085657123345e-02 6.538028307147669693e-03 -5.781194752654528202e-02 7.880426355211511691e-02 1.397518010827525359e-02 1.125159134463729060e-01 7.199881333431790154e-02 -2.410091131309854973e-02 7.898104256526039535e-03 -9.001270130997340857e-02 9.452147722055315171e-02 -5.151840259782147768e-02 -9.673269474859580441e-02 1.002059787707594296e-01 -1.283698803716788461e-01 -2.037543267877026665e-01 3.573388016405942835e-02 1.833194688310300080e-01
-1.131154495123382731e+00 -5.628705483727003411e-01 -4.797442310308497326e-01 -3.405776949942378451e-01 1.915031704623970654e-01 -4.759056566092567664e-02 1.309549389661128771e-01 8.404364818233034384e-02 -2.198231118840681120e-01 1.981781952967480720e-01 1.932786991586112890e-01 -2.095505085657123345e-02 3.690123796798161493e-01 -4.772774353818931559e-02 2.059322094810909221e-01 3.809614202963302887e-01 1.296674150855778862e-01 1.027301849353534635e-01 4.015255568590134772e-01 -9.206700213360363705e-02 5.253276179701060755e-03 2.374015662081490063e-01 -1.863889208030400368e-01 -3.248730106821540176e-02 -1.556862991972138843e-01 -2.363487086040549912e-02 1.878137929002718920e-01 -9.061580452976158995e-02 3.141968396396919161e-01 2.988716630569001609e-01
-2.879318465293749796e-01 -3.111506268029415878e-01 5.564384069208472283e-02 -6.137878337619895319e-02 -5.647391487076447447e-02 -1.332010765452196210e-03 8.151410118239255098e-02 2.801238968004327035e-03 -7.814161424664689548e-02 -2.228604654067112278e-02 1.015547707255564092e-01 6.538028307147669693e-03 -4.772774353818931559e-02 2.047736929635561864e-01 4.034668949913111646e-02 3.337104102024568419e-02 1.497913782507680480e-01 -4.549605524607613916e-02 1.277645352305114557e-01 -1.740909020283538666e-01 -1.101349601299261849e-03 2.193188707126410009e-01 -1.341658066551758566e-01 -2.858283095719116318e-02 -3.234672429522333914e-02 1.306075272748330462e-02 -2.505526905258648185e-02 -1.029694739565911732e-02 2.039000218375690565e-01 7.718054492147530254e-02
-1.094876942660221175e+00 -9.806213495510860412e-01 -5.547984580774141250e-01 -2.801542958210347933e-01 6.051041725072536792e-02 -6.588938540517119691e-03 3.065460987276651394e-01 2.818682418092066655e-01 -2.400331213891604420e-01 2.246849040163283462e-01 4.913414268423821341e-01 -5.781194752654528202e-02 2.059322094810909221e-01 4.034668949913111646e-02 5.094057202302906262e-01 4.577988130764083508e-01 4.904214997804956511e-02 1.757851482223600215e-01 3.414432748032254494e-01 -3.247378210964484424e-01 -8.452001708144507575e-02 1.753167321153341618e-01 -1.711653096447207645e-01 -4.358264798725031142e-03 -2.229312655972535140e-01 6.245095008625867194e-02 8.156764379538117282e-02 -1.137581379355196987e-01 4.909644094871055131e-01 1.813518443428279170e-01
-2.063206654745101787e+00 -1.384621463673397557e+00 -1.609245121695892067e+00 -6.089549462896570731e-01 -3.290257922348018838e-01 -3.341642821010282205e-01 4.280770506676390141e-01 2.151654307352828255e-01 7.593226911626516085e-02 3.099024921611999162e-01 1.123532295475740739e+00 7.880426355211511691e-02 3.809614202963302887e-01 3.337104102024568419e-02 4.577988130764083508e-01 1.210811283901591651e+00 -1.938192873298589802e-01 6.522657894508938625e-01 1.014274235767999244e+00 -6.798247990631693938e-01 6.312444573666198266e-03 1.914779191766058375e-01 -5.676377659818854227e-02 1.155971363875210045e-01 -4.921195311733583821e-01 3.246705881030038654e-01 2.049014797806876231e-01 -3.712230818451303094e-01 9.473168227455630586e-01 3.517967080438779703e-01
-4.565202902315377287e-01 -1.179155630208015282e-01 4.986452990534644414e-01 -1.180601324322765322e-01 3.371046488095998939e-01 3.798900213899969458e-02 1.470971669476739407e-02 -1.425780091336150690e-01 -4.338815384921872464e-01 -1.212171105964898743e-02 -3.516707205297961991e-01 1.397518010827525359e-02 1.296674150855778862e-01 1.497913782507680480e-01 4.904214997804956511e-02 -1.938192873298589802e-01 5.171840344997917782e-01 -2.853557678497509187e-01 7.635311956778423337e-02 7.474605571610482002e-02 2.465260443386796396e-03 4.552116600272881897e-01 -3.500875985023412795e-01 -2.030396448829492329e-01 3.809148316003074797e-02 -2.077060919319819732e-01 4.913389291340308773e-02 6.648952555559617394e-02 9.113195803161033837e-02 2.710262698039969109e-01
-5.511200810847753928e-01 -3.575269778143024269e-01 -9.941373785784435313e-01 -2.180985310421306167e-01 -3.963356542046767572e-01 -2.832612433812755626e-01 2.040168460844142828e-01 2.368438364544545038e-02 2.652770091630713978e-01 1.211965383927235962e-01 6.413333546146873232e-01 1.125159134463729060e-01 1.027301849353534635e-01 -4.549605524607613916e-02 1.757851482223600215e-01 6.522657894508938625e-01 -2.853557678497509187e-01 5.853899579108485796e-01 4.581541603192533785e-01 -3.954225065530749816e-01 3.633803114405509405e-02 -1.899627366664446981e-01 1.611799536285332124e-01 1.100107552285294332e-01 -3.024191786388144010e-01 2.538539544150353322e-01 -8.135724633916652238e-03 -2.767626821308795115e-01 4.000853627500191578e-01 2.163922716817978653e-04
-2.239249042251685751e+00 -1.333790156821947903e+00 -1.345112012615004460e+00 -6.420017586443691471e-01 -2.673050357770705432e-01 -2.754389816144282577e-01 3.752530732008381165e-01 9.125504470674172808e-02 -2.761796715140008018e-02 2.458008702219274255e-01 9.116068499480434184e-01 7.199881333431790154e-02 4.015255568590134772e-01 1.277645352305114557e-01 3.414432748032254494e-01 1.014274235767999244e+00 7.635311956778423337e-02 4.581541603192533785e-01 1.095056069813864497e+00 -6.261453694878866827e-01 5.933484224922835892e-02 5.159977178642520812e-01 -2.276224958035868440e-01 1.055435998202369774e-02 -4.427403427887384169e-01 2.286898427375376741e-01 2.114569919046971336e-01 -3.239166454700637132e-01 1.019193798772334958e+00 4.952262221496539496e-01
1.246363359516919900e+00 1.101904632206526458e+00 1.069138364850402922e+00 3.155831106674895636e-01 4.539394804086214208e-01 1.329271980972634992e-01 -3.757328638756121109e-01 -2.154568660863560581e-01 -1.542058463058424422e-01 -1.617921552942220842e-01 -9.104414716399560348e-01 -2.410091131309854973e-02 -9.206700213360363705e-02 -1.740909020283538666e-01 -3.247378210964484424e-01 -6.798247990631693938e-01 7.474605571610482002e-02 -3.954225065530749816e-01 -6.261453694878866827e-01 7.384504320324367654e-01 -3.107614349460163794e-03 -2.067587129072308016e-01 5.433872949595297541e-02 -8.680028419115615179e-02 3.519863384655081973e-01 -3.017072567866421196e-01 -4.009324227797606000e-02 2.283892412409613826e-01 -8.216833101508882464e-01 -1.735978649883236358e-01
2.565968656938366621e-02 7.060763776888734355e-02 -1.081351203775398062e-01 -1.022895937893508744e-02 -9.886441088218589357e-02 -1.188016679969905454e-02 -2.512761994739776128e-02 -4.796261084612751802e-02 9.549116388092215857e-02 -1.842126373651353788e-02 1.409880709070421290e-02 7.898104256526039535e-03 5.253276179701060755e-03 -1.101349601299261849e-03 -8.452001708144507575e-02 6.312444573666198266e-03 2.465260443386796396e-03 3.633803114405509405e-02 5.933484224922835892e-02 -3.107614349460163794e-03 7.675951728259633455e-02 3.429703318451515770e-02 -6.129258873102116922e-03 3.558061143792201619e-03 -3.387356580537925765e-02 2.342420009068746367e-02 -2.338999095007920914e-02 -4.320461241053408230e-02 4.656823615590610643e-02 7.880321370464571373e-03
-1.569563446209372160e+00 -9.774381405648568943e-01 -1.456957919314731953e-01 -3.721952449184300349e-01 1.543567034171928753e-01 1.105573355193882890e-01 1.717298815937624568e-01 8.731617845398886857e-02 -3.337989271856258711e-01 9.758367083173880019e-02 1.932812858233319275e-01 -9.001270130997340857e-02 2.374015662081490063e-01 2.193188707126410009e-01 1.753167321153341618e-01 1.914779191766058375e-01 4.552116600272881897e-01 -1.899627366664446981e-01 5.159977178642520812e-01 -2.067587129072308016e-01 3.429703318451515770e-02 8.261502910731053362e-01 -4.573851768051895306e-01 -1.598806917915567283e-01 -8.839464007778019550e-02 -8.263483894569390031e-02 1.344383985363037937e-01 -1.018715843974860036e-02 6.147328440254113957e-01 4.647407250022865810e-01
9.256952414101533577e-01 6.186802199707130967e-01 -3.481702338081049675e-02 2.105862472241142314e-01 -1.814137691103496763e-01 -1.174581276677599817e-01 -1.622882591310599310e-01 -1.216931383005999123e-01 3.464802852928414723e-01 -9.162499502309628951e-02 -5.361401678067068133e-02 9.452147722055315171e-02 -1.863889208030400368e-01 -1.341658066551758566e-01 -1.711653096447207645e-01 -5.676377659818854227e-02 -3.500875985023412795e-01 1.611799536285332124e-01 -2.276224958035868440e-01 5.433872949595297541e-02 -6.129258873102116922e-03 -4.573851768051895306e-01 4.161055000079159072e-01 1.076203355275993090e-01 8.272160707394959900e-02 1.216550715606672384e-01 -8.514421069105537754e-02 -3.692948420149377853e-02 -3.698069474113481192e-01 -2.950887737619041218e-01
6.772760802527955093e-02 -1.130910028915650400e-01 -2.881637899789097901e-01 1.948271600923590086e-02 -1.683311028407956655e-01 3.015181602404481964e-02 1.971905984612476459e-02 1.329893610772501233e-01 1.840069409278157764e-01 3.582960023908299263e-02 2.288125485875411869e-01 -5.151840259782147768e-02 -3.248730106821540176e-02 -2.858283095719116318e-02 -4.358264798725031142e-03 1.155971363875210045e-01 -2.030396448829492329e-01 1.100107552285294332e-01 1.055435998202369774e-02 -8.680028419115615179e-02 3.558061143792201619e-03 -1.598806917915567283e-01 1.076203355275993090e-01 1.373832251029512008e-01 -4.087176978782736114e-02 9.992800174427429738e-02 -6.524006566678508534e-03 -3.567100864148642358e-02 3.049523911738560855e-02 -1.145468461267569182e-01
6.524679706561187231e-01 5.328969146091253606e-01 8.942966387986075461e-01 2.279477722528895356e-01 3.003625583809821364e-01 1.754225192364629038e-01 -2.318668629062017317e-01 -3.365465463480177277e-02 -4.579822363183438938e-02 -1.099324605507376873e-01 -4.671609673803231999e-01 -9.673269474859580441e-02 -1.556862991972138843e-01 -3.234672429522333914e-02 -2.229312655972535140e-01 -4.921195311733583821e-01 3.809148316003074797e-02 -3.024191786388144010e-01 -4.427403427887384169e-01 3.519863384655081973e-01 -3.387356580537925765e-02 -8.839464007778019550e-02 8.272160707394959900e-02 -4.087176978782736114e-02 3.809795367036770131e-01 -1.839641892373151677e-01 -1.073982609187282833e-01 2.593440680464595971e-01 -5.889330245373685102e-01 -2.196932908648250304e-01
-1.482205973011900824e-01 -2.748028004410798530e-01 -7.139294923111947355e-01 -6.289243528470933597e-02 -3.324835079797594517e-01 -1.079758230700349486e-01 7.790990340163261862e-02 3.742673383732153525e-02 2.752061053230363541e-01 1.992176395100386799e-02 3.808418366343744310e-01 1.002059787707594296e-01 -2.363487086040549912e-02 1.306075272748330462e-02 6.245095008625867194e-02 3.246705881030038654e-01 -2.077060919319819732e-01 2.538539544150353322e-01 2.286898427375376741e-01 -3.017072567866421196e-01 2.342420009068746367e-02 -8.263483894569390031e-02 1.216550715606672384e-01 9.992800174427429738e-02 -1.839641892373151677e-01 2.660800805755911824e-01 -1.026777979586768197e-02 -1.498455804467084818e-01 2.976331396257023698e-01 1.710410292287178891e-02
-6.148326785902327174e-01 -5.201906241829874489e-01 -2.741343605492261304e-01 -1.720358508471235837e-01 9.886395673913739301e-02 8.921521429800804981e-02 6.606093934578893823e-02 1.945848933348770515e-01 -1.354893268469936629e-01 1.027367967129180215e-01 1.606439777660284562e-01 -1.283698803716788461e-01 1.878137929002718920e-01 -2.505526905258648185e-02 8.156764379538117282e-02 2.049014797806876231e-01 4.913389291340308773e-02 -8.135724633916652238e-03 2.114569919046971336e-01 -4.009324227797606000e-02 -2.338999095007920914e-02 1.344383985363037937e-01 -8.514421069105537754e-02 -6.524006566678508534e-03 -1.073982609187282833e-01 -1.026777979586768197e-02 2.743592410016617578e-01 -1.314220098294072159e-02 1.775238553777285233e-01 1.309012055395442076e-01
2.311230342566545914e-01 -2.910111223854983109e-04 6.209259913062510350e-01 1.545180957599541216e-01 2.632451764259826632e-01 3.113217654558866343e-01 -1.149343936074274097e-01 2.103651179028247498e-01 -7.836570294108469170e-02 -4.086218242650829779e-02 -2.439696207121642146e-01 -2.037543267877026665e-01 -9.061580452976158995e-02 -1.029694739565911732e-02 -1.137581379355196987e-01 -3.712230818451303094e-01 6.648952555559617394e-02 -2.767626821308795115e-01 -3.239166454700637132e-01 2.283892412409613826e-01 -4.320461241053408230e-02 -1.018715843974860036e-02 -3.692948420149377853e-02 -3.567100864148642358e-02 2.593440680464595971e-01 -1.498455804467084818e-01 -1.314220098294072159e-02 3.067542286924549444e-01 -3.271560207496690964e-01 -1.675888673454437594e-01
-2.173132719476257080e+00 -1.823524751077513884e+00 -1.704213774520610514e+00 -5.680451051667887441e-01 -4.841818457230715467e-01 -7.032451285243723760e-02 5.088725142904308996e-01 3.243324260271833737e-01 2.923985799321826562e-02 2.529535852660274031e-01 1.114141972493939647e+00 3.573388016405942835e-02 3.141968396396919161e-01 2.039000218375690565e-01 4.909644094871055131e-01 9.473168227455630586e-01 9.113195803161033837e-02 4.000853627500191578e-01 1.019193798772334958e+00 -8.216833101508882464e-01 4.656823615590610643e-02 6.147328440254113957e-01 -3.698069474113481192e-01 3.049523911738560855e-02 -5.889330245373685102e-01 2.976331396257023698e-01 1.775238553777285233e-01 -3.271560207496690964e-01 1.468058005452746784e+00 5.639277835862799293e-01
-1.122541947918534788e+00 -4.724116622120391185e-01 -5.984267275861725466e-01 -3.606711439986156620e-01 8.708145669294253821e-02 -1.570131031858750248e-01 1.594394848888214256e-01 -1.462598991019490313e-01 -2.778045789335692461e-01 1.004201871623990883e-01 7.103815684172332112e-02 1.833194688310300080e-01 2.988716630569001609e-01 7.718054492147530254e-02 1.813518443428279170e-01 3.517967080438779703e-01 2.710262698039969109e-01 2.163922716817978653e-04 4.952262221496539496e-01 -1.735978649883236358e-01 7.880321370464571373e-03 4.647407250022865810e-01 -2.950887737619041218e-01 -1.145468461267569182e-01 -2.196932908648250304e-01 1.710410292287178891e-02 1.309012055395442076e-01 -1.675888673454437594e-01 5.639277835862799293e-01 6.441217208632110669e-01
