1.478113042098698315e+00 2.892258001963341485e-01 -4.777047385699120241e-01 3.277039060178594809e-01 6.642041393433828489e-02 -3.542248060512065422e-02 -4.225615413129162334e-01 -1.447852813808481187e-01 3.795078992453113642e-01 -4.581416880870392561e-02 -2.288963332235312009e-01 3.703597997616725479e-01 -7.411122853739016136e-03 -2.493833134705027987e-01 -1.110139587337357625e-01 -2.962937698947598619e-02 -3.691940458921862955e-01 2.197253961767273722e-01 -3.047827779647036550e-01 2.500448580896090789e-01 -6.168493384484463604e-02 -6.038891921473350521e-01 4.684543328100403414e-01 4.787547428639982172e-02 -8.491177500110325127e-02 1.892348036710700399e-01 -8.932472561724580373e-02 -3.068214710199299589e-01 -2.711212599657528699e-01 -2.423139559510900654e-01
2.892258001963341485e-01 3.154482018092664930e+00 1.511926729138053815e+00 -1.355687052275698079e-01 1.218057327066162543e+00 -2.244738290674774817e+00 6.899679404796188464e-03 -3.285414558446973388e+00 -1.731193097801963177e+00 -3.157464256619277876e-01 -2.332249002780201863e+00 2.003541880123293595e+00 6.895662234961719150e-01 7.346396738580551755e-02 4.519934155568421374e-01 -4.225823101609194055e-02 1.418487359987864238e+00 -1.592640038201125208e-01 -1.149278866272993582e-01 1.320819878074360076e+00 -1.696242717969767000e-01 -2.510535396993418544e-02 5.377065099025912787e-03 -7.000512723066094622e-01 2.154381481747122962e-01 -4.457786126414475802e-01 -3.671043104111504363e-02 -5.675212198740382519e-01 -1.127251556646513109e+00 1.074115184810125356e+00
-4.777047385699120241e-01 1.511926729138053815e+00 1.729451228869493207e+00 -1.853739574592054851e-01 1.238518627514281434e+00 -1.049787846860567697e+00 2.660699081911275243e-01 -1.484422371358334658e+00 -1.602906104133865028e+00 -1.706706373564088608e-01 -1.574696777287215355e+00 8.294493172097077149e-01 2.927268755394720756e-01 2.126773990925130420e-01 4.064257720345381131e-01 -3.665673505910262975e-01 1.260517507419251615e+00 -3.098515549885973996e-01 -2.676044623653410781e-01 8.549796239900615547e-01 -1.076042857491756877e-01 1.316757524606941843e-01 -3.459746755360697534e-01 -5.337965668173865197e-01 3.919160459360568893e-01 -5.371593176175224471e-01 7.514186921417831400e-02 3.855315077049112915e-01 -1.136367030159192382e+00 5.634750146828650941e-01
3.277039060178594809e-01 -1.355687052275698079e-01 -1.853739574592054851e-01 2.920407282015275996e-01 -9.685295821611816791e-02 1.926400607686105104e-01 -6.723239682776238624e-02 1.855034363355230198e-01 2.747793522003689759e-01 -4.307518562131917861e-02 9.292265549714784356e-02 -3.435204676918601763e-03 -1.531375722180996490e-01 -3.039193771337522776e-02 -8.781950569425589492e-02 -7.115724631876219064e-02 -1.916837554122139409e-01 3.832368670845198722e-02 -1.273451013005342247e-01 -1.098995037083341231e-01 -2.079589103675516526e-02 -1.545000061148016357e-01 5.807376442413669793e-02 3.855508064725654549e-02 -4.896817392682351056e-02 1.134108792534789245e-01 -6.088564956655773130e-02 4.567140998153718101e-02 1.144873403002293344e-01 -1.859886642625951936e-01
6.642041393433828489e-02 1.218057327066162543e+00 1.238518627514281434e+00 -9.685295821611816791e-02 1.198716744620583086e+00 -6.873446497817781164e-01 1.171153241816114132e-01 -9.534098379827469216e-01 -1.211465598956863232e+00 -6.779678449458970135e-02 -1.365313632446827796e+00 5.755448178940127946e-01 2.928998534335391923e-01 -4.514635486282259080e-02 3.241173001795800701e-01 -3.220499924141790871e-01 8.351452070747313883e-01 -1.196316581816176949e-01 -4.155609370167212546e-01 9.318554561007204029e-01 -1.039153836847503953e-01 -2.450964961667523312e-01 -9.442289105766121793e-02 -4.433218853944254079e-01 3.467323382125186981e-01 -4.460875075641865806e-01 1.044661599001415198e-01 3.241876174880644612e-01 -1.279396706652050852e+00 3.230307454575722659e-01
-3.542248060512065422e-02 -2.244738290674774817e+00 -1.049787846860567697e+00 1.926400607686105104e-01 -6.873446497817781164e-01 1.952085984784503125e+00 3.413490371383431921e-02 2.637572452348820207e+00 1.308163553932274681e+00 2.621771235052960947e-01 1.582056541334509348e+00 -1.620702358161395296e+00 -5.641775837317482001e-01 -1.590186707784937425e-01 -4.288227677661211601e-01 -1.624206423255714071e-01 -1.165550662102930346e+00 1.090140108008768038e-01 -1.934549663461950786e-01 -8.182355597749619847e-01 1.189621628223562766e-01 -2.143442625339275764e-01 5.098525204664383637e-02 5.030725755073603978e-01 7.354663398473348934e-04 3.120465432529613281e-01 2.965872494507948431e-02 6.801324499396059764e-01 4.922315615627326224e-01 -9.216406267405545805e-01
-4.225615413129162334e-01 6.899679404796188464e-03 2.660699081911275243e-01 -6.723239682776238624e-02 1.171153241816114132e-01 3.413490371383431921e-02 2.503038876107552824e-01 1.772084772773041550e-02 -2.318283386150596925e-01 1.805049624420007603e-02 -4.605063140098764052e-02 -1.090523967431522578e-01 5.830952057351623807e-03 7.540295093906479451e-02 6.394169657141901553e-02 -7.566287045295894131e-02 1.869560151458244945e-01 -6.478516661792355080e-02 2.839847365407877078e-04 -1.354341558175065074e-02 1.600905955302778239e-02 1.111587818660382254e-01 -1.946035343507332982e-01 -5.496270181299678370e-02 2.050750780216503699e-02 -1.131036936355940270e-01 4.221966227851225995e-02 1.593208389265328151e-01 -3.679463254542270079e-02 3.824459986776673759e-02
-1.447852813808481187e-01 -3.285414558446973388e+00 -1.484422371358334658e+00 1.855034363355230198e-01 -9.534098379827469216e-01 2.637572452348820207e+00 1.772084772773041550e-02 3.810445710127453367e+00 1.759969877731180077e+00 4.156228775329395830e-01 2.307619316187128788e+00 -2.325669082696890655e+00 -7.044670878899523814e-01 -2.791636730352706763e-01 -4.884311384134889522e-01 -9.910598441115325841e-02 -1.613174928019816434e+00 2.247893897806534369e-01 -1.784425225013137606e-01 -1.104451011450635178e+00 1.541163506169027642e-01 -3.188100347559839065e-01 9.211897795296408731e-02 6.895088571085352669e-01 -5.052001558334495712e-02 3.854610235938480400e-01 1.015804289239667924e-01 8.772830934447597429e-01 6.399733090586892104e-01 -1.269012558212978092e+00
3.795078992453113642e-01 -1.731193097801963177e+00 -1.602906104133865028e+00 2.747793522003689759e-01 -1.211465598956863232e+00 1.308163553932274681e+00 -2.318283386150596925e-01 1.759969877731180077e+00 1.736838442295265850e+00 1.529679337232323633e-01 1.675303702122221239e+00 -9.495949074841973925e-01 -4.780534656464396903e-01 -1.293133327775422003e-01 -5.401741782854401208e-01 1.966912683635655412e-01 -1.367887092923922410e+00 1.734265533747247900e-01 1.275717248988144092e-01 -9.913641297269464303e-01 1.056005427819854958e-01 -1.413169447231155118e-01 2.994718926644281964e-01 6.067015906542678749e-01 -2.358482489954667471e-01 6.008754295228868614e-01 -1.221964727535009843e-01 -4.447313492738658169e-02 1.095601875674162784e+00 -7.158554786247464108e-01
-4.581416880870392561e-02 -3.157464256619277876e-01 -1.706706373564088608e-01 -4.307518562131917861e-02 -6.779678449458970135e-02 2.621771235052960947e-01 1.805049624420007603e-02 4.156228775329395830e-01 1.529679337232323633e-01 1.263714991137590005e-01 2.455927739200660653e-01 -2.940953355109172662e-01 -1.810181786765951983e-03 -6.909292781460862898e-02 -2.235237698954506413e-02 1.830788116137682664e-03 -1.842625532035526703e-01 7.933175476750875532e-03 -3.496555398885448085e-02 -7.405708629704577106e-02 1.187008960170032879e-02 -6.287893468328320523e-02 1.518466480871438762e-02 9.191420292245311430e-02 -2.650874628250221576e-02 2.794919524404804179e-02 5.958411957050202545e-02 6.879868625975404939e-02 6.608682748606042878e-03 -9.932981765985005040e-02
-2.288963332235312009e-01 -2.332249002780201863e+00 -1.574696777287215355e+00 9.292265549714784356e-02 -1.365313632446827796e+00 1.582056541334509348e+00 -4.605063140098764052e-02 2.307619316187128788e+00 1.675303702122221239e+00 2.455927739200660653e-01 2.143683428905603705e+00 -1.420232493544006047e+00 -4.945809538145340412e-01 -6.975203589826151074e-02 -4.792939664899336094e-01 2.684406954928135747e-01 -1.372836111897981937e+00 1.614782217480978943e-01 3.025952816838071158e-01 -1.208983226112763987e+00 1.526897841638970021e-01 7.175414420333936505e-02 1.211335356062477331e-01 6.765652164465905116e-01 -2.922064103267985047e-01 5.133160594956507339e-01 -9.980929832579477079e-03 8.042911782968076295e-02 1.263383441567953014e+00 -7.638853423431442025e-01
3.703597997616725479e-01 2.003541880123293595e+00 8.294493172097077149e-01 -3.435204676918601763e-03 5.755448178940127946e-01 -1.620702358161395296e+00 -1.090523967431522578e-01 -2.325669082696890655e+00 -9.495949074841973925e-01 -2.940953355109172662e-01 -1.420232493544006047e+00 1.579374646467329057e+00 3.510390637886189324e-01 1.581843692012512292e-01 2.723194116194349590e-01 5.080355939105629659e-02 8.758665314326776752e-01 -1.173403046479393197e-01 2.618619863793014702e-02 6.480291586310613638e-01 -1.424498947978349861e-01 4.865880591492555141e-02 4.192335765850430107e-02 -3.929278257576811484e-01 6.292282366280232964e-02 -1.469718871999248222e-01 -1.255843925231943103e-01 -5.033901365206929768e-01 -4.102181317833810681e-01 6.674526719740470071e-01
-7.411122853739016136e-03 6.895662234961719150e-01 2.927268755394720756e-01 -1.531375722180996490e-01 2.928998534335391923e-01 -5.641775837317482001e-01 5.830952057351623807e-03 -7.044670878899523814e-01 -4.780534656464396903e-01 -1.810181786765951983e-03 -4.945809538145340412e-01 3.510390637886189324e-01 3.190165743020543232e-01 -7.002646955436375720e-02 1.783783164101464536e-01 7.646740713289545965e-02 3.641269463200842438e-01 4.077161613611224311e-02 5.256030740349615371e-02 3.994631059277367058e-01 -7.595839345299282286e-03 3.867568457906145341e-03 -3.436929089843943075e-03 -1.825098016019524039e-01 -2.676853574780579947e-02 -1.854747010884238989e-01 6.727578942161471787e-02 -2.686194414611691172e-01 -2.880679567854826928e-01 3.021431862915733291e-01
-2.493833134705027987e-01 7.346396738580551755e-02 2.126773990925130420e-01 -3.039193771337522776e-02 -4.514635486282259080e-02 -1.590186707784937425e-01 7.540295093906479451e-02 -2.791636730352706763e-01 -1.293133327775422003e-01 -6.909292781460862898e-02 -6.975203589826151074e-02 1.581843692012512292e-01 -7.002646955436375720e-02 2.659832182480954543e-01 -1.821478486817795783e-02 -4.226809887404670008e-02 1.978650855247110485e-01 -1.506391614946096524e-01 1.060415519287403185e-01 -1.804332980692606725e-01 1.254216204642943921e-03 2.494423270275660798e-01 -1.436658556465317815e-01 2.035007405794431179e-02 7.032132896995335614e-03 2.167743952247747075e-02 -5.069282660264207152e-02 2.324078970718801429e-02 1.591703129258235094e-01 1.154131685897823445e-01
-1.110139587337357625e-01 4.519934155568421374e-01 4.064257720345381131e-01 -8.781950569425589492e-02 3.241173001795800701e-01 -4.288227677661211601e-01 6.394169657141901553e-02 -4.884311384134889522e-01 -5.401741782854401208e-01 -2.235237698954506413e-02 -4.792939664899336094e-01 2.723194116194349590e-01 1.783783164101464536e-01 -1.821478486817795783e-02 3.400592302335212480e-01 1.793972599932658341e-02 4.515075116256070942e-01 3.232324256771335058e-02 -1.686671648809578983e-02 2.723702099220872697e-01 -8.350495330256535453e-02 4.519574244312707378e-03 -1.120955038568354212e-01 -2.165742157391150613e-01 -1.559449305079851911e-02 -1.711493065159856997e-01 4.319353957021121460e-02 -1.113321123477817309e-02 -2.308043279707590045e-01 1.747556967461605382e-01
-2.962937698947598619e-02 -4.225823101609194055e-02 -3.665673505910262975e-01 -7.115724631876219064e-02 -3.220499924141790871e-01 -1.624206423255714071e-01 -7.566287045295894131e-02 -9.910598441115325841e-02 1.966912683635655412e-01 1.830788116137682664e-03 2.684406954928135747e-01 5.080355939105629659e-02 7.646740713289545965e-02 -4.226809887404670008e-02 1.793972599932658341e-02 3.217958492907087020e-01 -1.646514260695539633e-01 1.268350003994385133e-01 2.565478250773765012e-01 -9.056920870608564655e-02 1.274643923829898995e-02 3.602093314771082078e-02 9.970565525560459719e-02 7.060776939573543132e-02 -1.658854458801215515e-01 8.515350388489650868e-02 1.509247315829043146e-02 -3.503264907685661456e-01 3.076008062530490861e-01 3.827327878883579615e-02
-3.691940458921862955e-01 1.418487359987864238e+00 1.260517507419251615e+00 -1.916837554122139409e-01 8.351452070747313883e-01 -1.165550662102930346e+00 1.869560151458244945e-01 -1.613174928019816434e+00 -1.367887092923922410e+00 -1.842625532035526703e-01 -1.372836111897981937e+00 8.758665314326776752e-01 3.641269463200842438e-01 1.978650855247110485e-01 4.515075116256070942e-01 -1.646514260695539633e-01 1.263213259499707419e+00 -1.363878702420606714e-01 2.829977419068541167e-02 6.493415083903641971e-01 -4.610012901753179904e-02 3.293485706215619757e-01 -3.292925092226255401e-01 -5.209984537416403327e-01 1.089195712164610086e-01 -4.677825118637315427e-01 1.435949087067456276e-03 -1.078575052646897348e-01 -5.809703957278884445e-01 6.475906772866437677e-01
2.197253961767273722e-01 -1.592640038201125208e-01 -3.098515549885973996e-01 3.832368670845198722e-02 -1.196316581816176949e-01 1.090140108008768038e-01 -6.478516661792355080e-02 2.247893897806534369e-01 1.734265533747247900e-01 7.933175476750875532e-03 1.614782217480978943e-01 -1.173403046479393197e-01 4.077161613611224311e-02 -1.506391614946096524e-01 3.232324256771335058e-02 1.268350003994385133e-01 -1.363878702420606714e-01 2.751424441874519289e-01 6.193421702585055755e-02 3.080780800763704974e-02 3.347013687363187273e-02 -1.415396165572815335e-01 1.177960530233121972e-01 -1.880120766276149880e-02 -9.095546311206703649e-02 -2.055966004206766229e-02 -3.348563341381805003e-02 -1.982433318407288425e-01 5.160961026894028691e-02 -1.438959957549172941e-01
-3.047827779647036550e-01 -1.149278866272993582e-01 -2.676044623653410781e-01 -1.273451013005342247e-01 -4.155609370167212546e-01 -1.934549663461950786e-01 2.839847365407877078e-04 -1.784425225013137606e-01 1.275717248988144092e-01 -3.496555398885448085e-02 3.025952816838071158e-01 2.618619863793014702e-02 5.256030740349615371e-02 1.060415519287403185e-01 -1.686671648809578983e-02 2.565478250773765012e-01 2.829977419068541167e-02 6.193421702585055755e-02 4.385365539929182432e-01 -2.431594263988756666e-01 9.380813641647023360e-02 3.573433220249455644e-01 -2.841138410383337032e-02 6.355991566351804067e-02 -1.995892394844531736e-01 2.874003448093276347e-02 -3.625501614965287445e-02 -4.385901099153954874e-01 5.148229087717766106e-01 1.411214862428096239e-01
2.500448580896090789e-01 1.320819878074360076e+00 8.549796239900615547e-01 -1.098995037083341231e-01 9.318554561007204029e-01 -8.182355597749619847e-01 -1.354341558175065074e-02 -1.104451011450635178e+00 -9.913641297269464303e-01 -7.405708629704577106e-02 -1.208983226112763987e+00 6.480291586310613638e-01 3.994631059277367058e-01 -1.804332980692606725e-01 2.723702099220872697e-01 -9.056920870608564655e-02 6.493415083903641971e-01 3.080780800763704974e-02 -2.431594263988756666e-01 1.011408695569684824e+00 -3.550761435730009907e-02 -2.394098160409612319e-01 2.215583756822070427e-02 -4.158282259315910778e-01 2.085406892541072921e-01 -4.115264602479555833e-01 6.706887860786991951e-02 -8.741183591689605237e-02 -1.030190275807683520e+00 3.876795174649600995e-01
-6.168493384484463604e-02 -1.696242717969767000e-01 -1.076042857491756877e-01 -2.079589103675516526e-02 -1.039153836847503953e-01 1.189621628223562766e-01 1.600905955302778239e-02 1.541163506169027642e-01 1.056005427819854958e-01 1.187008960170032879e-02 1.526897841638970021e-01 -1.424498947978349861e-01 -7.595839345299282286e-03 1.254216204642943921e-03 -8.350495330256535453e-02 1.274643923829898995e-02 -4.610012901753179904e-02 3.347013687363187273e-02 9.380813641647023360e-02 -3.550761435730009907e-02 1.162576999888074170e-01 1.212353677576061273e-01 -2.704277773534613516e-02 3.179579109132646408e-02 -4.058499975025142703e-02 -3.438568431045041507e-02 -4.292892324536978776e-02 -1.250057484671742714e-01 1.085126029988714436e-01 -2.960019348518017068e-02
-6.038891921473350521e-01 -2.510535396993418544e-02 1.316757524606941843e-01 -1.545000061148016357e-01 -2.450964961667523312e-01 -2.143442625339275764e-01 1.111587818660382254e-01 -3.188100347559839065e-01 -1.413169447231155118e-01 -6.287893468328320523e-02 7.175414420333936505e-02 4.865880591492555141e-02 3.867568457906145341e-03 2.494423270275660798e-01 4.519574244312707378e-03 3.602093314771082078e-02 3.293485706215619757e-01 -1.415396165572815335e-01 3.573433220249455644e-01 -2.394098160409612319e-01 1.212353677576061273e-01 6.584491530015270655e-01 -2.583728605563351266e-01 -3.290568578364627683e-02 -1.127658746089252872e-01 -5.809756955346756513e-02 -5.960460204221362801e-02 -2.328063365715706823e-01 4.943490558146663716e-01 2.836249632167664458e-01
4.684543328100403414e-01 5.377065099025912787e-03 -3.459746755360697534e-01 5.807376442413669793e-02 -9.442289105766121793e-02 5.098525204664383637e-02 -1.946035343507332982e-01 9.211897795296408731e-02 2.994718926644281964e-01 1.518466480871438762e-02 1.211335356062477331e-01 4.192335765850430107e-02 -3.436929089843943075e-03 -1.436658556465317815e-01 -1.120955038568354212e-01 9.970565525560459719e-02 -3.292925092226255401e-01 1.177960530233121972e-01 -2.841138410383337032e-02 2.215583756822070427e-02 -2.704277773534613516e-02 -2.583728605563351266e-01 3.277566111943031046e-01 9.190617557749192201e-02 -4.752751377168351610e-05 1.234907286591351294e-01 9.893351373591485753e-03 -1.565466613650983163e-01 -1.246477718902951892e-01 -1.268601311140855614e-01
4.787547428639982172e-02 -7.000512723066094622e-01 -5.337965668173865197e-01 3.855508064725654549e-02 -4.433218853944254079e-01 5.030725755073603978e-01 -5.496270181299678370e-02 6.895088571085352669e-01 6.067015906542678749e-01 9.191420292245311430e-02 6.765652164465905116e-01 -3.929278257576811484e-01 -1.825098016019524039e-01 2.035007405794431179e-02 -2.165742157391150613e-01 7.060776939573543132e-02 -5.209984537416403327e-01 -1.880120766276149880e-02 6.355991566351804067e-02 -4.158282259315910778e-01 3.179579109132646408e-02 -3.290568578364627683e-02 9.190617557749192201e-02 3.093846985990467147e-01 -7.585016533101907044e-02 2.387288626887311693e-01 -1.388912514056528380e-02 3.371423882492763369e-02 3.631391398109258262e-01 -2.749647777797576964e-01
-8.491177500110325127e-02 2.154381481747122962e-01 3.919160459360568893e-01 -4.896817392682351056e-02 3.467323382125186981e-01 7.354663398473348934e-04 2.050750780216503699e-02 -5.052001558334495712e-02 -2.358482489954667471e-01 -2.650874628250221576e-02 -2.922064103267985047e-01 6.292282366280232964e-02 -2.676853574780579947e-02 7.032132896995335614e-03 -1.559449305079851911e-02 -1.658854458801215515e-01 1.089195712164610086e-01 -9.095546311206703649e-02 -1.995892394844531736e-01 2.085406892541072921e-01 -4.058499975025142703e-02 -1.127658746089252872e-01 -4.752751377168351610e-05 -7.585016533101907044e-02 3.242486039280834120e-01 -9.177905722111745490e-02 -3.553548900345049333e-02 3.206410274323729936e-01 -4.521117279358577434e-01 3.879310692309445585e-02
1.892348036710700399e-01 -4.457786126414475802e-01 -5.371593176175224471e-01 1.134108792534789245e-01 -4.460875075641865806e-01 3.120465432529613281e-01 -1.131036936355940270e-01 3.854610235938480400e-01 6.008754295228868614e-01 2.794919524404804179e-02 5.133160594956507339e-01 -1.469718871999248222e-01 -1.854747010884238989e-01 2.167743952247747075e-02 -1.711493065159856997e-01 8.515350388489650868e-02 -4.677825118637315427e-01 -2.055966004206766229e-02 2.874003448093276347e-02 -4.115264602479555833e-01 -3.438568431045041507e-02 -5.809756955346756513e-02 1.234907286591351294e-01 2.387288626887311693e-01 -9.177905722111745490e-02 3.273573478271032400e-01 -4.041341358896488600e-02 3.966126980344597541e-03 3.998719350865940214e-01 -2.010103826470981403e-01
-8.932472561724580373e-02 -3.671043104111504363e-02 7.514186921417831400e-02 -6.088564956655773130e-02 1.044661599001415198e-01 2.965872494507948431e-02 4.221966227851225995e-02 1.015804289239667924e-01 -1.221964727535009843e-01 5.958411957050202545e-02 -9.980929832579477079e-03 -1.255843925231943103e-01 6.727578942161471787e-02 -5.069282660264207152e-02 4.319353957021121460e-02 1.509247315829043146e-02 1.435949087067456276e-03 -3.348563341381805003e-02 -3.625501614965287445e-02 6.706887860786991951e-02 -4.292892324536978776e-02 -5.960460204221362801e-02 9.893351373591485753e-03 -1.388912514056528380e-02 -3.553548900345049333e-02 -4.041341358896488600e-02 1.908900673611242382e-01 9.743743866010845522e-02 -1.466454521345212925e-01 -7.990757518427926698e-04
-3.068214710199299589e-01 -5.675212198740382519e-01 3.855315077049112915e-01 4.567140998153718101e-02 3.241876174880644612e-01 6.801324499396059764e-01 1.593208389265328151e-01 8.772830934447597429e-01 -4.447313492738658169e-02 6.879868625975404939e-02 8.042911782968076295e-02 -5.033901365206929768e-01 -2.686194414611691172e-01 2.324078970718801429e-02 -1.113321123477817309e-02 -3.503264907685661456e-01 -1.078575052646897348e-01 -1.982433318407288425e-01 -4.385901099153954874e-01 -8.741183591689605237e-02 -1.250057484671742714e-01 -2.328063365715706823e-01 -1.565466613650983163e-01 3.371423882492763369e-02 3.206410274323729936e-01 3.966126980344597541e-03 9.743743866010845522e-02 1.002732911239320401e+00 -3.897721868660255495e-01 -3.145691669934080892e-01
-2.711212599657528699e-01 -1.127251556646513109e+00 -1.136367030159192382e+00 1.144873403002293344e-01 -1.279396706652050852e+00 4.922315615627326224e-01 -3.679463254542270079e-02 6.399733090586892104e-01 1.095601875674162784e+00 6.608682748606042878e-03 1.263383441567953014e+00 -4.102181317833810681e-01 -2.880679567854826928e-01 1.591703129258235094e-01 -2.308043279707590045e-01 3.076008062530490861e-01 -5.809703957278884445e-01 5.160961026894028691e-02 5.148229087717766106e-01 -1.030190275807683520e+00 1.085126029988714436e-01 4.943490558146663716e-01 -1.246477718902951892e-01 3.631391398109258262e-01 -4.521117279358577434e-01 3.998719350865940214e-01 -1.466454521345212925e-01 -3.897721868660255495e-01 1.680057341009387528e+00 -1.870610967594075191e-01
-2.423139559510900654e-01 1.074115184810125356e+00 5.634750146828650941e-01 -1.859886642625951936e-01 3.230307454575722659e-01 -9.216406267405545805e-01 3.824459986776673759e-02 -1.269012558212978092e+00 -7.158554786247464108e-01 -9.932981765985005040e-02 -7.638853423431442025e-01 6.674526719740470071e-01 3.021431862915733291e-01 1.154131685897823445e-01 1.747556967461605382e-01 3.827327878883579615e-02 6.475906772866437677e-01 -1.438959957549172941e-01 1.411214862428096239e-01 3.876795174649600995e-01 -2.960019348518017068e-02 2.836249632167664458e-01 -1.268601311140855614e-01 -2.749647777797576964e-01 3.879310692309445585e-02 -2.010103826470981403e-01 -7.990757518427926698e-04 -3.145691669934080892e-01 -1.870610967594075191e-01 6.810734779609219913e-01
