6.175336092077031935e+00 4.156639361334384830e+00 2.115466783892543390e+00 1.344979615143415685e+00 -3.340563773265330383e-01 -1.529854038298026353e-01 -9.705616901054554546e-01 -1.121992838836376905e+00 9.831669718740840835e-01 -7.700241128092670806e-01 -1.764208272242456133e+00 6.947449244890435693e-01 -1.014162911288167379e+00 -7.516510676720145057e-02 -9.108530726426806723e-01 -1.787171787295733338e+00 -1.156899955396966106e-01 -6.368285506694064679e-01 -1.993979686375666915e+00 1.313603665515529428e+00 -2.758089255600566503e-01 -1.555843849756740838e+00 7.579180380795378369e-01 -2.201189383192172500e-01 5.281461498088901863e-01 -4.196443100686337857e-01 -5.471209372144585359e-01 4.328082394704324543e-02 -2.397404042591404050e+00 -1.049663500211067912e+00
4.156639361334384830e+00 4.500526416770867399e+00 1.944287305345142158e+00 7.545761363141423317e-01 -2.539620325985652016e-01 -6.278568028249651434e-01 -7.591217838763668624e-01 -1.662035669300109930e+00 5.712033098395750130e-01 -6.272170491352540012e-01 -1.686756351366625495e+00 8.065300582717327416e-01 -5.542363498072973016e-01 -8.879370560009647306e-03 -7.406623271068610848e-01 -1.227039067707210052e+00 3.038399685336230505e-01 -4.464170273315062332e-01 -1.169961839478048660e+00 1.116407702855269690e+00 -1.412292296927262214e-01 -9.069396880459805743e-01 3.724177602251756980e-01 -3.962851649990284386e-01 4.201989887037029803e-01 -6.179163153153126586e-01 -4.432350833367308951e-01 -8.689868385090449010e-02 -2.063642399934735749e+00 -5.263353442406355498e-01
2.115466783892543390e+00 1.944287305345142158e+00 3.050138425903924144e+00 5.931033541772876561e-01 6.061016209640683883e-01 4.807183562724048898e-02 -4.848449331331039502e-01 -5.235382796529393090e-01 -3.125602845070147850e-01 -3.811703663913590390e-01 -1.289278869123677396e+00 -6.005099927460832987e-02 -4.435102251846387844e-01 2.518708231564232847e-01 -4.165169662341554613e-01 -1.409517400213815108e+00 6.977275903471422680e-01 -9.318712018842916223e-01 -1.148777995323797541e+00 1.052180014391524310e+00 -1.920783117141127150e-01 -1.193099014618042020e-01 -1.440715910141534550e-01 -4.197160888377879928e-01 7.660458688848166275e-01 -8.496607608233830433e-01 -2.003287669771793844e-01 5.125157882453663660e-01 -1.745617425596890371e+00 -5.650880413958816462e-01
1.344979615143415685e+00 7.545761363141423317e-01 5.931033541772876561e-01 4.864349023409886286e-01 -1.065064108820479305e-02 9.562059002155365306e-02 -2.287352482342157600e-01 -1.051703346422527829e-01 2.737133584323032665e-01 -1.833108555391049777e-01 -3.852578784150750835e-01 7.332582520115238367e-02 -2.994965162668563607e-01 -1.436579838804163956e-02 -2.296700448764568137e-01 -5.147621258452090842e-01 -6.538590300090163510e-02 -2.286587431505040513e-01 -5.575445552046858211e-01 3.040873427561905373e-01 -7.536157161928258574e-02 -3.522287649337272342e-01 1.743982598272282303e-01 -2.658008253052912551e-02 1.929588671336546213e-01 -9.435047800633356019e-02 -1.523565667791899614e-01 1.117048128494957382e-01 -5.578808051398027601e-01 -3.231361940602255345e-01
-3.340563773265330383e-01 -2.539620325985652016e-01 6.061016209640683883e-01 -1.065064108820479305e-02 8.881256623836861763e-01 2.033526391476812023e-01 -1.261778375383642015e-01 1.260164488945179073e-01 -5.108367949272860642e-01 1.027842220204888690e-01 -4.990863492491257603e-01 -5.365092644154856316e-02 2.086955122426275011e-01 -6.393135102416636073e-02 1.153165779480218589e-01 -2.528421106927112305e-01 3.157721576773155903e-01 -2.982089069649873636e-01 -2.152969828557047549e-01 4.306033562979223461e-01 -9.938662347877880165e-02 1.192306223748005323e-01 -1.547405517929973939e-01 -1.700389257462120440e-01 2.611142556204413268e-01 -3.160883578795505855e-01 1.251431512299632232e-01 2.471998112275173298e-01 -4.727098460855359008e-01 8.220871953778896568e-02
-1.529854038298026353e-01 -6.278568028249651434e-01 4.807183562724048898e-02 9.562059002155365306e-02 2.033526391476812023e-01 5.786357136689730396e-01 1.527887672352790105e-03 4.916547852321855316e-01 -9.266680922195291714e-02 5.036515613039682648e-02 -4.086604112723080107e-02 -3.473043370162258725e-01 -7.742607113755184400e-03 -3.008059416794139906e-02 -3.101313936565475160e-02 -2.578011649552536255e-01 -3.341828217236297860e-02 -2.286817338157334234e-01 -2.149410568264045196e-01 1.030599434259897862e-01 8.179716734844078019e-04 9.023261860733100548e-02 -6.858092072610588730e-02 6.669575370557367933e-02 1.418947542300088571e-01 -2.394218537938286318e-02 9.015487913285369359e-02 2.538299262841974269e-01 2.667764597077848521e-02 -8.470914323953593339e-02
-9.705616901054554546e-01 -7.591217838763668624e-01 -4.848449331331039502e-01 -2.287352482342157600e-01 -1.261778375383642015e-01 1.527887672352790105e-03 3.330371564798042527e-01 2.362398086607981895e-01 -1.808703048226902865e-01 1.434405853572116030e-01 4.766181163564056078e-01 -1.176801858612748219e-01 1.058335250767186153e-01 4.332423751526448541e-02 2.443224639111463148e-01 3.606298247763106701e-01 -4.835514799361817495e-02 1.975971283564490477e-01 3.304777899735427127e-01 -3.806469868944191148e-01 4.112718513096069728e-02 1.932228563936178034e-01 -1.350337255108797763e-01 8.498637192548130770e-02 -1.972466850369869462e-01 1.309695919669593422e-01 6.187901284192776075e-02 -7.009822988817404621e-02 5.621837805628047136e-01 1.519546343415640877e-01
-1.121992838836376905e+00 -1.662035669300109930e+00 -5.235382796529393090e-01 -1.051703346422527829e-01 1.260164488945179073e-01 4.916547852321855316e-01 2.362398086607981895e-01 9.210950193958069576e-01 -1.427010630270615366e-01 2.507747523083025953e-01 5.822586808286018822e-01 -5.175471429521394384e-01 1.443073693472456398e-01 -1.121263343040368454e-01 2.213894097236561720e-01 2.484362166207461087e-01 -2.878116876599392526e-01 6.445879390639674966e-02 1.224422801420814721e-01 -2.407208431974936502e-01 9.959241159776865970e-03 9.232944715876101327e-02 -4.282100399433375060e-02 2.318474865992357081e-01 -4.392699973061553465e-02 2.027022687494763886e-01 1.901593073416734114e-01 1.765603036868697018e-01 5.134443491148772409e-01 -2.568353930359990045e-02
9.831669718740840835e-01 5.712033098395750130e-01 -3.125602845070147850e-01 2.737133584323032665e-01 -5.108367949272860642e-01 -9.266680922195291714e-02 -1.808703048226902865e-01 -1.427010630270615366e-01 7.238799590840585552e-01 -1.450105406225361548e-01 1.346936598321804013e-01 1.263634416359309398e-01 -2.514965980223564657e-01 -9.296661736550504429e-02 -3.165845367097404051e-01 -4.165410990032114569e-02 -4.171858696196295568e-01 1.590613820065982509e-01 -1.422395095183901503e-01 -5.207206708377043469e-02 5.284017825351838837e-02 -4.023121881887732343e-01 3.747514063562107367e-01 1.489514221318017917e-01 -4.018575765826426505e-03 2.397981912245654712e-01 -1.865709733397125092e-01 -8.927875762867643061e-02 -1.046833236319457683e-01 -3.027141666257193720e-01
-7.700241128092670806e-01 -6.272170491352540012e-01 -3.811703663913590390e-01 -1.833108555391049777e-01 1.027842220204888690e-01 5.036515613039682648e-02 1.434405853572116030e-01 2.507747523083025953e-01 -1.450105406225361548e-01 1.912347701098155994e-01 2.680976540840447342e-01 -1.426275934743443941e-01 1.836767697744789984e-01 -6.328770329548660811e-02 1.837045690915033447e-01 2.629324124598610979e-01 -6.488910923451385315e-02 1.286594645034710993e-01 2.030249344935270983e-01 -1.510580188831909254e-01 2.346615571997290317e-02 8.343356614096819612e-02 -5.540780187328664397e-02 8.106664949622199856e-02 -9.326643515129262596e-02 6.490722908125690083e-02 1.058117772961963965e-01 -2.114336305703545804e-02 2.752949052913891137e-01 9.573536272267801905e-02
-1.764208272242456133e+00 -1.686756351366625495e+00 -1.289278869123677396e+00 -3.852578784150750835e-01 -4.990863492491257603e-01 -4.086604112723080107e-02 4.766181163564056078e-01 5.822586808286018822e-01 1.346936598321804013e-01 2.680976540840447342e-01 1.291508623622348750e+00 -3.120522350473038387e-01 1.604084487015597915e-01 -6.067340915569729987e-02 2.945957189569980983e-01 8.907635242170499623e-01 -4.977769011353530004e-01 5.612872312173067257e-01 7.271028660966010193e-01 -8.097966321275862356e-01 1.227362288222479947e-01 1.648258395591142289e-01 5.163569874144968708e-02 3.414672234213185220e-01 -3.610758864645049471e-01 5.009089407672604466e-01 9.614672064776641491e-02 -1.772742031689062969e-01 1.127777992051790079e+00 9.127048267021109496e-02
6.947449244890435693e-01 8.065300582717327416e-01 -6.005099927460832987e-02 7.332582520115238367e-02 -5.365092644154856316e-02 -3.473043370162258725e-01 -1.176801858612748219e-01 -5.175471429521394384e-01 1.263634416359309398e-01 -1.426275934743443941e-01 -3.120522350473038387e-01 5.274087899173878213e-01 -9.627600834784288963e-02 3.514928139861694945e-02 -7.524052139342529699e-02 -2.953489776191986493e-02 7.459362742474695551e-02 6.175825735203943623e-02 -3.951471549743246214e-02 5.722637662972829276e-02 -3.137294474447571702e-02 -1.473478998703114939e-01 1.000428639044912416e-01 -1.156203067642422866e-01 -3.915218093760586271e-02 -3.739984239246041398e-03 -1.599361666363847689e-01 -1.559376693996910035e-01 -1.865516910468727474e-01 7.399508038889734962e-02
-1.014162911288167379e+00 -5.542363498072973016e-01 -4.435102251846387844e-01 -2.994965162668563607e-01 2.086955122426275011e-01 -7.742607113755184400e-03 1.058335250767186153e-01 1.443073693472456398e-01 -2.514965980223564657e-01 1.836767697744789984e-01 1.604084487015597915e-01 -9.627600834784288963e-02 3.572570682169953216e-01 -1.173610654362846617e-01 1.898583538264801973e-01 3.205119575769685980e-01 6.450922603710296244e-02 1.273562967784869215e-01 3.369792976099006410e-01 -8.701680573597059265e-02 3.934232512665403192e-02 2.022653073166225113e-01 -1.387002491642306268e-01 4.393905530832853401e-03 -1.313174575028028812e-01 1.373908215202845895e-02 1.768300393114259350e-01 -6.154729468050845753e-02 3.056555222409542694e-01 2.612443641740469502e-01
-7.516510676720145057e-02 -8.879370560009647306e-03 2.518708231564232847e-01 -1.436579838804163956e-02 -6.393135102416636073e-02 -3.008059416794139906e-02 4.332423751526448541e-02 -1.121263343040368454e-01 -9.296661736550504429e-02 -6.328770329548660811e-02 -6.067340915569729987e-02 3.514928139861694945e-02 -1.173610654362846617e-01 2.713817170499055464e-01 -3.396883019081542443e-02 -6.440231686866582095e-02 2.032393600089790198e-01 -9.251901408600815557e-02 5.250302328244060845e-02 -1.103223948798017773e-01 1.894854829595260526e-02 2.088941310931886619e-01 -1.459065901639178264e-01 -4.585843306728065727e-02 1.401421066248076386e-02 -4.940215093409960900e-02 -4.897113773148475957e-02 1.584688352102148201e-02 7.662075097061915585e-02 3.839543551276847211e-02
-9.108530726426806723e-01 -7.406623271068610848e-01 -4.165169662341554613e-01 -2.296700448764568137e-01 1.153165779480218589e-01 -3.101313936565475160e-02 2.443224639111463148e-01 2.213894097236561720e-01 -3.165845367097404051e-01 1.837045690915033447e-01 2.945957189569980983e-01 -7.524052139342529699e-02 1.898583538264801973e-01 -3.396883019081542443e-02 4.287472270307830513e-01 3.479729008233789500e-01 1.150899933969640188e-02 1.627535110200142299e-01 2.575624316238247502e-01 -2.446208227985948724e-01 -3.556883591528503530e-02 1.546346212235221174e-01 -1.236473457925058028e-01 3.171167923193252136e-02 -1.625385945838502266e-01 8.002988469087313206e-02 7.939675195081008496e-02 -7.499238931984564260e-02 4.200583022833939140e-01 1.723156059965162967e-01
-1.787171787295733338e+00 -1.227039067707210052e+00 -1.409517400213815108e+00 -5.147621258452090842e-01 -2.528421106927112305e-01 -2.578011649552536255e-01 3.606298247763106701e-01 2.484362166207461087e-01 -4.165410990032114569e-02 2.629324124598610979e-01 8.907635242170499623e-01 -2.953489776191986493e-02 3.205119575769685980e-01 -6.440231686866582095e-02 3.479729008233789500e-01 1.045259599596192857e+00 -2.958033911771735802e-01 6.312861089913894830e-01 8.694730676124038382e-01 -6.537074074721545003e-01 9.821853776020361693e-02 1.640764592332857319e-01 7.761934668678804883e-03 1.956263509642894860e-01 -4.224045054600367166e-01 3.973140898199289950e-01 1.655099406737008394e-01 -2.985463762382778441e-01 9.495188650809041064e-01 2.998939338680202127e-01
-1.156899955396966106e-01 3.038399685336230505e-01 6.977275903471422680e-01 -6.538590300090163510e-02 3.157721576773155903e-01 -3.341828217236297860e-02 -4.835514799361817495e-02 -2.878116876599392526e-01 -4.171858696196295568e-01 -6.488910923451385315e-02 -4.977769011353530004e-01 7.459362742474695551e-02 6.450922603710296244e-02 2.032393600089790198e-01 1.150899933969640188e-02 -2.958033911771735802e-01 5.977157419551417661e-01 -2.928307916101857700e-01 -1.843433306831343543e-02 1.667236644391891787e-01 4.371525915132679074e-03 3.918198945837616520e-01 -3.499790530642599151e-01 -2.573307925216568037e-01 8.102461799887805682e-02 -3.102032217487931121e-01 9.346123108571191551e-03 7.120440703499752999e-02 -1.415189110090295799e-01 2.032175376576788040e-01
-6.368285506694064679e-01 -4.464170273315062332e-01 -9.318712018842916223e-01 -2.286587431505040513e-01 -2.982089069649873636e-01 -2.286817338157334234e-01 1.975971283564490477e-01 6.445879390639674966e-02 1.590613820065982509e-01 1.286594645034710993e-01 5.612872312173067257e-01 6.175825735203943623e-02 1.273562967784869215e-01 -9.251901408600815557e-02 1.627535110200142299e-01 6.312861089913894830e-01 -2.928307916101857700e-01 5.670969047857283840e-01 4.590872715100431378e-01 -4.191826596477312705e-01 6.775634810583142098e-02 -1.343647871023563312e-01 1.483094281221042365e-01 1.316273119210222831e-01 -2.870481617856910361e-01 2.906110209387406940e-01 -1.684784496598012993e-02 -2.570866807637344209e-01 4.844917109026596336e-01 2.734761978331334831e-02
-1.993979686375666915e+00 -1.169961839478048660e+00 -1.148777995323797541e+00 -5.575445552046858211e-01 -2.152969828557047549e-01 -2.149410568264045196e-01 3.304777899735427127e-01 1.224422801420814721e-01 -1.422395095183901503e-01 2.030249344935270983e-01 7.271028660966010193e-01 -3.951471549743246214e-02 3.369792976099006410e-01 5.250302328244060845e-02 2.575624316238247502e-01 8.694730676124038382e-01 -1.843433306831343543e-02 4.590872715100431378e-01 9.555665659078442786e-01 -6.232161584004245469e-01 1.539318904211484096e-01 4.835870128458452655e-01 -1.783486227827495441e-01 8.587283910969745193e-02 -3.784502798328333029e-01 2.857955365175257612e-01 1.603846345134911644e-01 -2.491346003787668906e-01 1.017414955345117278e+00 4.286341526475325736e-01
1.313603665515529428e+00 1.116407702855269690e+00 1.052180014391524310e+00 3.040873427561905373e-01 4.306033562979223461e-01 1.030599434259897862e-01 -3.806469868944191148e-01 -2.407208431974936502e-01 -5.207206708377043469e-02 -1.510580188831909254e-01 -8.097966321275862356e-01 5.722637662972829276e-02 -8.701680573597059265e-02 -1.103223948798017773e-01 -2.446208227985948724e-01 -6.537074074721545003e-01 1.667236644391891787e-01 -4.191826596477312705e-01 -6.232161584004245469e-01 7.756522262205862717e-01 -9.656221189283087369e-02 -2.468431975016756041e-01 2.900245282643254541e-02 -1.729796279561242045e-01 3.347417743264031742e-01 -3.944145248331096809e-01 -2.634846768211218659e-02 1.900562576703350715e-01 -9.631348423861822994e-01 -2.007003842467156574e-01
-2.758089255600566503e-01 -1.412292296927262214e-01 -1.920783117141127150e-01 -7.536157161928258574e-02 -9.938662347877880165e-02 8.179716734844078019e-04 4.112718513096069728e-02 9.959241159776865970e-03 5.284017825351838837e-02 2.346615571997290317e-02 1.227362288222479947e-01 -3.137294474447571702e-02 3.934232512665403192e-02 1.894854829595260526e-02 -3.556883591528503530e-02 9.821853776020361693e-02 4.371525915132679074e-03 6.775634810583142098e-02 1.539318904211484096e-01 -9.656221189283087369e-02 8.998957322899059363e-02 1.047184909994030022e-01 -5.491762869303329353e-02 1.965547424572378077e-02 -6.649661907528070515e-02 5.051675062202320987e-02 -1.492103036423486628e-02 -4.313730717922226177e-02 1.855624030561102700e-01 4.288080269157035218e-02
-1.555843849756740838e+00 -9.069396880459805743e-01 -1.193099014618042020e-01 -3.522287649337272342e-01 1.192306223748005323e-01 9.023261860733100548e-02 1.932228563936178034e-01 9.232944715876101327e-02 -4.023121881887732343e-01 8.343356614096819612e-02 1.648258395591142289e-01 -1.473478998703114939e-01 2.022653073166225113e-01 2.088941310931886619e-01 1.546346212235221174e-01 1.640764592332857319e-01 3.918198945837616520e-01 -1.343647871023563312e-01 4.835870128458452655e-01 -2.468431975016756041e-01 1.047184909994030022e-01 8.174757791593094680e-01 -4.401300645891979002e-01 -1.003200406113364807e-01 -7.063822068116110131e-02 -4.039403423911380742e-02 1.157196980846038059e-01 3.464985098707984434e-02 6.572073234020194832e-01 4.383490219403256560e-01
7.579180380795378369e-01 3.724177602251756980e-01 -1.440715910141534550e-01 1.743982598272282303e-01 -1.547405517929973939e-01 -6.858092072610588730e-02 -1.350337255108797763e-01 -4.282100399433375060e-02 3.747514063562107367e-01 -5.540780187328664397e-02 5.163569874144968708e-02 1.000428639044912416e-01 -1.387002491642306268e-01 -1.459065901639178264e-01 -1.236473457925058028e-01 7.761934668678804883e-03 -3.499790530642599151e-01 1.483094281221042365e-01 -1.783486227827495441e-01 2.900245282643254541e-02 -5.491762869303329353e-02 -4.401300645891979002e-01 4.077423231228749501e-01 9.493427272212784374e-02 5.920469320903976040e-02 1.388694802239456294e-01 -6.311994477414373250e-02 -5.166216526862399405e-02 -3.062195012522579418e-01 -2.637007340266563915e-01
-2.201189383192172500e-01 -3.962851649990284386e-01 -4.197160888377879928e-01 -2.658008253052912551e-02 -1.700389257462120440e-01 6.669575370557367933e-02 8.498637192548130770e-02 2.318474865992357081e-01 1.489514221318017917e-01 8.106664949622199856e-02 3.414672234213185220e-01 -1.156203067642422866e-01 4.393905530832853401e-03 -4.585843306728065727e-02 3.171167923193252136e-02 1.956263509642894860e-01 -2.573307925216568037e-01 1.316273119210222831e-01 8.587283910969745193e-02 -1.729796279561242045e-01 1.965547424572378077e-02 -1.003200406113364807e-01 9.493427272212784374e-02 1.899473534596722857e-01 -7.003719858238355300e-02 1.671454574383233194e-01 2.011190440208565633e-02 -3.489051977248891490e-02 2.070983597274675958e-01 -7.336436516686717368e-02
5.281461498088901863e-01 4.201989887037029803e-01 7.660458688848166275e-01 1.929588671336546213e-01 2.611142556204413268e-01 1.418947542300088571e-01 -1.972466850369869462e-01 -4.392699973061553465e-02 -4.018575765826426505e-03 -9.326643515129262596e-02 -3.610758864645049471e-01 -3.915218093760586271e-02 -1.313174575028028812e-01 1.401421066248076386e-02 -1.625385945838502266e-01 -4.224045054600367166e-01 8.102461799887805682e-02 -2.870481617856910361e-01 -3.784502798328333029e-01 3.347417743264031742e-01 -6.649661907528070515e-02 -7.063822068116110131e-02 5.920469320903976040e-02 -7.003719858238355300e-02 3.426351899175870130e-01 -2.015790541482260778e-01 -8.530056821427933755e-02 2.295832638954493632e-01 -5.637167031117655824e-01 -1.933481486286154905e-01
-4.196443100686337857e-01 -6.179163153153126586e-01 -8.496607608233830433e-01 -9.435047800633356019e-02 -3.160883578795505855e-01 -2.394218537938286318e-02 1.309695919669593422e-01 2.027022687494763886e-01 2.397981912245654712e-01 6.490722908125690083e-02 5.009089407672604466e-01 -3.739984239246041398e-03 1.373908215202845895e-02 -4.940215093409960900e-02 8.002988469087313206e-02 3.973140898199289950e-01 -3.102032217487931121e-01 2.906110209387406940e-01 2.857955365175257612e-01 -3.944145248331096809e-01 5.051675062202320987e-02 -4.039403423911380742e-02 1.388694802239456294e-01 1.671454574383233194e-01 -2.015790541482260778e-01 3.571757137719373532e-01 1.283721364643497509e-03 -1.367576784517154920e-01 4.883683697159426629e-01 4.795856494604322506e-02
-5.471209372144585359e-01 -4.432350833367308951e-01 -2.003287669771793844e-01 -1.523565667791899614e-01 1.251431512299632232e-01 9.015487913285369359e-02 6.187901284192776075e-02 1.901593073416734114e-01 -1.865709733397125092e-01 1.058117772961963965e-01 9.614672064776641491e-02 -1.599361666363847689e-01 1.768300393114259350e-01 -4.897113773148475957e-02 7.939675195081008496e-02 1.655099406737008394e-01 9.346123108571191551e-03 -1.684784496598012993e-02 1.603846345134911644e-01 -2.634846768211218659e-02 -1.492103036423486628e-02 1.157196980846038059e-01 -6.311994477414373250e-02 2.011190440208565633e-02 -8.530056821427933755e-02 1.283721364643497509e-03 2.691214434195785543e-01 -1.358950613280285324e-03 1.595950704904112172e-01 1.198201288605105219e-01
4.328082394704324543e-02 -8.689868385090449010e-02 5.125157882453663660e-01 1.117048128494957382e-01 2.471998112275173298e-01 2.538299262841974269e-01 -7.009822988817404621e-02 1.765603036868697018e-01 -8.927875762867643061e-02 -2.114336305703545804e-02 -1.772742031689062969e-01 -1.559376693996910035e-01 -6.154729468050845753e-02 1.584688352102148201e-02 -7.499238931984564260e-02 -2.985463762382778441e-01 7.120440703499752999e-02 -2.570866807637344209e-01 -2.491346003787668906e-01 1.900562576703350715e-01 -4.313730717922226177e-02 3.464985098707984434e-02 -5.166216526862399405e-02 -3.489051977248891490e-02 2.295832638954493632e-01 -1.367576784517154920e-01 -1.358950613280285324e-03 2.812503371608841007e-01 -2.482744251317967610e-01 -1.096629248262956935e-01
-2.397404042591404050e+00 -2.063642399934735749e+00 -1.745617425596890371e+00 -5.578808051398027601e-01 -4.727098460855359008e-01 2.667764597077848521e-02 5.621837805628047136e-01 5.134443491148772409e-01 -1.046833236319457683e-01 2.752949052913891137e-01 1.127777992051790079e+00 -1.865516910468727474e-01 3.056555222409542694e-01 7.662075097061915585e-02 4.200583022833939140e-01 9.495188650809041064e-01 -1.415189110090295799e-01 4.844917109026596336e-01 1.017414955345117278e+00 -9.631348423861822994e-01 1.855624030561102700e-01 6.572073234020194832e-01 -3.062195012522579418e-01 2.070983597274675958e-01 -5.637167031117655824e-01 4.883683697159426629e-01 1.595950704904112172e-01 -2.482744251317967610e-01 1.741016239451937508e+00 5.533697874191148003e-01
-1.049663500211067912e+00 -5.263353442406355498e-01 -5.650880413958816462e-01 -3.231361940602255345e-01 8.220871953778896568e-02 -8.470914323953593339e-02 1.519546343415640877e-01 -2.568353930359990045e-02 -3.027141666257193720e-01 9.573536272267801905e-02 9.127048267021109496e-02 7.399508038889734962e-02 2.612443641740469502e-01 3.839543551276847211e-02 1.723156059965162967e-01 2.998939338680202127e-01 2.032175376576788040e-01 2.734761978331334831e-02 4.286341526475325736e-01 -2.007003842467156574e-01 4.288080269157035218e-02 4.383490219403256560e-01 -2.637007340266563915e-01 -7.336436516686717368e-02 -1.933481486286154905e-01 4.795856494604322506e-02 1.198201288605105219e-01 -1.096629248262956935e-01 5.533697874191148003e-01 5.895177146304035887e-01
