6.055590157460642331e+00 4.024291150102783376e+00 1.938603182952590487e+00 1.326632429653614054e+00 -4.486588563175928357e-01 -2.535984577082786018e-01 -9.721549594302132391e-01 -1.145704535857817064e+00 9.355274180715582588e-01 -8.365607041985754222e-01 -1.672201682371735387e+00 7.276957444922800278e-01 -9.689543828822024807e-01 -7.925170794885616488e-02 -8.781506322777659079e-01 -1.758435831724057152e+00 -9.003934515806122363e-02 -5.857089899000698097e-01 -1.952465595173350721e+00 1.363341340221552400e+00 -2.657807812041710349e-01 -1.545412535508091878e+00 8.183887700793093245e-01 -1.988299775743485043e-01 5.635830541486939183e-01 -3.874274279064593429e-01 -4.380058861383986368e-01 8.817869303220504662e-02 -2.382736772234636646e+00 -9.817509394089256602e-01
4.024291150102783376e+00 4.311687193691113862e+00 1.900359662380594727e+00 7.787680926517737134e-01 -3.017102656073120670e-01 -6.736364906361131943e-01 -7.407652145483893946e-01 -1.655838198351489154e+00 4.789744959920199108e-01 -6.908954399826257031e-01 -1.644343832667402694e+00 7.882192582486595711e-01 -5.243992056697379667e-01 8.897544537717294588e-03 -7.009084127426490340e-01 -1.263837839126267681e+00 3.603204061763563004e-01 -4.725852219642092678e-01 -1.183539702367227164e+00 1.188822911865031529e+00 -1.281348848893912873e-01 -8.589615196673037190e-01 3.911472180471378124e-01 -3.635450854052919567e-01 4.875105898270817306e-01 -6.118422755515666722e-01 -3.494982466820601985e-01 -2.817188292590344645e-02 -2.047141108097832785e+00 -4.792451894046507732e-01
1.938603182952590487e+00 1.900359662380594727e+00 2.809321163001982313e+00 5.793374040906087430e-01 5.495548466694231138e-01 -8.239350041003490333e-02 -4.337235930805150019e-01 -5.277001313798450610e-01 -3.418126893589032989e-01 -4.096059791094148750e-01 -1.183137306065987104e+00 -3.866054989140366160e-02 -4.500240477851207288e-01 2.829180924462093571e-01 -3.525084219940026742e-01 -1.354461634382460034e+00 7.018831620237051538e-01 -9.514913189065055121e-01 -1.119414307170785605e+00 1.044448011499696349e+00 -1.898822719479085208e-01 -8.423959704236949619e-02 -1.698190790743865364e-01 -3.229080022468338029e-01 7.768574863801518404e-01 -8.589303092060731615e-01 -4.416103466758158902e-02 5.566711442684777467e-01 -1.739576862034766691e+00 -4.855035630629913612e-01
1.326632429653614054e+00 7.787680926517737134e-01 5.793374040906087430e-01 4.744222652527696482e-01 -2.221036483632587988e-02 4.166010935051644992e-02 -2.373658080574614360e-01 -1.369213005031042485e-01 2.473325605066634125e-01 -2.032121515802600697e-01 -3.794725028584480242e-01 1.017432696164064510e-01 -2.928568719484587746e-01 -6.823831996371154673e-03 -2.193553749572174638e-01 -5.086812302787393492e-01 -3.989625842444866066e-02 -2.241901479659986762e-01 -5.491841000246608928e-01 3.265667668326273088e-01 -8.065102229829790303e-02 -3.465685465208139249e-01 1.806987293541055806e-01 -3.048710299930235124e-02 2.100127965172760014e-01 -1.087387588486876666e-01 -1.191059821950375408e-01 1.268017516943586998e-01 -5.919702288902612963e-01 -2.962832437726774515e-01
-4.486588563175928357e-01 -3.017102656073120670e-01 5.495548466694231138e-01 -2.221036483632587988e-02 9.021694129683055507e-01 1.857795042848806588e-01 -8.498195667351637894e-02 1.555628866591405313e-01 -5.237957449846817326e-01 1.110457453605135925e-01 -4.551256035658184373e-01 -5.775642112303103204e-02 1.998943657752647596e-01 -5.890345899570093025e-02 1.351760083896351716e-01 -2.156424588624190619e-01 2.785976591873122743e-01 -3.277968322204856122e-01 -1.947981750430187731e-01 3.942689776249608258e-01 -1.257465431108926168e-01 1.401274554339124734e-01 -1.774778393444762514e-01 -1.312535973859780825e-01 2.523395252889599760e-01 -3.030602236046888720e-01 1.779786033440586834e-01 2.628839913027718467e-01 -4.343221538790089653e-01 1.178602383900511086e-01
-2.535984577082786018e-01 -6.736364906361131943e-01 -8.239350041003490333e-02 4.166010935051644992e-02 1.857795042848806588e-01 5.493177729715057467e-01 3.229250313813736284e-02 5.135025641984043432e-01 -9.567612009794856931e-02 8.131274765247553660e-02 1.780653951396971024e-02 -3.350066653308658715e-01 1.848403697977119009e-03 -3.833452321663344264e-02 -3.998529060936562018e-03 -1.777831192569010454e-01 -7.053217429933056337e-02 -1.894240742524857524e-01 -1.570188157597272038e-01 4.163704853903027470e-02 -5.730945957623134746e-03 9.491738364511093096e-02 -7.013309206303119936e-02 9.117815153047104104e-02 9.802739875169663719e-02 6.123103034894938901e-03 1.130956492794439328e-01 2.383414540416879390e-01 8.778692198865201135e-02 -4.136065856096138305e-02
-9.721549594302132391e-01 -7.407652145483893946e-01 -4.337235930805150019e-01 -2.373658080574614360e-01 -8.498195667351637894e-02 3.229250313813736284e-02 3.371499259013717165e-01 2.352206024678480389e-01 -1.926909286997329218e-01 1.642829393012448236e-01 4.376068374236865566e-01 -1.251823383273631407e-01 1.132014595614805330e-01 4.274186790894418664e-02 2.426196868252077365e-01 3.548255864237717105e-01 -3.251064322961383368e-02 1.801668309532260537e-01 3.274340116775533716e-01 -3.784614776973285188e-01 3.344295891434967416e-02 2.026066328333513411e-01 -1.556080689104533121e-01 6.632616902533072789e-02 -2.078206768098311841e-01 1.170233687651034415e-01 4.150393283174480530e-02 -8.215845282899181257e-02 5.597354883666980641e-01 1.552427835133585177e-01
-1.145704535857817064e+00 -1.655838198351489154e+00 -5.277001313798450610e-01 -1.369213005031042485e-01 1.555628866591405313e-01 5.135025641984043432e-01 2.352206024678480389e-01 9.644958360434543465e-01 -1.226062414092439212e-01 2.915567665303910871e-01 6.028735147904171754e-01 -5.331216219834686854e-01 1.317525555471092957e-01 -1.135555250092465940e-01 2.207599944011917614e-01 2.748816201775525769e-01 -3.134004528788523203e-01 7.918262178884560853e-02 1.401234031353055798e-01 -2.772709715770815819e-01 -6.231156641547386243e-03 8.291842776543489890e-02 -4.994787498662844882e-02 2.218369023950117480e-01 -6.063441065049346435e-02 1.953007177600056821e-01 1.847503530269705152e-01 1.868068486413108076e-01 4.917807324810041791e-01 -3.037301322967778106e-02
9.355274180715582588e-01 4.789744959920199108e-01 -3.418126893589032989e-01 2.473325605066634125e-01 -5.237957449846817326e-01 -9.567612009794856931e-02 -1.926909286997329218e-01 -1.226062414092439212e-01 7.025622613478503808e-01 -1.400653303633134783e-01 1.822298080699624734e-01 1.192451463107886411e-01 -2.264486029508816500e-01 -8.677188923621770300e-02 -2.864811805598606043e-01 -2.200963780620668331e-02 -3.810798751637776149e-01 2.248797273881564251e-01 -1.083189619465372289e-01 -6.364909112380701117e-02 7.735050008346888717e-02 -3.934647709360206136e-01 3.793291176351090144e-01 1.164787040311239252e-01 -6.427245794725422456e-03 2.305103542111623938e-01 -2.015731199591641598e-01 -9.343516777784088845e-02 -9.314125292263497613e-02 -3.149744582745483967e-01
-8.365607041985754222e-01 -6.908954399826257031e-01 -4.096059791094148750e-01 -2.032121515802600697e-01 1.110457453605135925e-01 8.131274765247553660e-02 1.642829393012448236e-01 2.915567665303910871e-01 -1.400653303633134783e-01 2.246499448510803632e-01 2.979627409840190921e-01 -1.672557463231214570e-01 1.949206833760399604e-01 -7.080775502566893920e-02 2.006292794323485396e-01 2.983585851109182840e-01 -8.494637319967068834e-02 1.441985312266069741e-01 2.310521229088919881e-01 -1.890530537147583345e-01 1.758263477137234077e-02 8.863833803030729541e-02 -6.716895037811809743e-02 7.817048820743366377e-02 -1.243959045629026150e-01 7.933497460908256471e-02 9.683981880419878507e-02 -3.773403797561059037e-02 3.229707065268598853e-01 9.819262760350966346e-02
-1.672201682371735387e+00 -1.644343832667402694e+00 -1.183137306065987104e+00 -3.794725028584480242e-01 -4.551256035658184373e-01 1.780653951396971024e-02 4.376068374236865566e-01 6.028735147904171754e-01 1.822298080699624734e-01 2.979627409840190921e-01 1.269222106333984357e+00 -3.351621784895542078e-01 1.449533878742954585e-01 -4.983376313668941293e-02 2.754292636906257030e-01 8.618399575631769949e-01 -4.736165890365668929e-01 5.836280830352507110e-01 7.120797108173917422e-01 -8.149402454031928755e-01 1.325554189687068174e-01 1.436782971762227135e-01 4.188066822007385781e-02 2.844652691669011801e-01 -3.616124751035272311e-01 4.597871871692973400e-01 2.392911244663764592e-02 -1.848335636599358622e-01 1.064096509954538305e+00 1.825578610271350044e-02
7.276957444922800278e-01 7.882192582486595711e-01 -3.866054989140366160e-02 1.017432696164064510e-01 -5.775642112303103204e-02 -3.350066653308658715e-01 -1.251823383273631407e-01 -5.331216219834686854e-01 1.192451463107886411e-01 -1.672557463231214570e-01 -3.351621784895542078e-01 5.353034488919661271e-01 -8.239634988723310016e-02 2.308203917374385128e-02 -8.667929806597385323e-02 -4.883414657291496042e-02 7.477429887848074941e-02 5.297231024661641641e-02 -5.712307045283182561e-02 8.249079478844123514e-02 -2.960833228394221806e-02 -1.544449361443582802e-01 1.160399827537048623e-01 -1.181618297046611588e-01 -2.783086178328630922e-02 1.074667229613623931e-02 -1.695971023921174492e-01 -1.663717716899668631e-01 -1.693143117830118172e-01 7.019335547340688208e-02
-9.689543828822024807e-01 -5.243992056697379667e-01 -4.500240477851207288e-01 -2.928568719484587746e-01 1.998943657752647596e-01 1.848403697977119009e-03 1.132014595614805330e-01 1.317525555471092957e-01 -2.264486029508816500e-01 1.949206833760399604e-01 1.449533878742954585e-01 -8.239634988723310016e-02 3.502211970090343129e-01 -1.244260558544851847e-01 1.851968801976795476e-01 3.310080215849779961e-01 3.901532935316254225e-02 1.335335729966118379e-01 3.419015068523947321e-01 -1.104220983173149762e-01 3.426211381633947894e-02 1.872823836600332470e-01 -1.336335039498521837e-01 1.640563998535071732e-03 -1.612441437204665817e-01 3.799213021090963593e-02 1.456266366854492844e-01 -9.547990382657189912e-02 3.392730795591774040e-01 2.567605624180373525e-01
-7.925170794885616488e-02 8.897544537717294588e-03 2.829180924462093571e-01 -6.823831996371154673e-03 -5.890345899570093025e-02 -3.833452321663344264e-02 4.274186790894418664e-02 -1.135555250092465940e-01 -8.677188923621770300e-02 -7.080775502566893920e-02 -4.983376313668941293e-02 2.308203917374385128e-02 -1.244260558544851847e-01 2.753228136902521328e-01 -5.020003459117106104e-02 -7.130080325077869929e-02 2.027402197405194784e-01 -1.043702315766950051e-01 3.850321277070634096e-02 -1.006587141116028761e-01 2.880208400023320792e-02 2.064331081513159916e-01 -1.470753323099529553e-01 -2.579422556181043547e-02 3.483805613456070205e-02 -6.555028428459763745e-02 -4.276043269021556625e-02 3.009458181509216956e-02 4.861721198000168442e-02 1.342866262154984724e-02
-8.781506322777659079e-01 -7.009084127426490340e-01 -3.525084219940026742e-01 -2.193553749572174638e-01 1.351760083896351716e-01 -3.998529060936562018e-03 2.426196868252077365e-01 2.207599944011917614e-01 -2.864811805598606043e-01 2.006292794323485396e-01 2.754292636906257030e-01 -8.667929806597385323e-02 1.851968801976795476e-01 -5.020003459117106104e-02 4.008994774894745206e-01 3.460464646794321197e-01 -1.990071494947187603e-02 1.500119945055757853e-01 2.474636874110558438e-01 -2.416030803754551926e-01 -5.083918690593236533e-02 1.298546778108971012e-01 -1.114854418602817532e-01 2.861549999613544060e-02 -1.668633853935261868e-01 8.626333546470732472e-02 5.628188128923738986e-02 -8.744099251549641849e-02 4.064687747418247454e-01 1.446978397190150645e-01
-1.758435831724057152e+00 -1.263837839126267681e+00 -1.354461634382460034e+00 -5.086812302787393492e-01 -2.156424588624190619e-01 -1.777831192569010454e-01 3.548255864237717105e-01 2.748816201775525769e-01 -2.200963780620668331e-02 2.983585851109182840e-01 8.618399575631769949e-01 -4.883414657291496042e-02 3.310080215849779961e-01 -7.130080325077869929e-02 3.460464646794321197e-01 1.032619855570061418e+00 -2.904285420999030976e-01 6.424332846222569060e-01 8.724812440618165965e-01 -6.802621605348520006e-01 1.027060851328087665e-01 1.676897237799437335e-01 -1.035372890771668608e-02 1.489033298306026154e-01 -4.551103517353567440e-01 4.033334253373368483e-01 9.037107269330135750e-02 -3.347551865181230824e-01 9.917700800142483786e-01 2.726279386292276286e-01
-9.003934515806122363e-02 3.603204061763563004e-01 7.018831620237051538e-01 -3.989625842444866066e-02 2.785976591873122743e-01 -7.053217429933056337e-02 -3.251064322961383368e-02 -3.134004528788523203e-01 -3.810798751637776149e-01 -8.494637319967068834e-02 -4.736165890365668929e-01 7.477429887848074941e-02 3.901532935316254225e-02 2.027402197405194784e-01 -1.990071494947187603e-02 -2.904285420999030976e-01 5.524467710031899514e-01 -3.085413510152648087e-01 -3.726725942470920927e-02 1.702573016536916839e-01 1.239527250459104835e-02 3.649173283549771440e-01 -3.267382267968628184e-01 -1.978082032813972546e-01 9.778257776298460158e-02 -2.956872498085658663e-01 2.180476339572123834e-02 7.337247661314449942e-02 -1.549194702185445749e-01 1.670046228758224061e-01
-5.857089899000698097e-01 -4.725852219642092678e-01 -9.514913189065055121e-01 -2.241901479659986762e-01 -3.277968322204856122e-01 -1.894240742524857524e-01 1.801668309532260537e-01 7.918262178884560853e-02 2.248797273881564251e-01 1.441985312266069741e-01 5.836280830352507110e-01 5.297231024661641641e-02 1.335335729966118379e-01 -1.043702315766950051e-01 1.500119945055757853e-01 6.424332846222569060e-01 -3.085413510152648087e-01 6.272312341005772396e-01 4.810831289164241298e-01 -4.453422149606467428e-01 8.525384818062775594e-02 -1.641011235857376960e-01 1.695396063263956421e-01 9.437690411374433097e-02 -3.157933294426698012e-01 3.127161939372626875e-01 -7.879103481462834679e-02 -2.916223592086453209e-01 5.135699039654468834e-01 -1.502073219154453909e-02
-1.952465595173350721e+00 -1.183539702367227164e+00 -1.119414307170785605e+00 -5.491841000246608928e-01 -1.947981750430187731e-01 -1.570188157597272038e-01 3.274340116775533716e-01 1.401234031353055798e-01 -1.083189619465372289e-01 2.310521229088919881e-01 7.120797108173917422e-01 -5.712307045283182561e-02 3.419015068523947321e-01 3.850321277070634096e-02 2.474636874110558438e-01 8.724812440618165965e-01 -3.726725942470920927e-02 4.810831289164241298e-01 9.565540638524225869e-01 -6.516157404213345217e-01 1.706192698772781569e-01 4.686639242376600123e-01 -1.812775268638802117e-01 6.987422671514309513e-02 -4.070110007693017451e-01 3.007676316086644874e-01 8.864231107133946352e-02 -2.894259637138532071e-01 1.057023733771075058e+00 3.841921167428381523e-01
1.363341340221552400e+00 1.188822911865031529e+00 1.044448011499696349e+00 3.265667668326273088e-01 3.942689776249608258e-01 4.163704853903027470e-02 -3.784614776973285188e-01 -2.772709715770815819e-01 -6.364909112380701117e-02 -1.890530537147583345e-01 -8.149402454031928755e-01 8.249079478844123514e-02 -1.104220983173149762e-01 -1.006587141116028761e-01 -2.416030803754551926e-01 -6.802621605348520006e-01 1.702573016536916839e-01 -4.453422149606467428e-01 -6.516157404213345217e-01 8.103647737819414942e-01 -1.116464563397130405e-01 -2.562270166714313291e-01 4.103476067371047975e-02 -1.480284543127368124e-01 3.597300600239918822e-01 -4.016821861803805405e-01 2.624226524181949571e-02 2.164034916235664241e-01 -1.010196788066593854e+00 -1.845496733031950498e-01
-2.657807812041710349e-01 -1.281348848893912873e-01 -1.898822719479085208e-01 -8.065102229829790303e-02 -1.257465431108926168e-01 -5.730945957623134746e-03 3.344295891434967416e-02 -6.231156641547386243e-03 7.735050008346888717e-02 1.758263477137234077e-02 1.325554189687068174e-01 -2.960833228394221806e-02 3.426211381633947894e-02 2.880208400023320792e-02 -5.083918690593236533e-02 1.027060851328087665e-01 1.239527250459104835e-02 8.525384818062775594e-02 1.706192698772781569e-01 -1.116464563397130405e-01 1.078378555818630957e-01 1.120892958989543331e-01 -5.310762946896829817e-02 1.443446978117890467e-02 -7.057303230391198667e-02 5.317893830419961887e-02 -3.712050041895054164e-02 -5.369750510737958393e-02 1.979351322507341138e-01 2.830494401899841250e-02
-1.545412535508091878e+00 -8.589615196673037190e-01 -8.423959704236949619e-02 -3.465685465208139249e-01 1.401274554339124734e-01 9.491738364511093096e-02 2.026066328333513411e-01 8.291842776543489890e-02 -3.934647709360206136e-01 8.863833803030729541e-02 1.436782971762227135e-01 -1.544449361443582802e-01 1.872823836600332470e-01 2.064331081513159916e-01 1.298546778108971012e-01 1.676897237799437335e-01 3.649173283549771440e-01 -1.641011235857376960e-01 4.686639242376600123e-01 -2.562270166714313291e-01 1.120892958989543331e-01 8.175384947156487669e-01 -4.487405007126028522e-01 -6.097740791238948077e-02 -6.719537597516023197e-02 -3.787383732509397305e-02 1.024788242620502388e-01 2.675756691428432532e-02 6.637282147176790659e-01 4.178879136321143051e-01
8.183887700793093245e-01 3.911472180471378124e-01 -1.698190790743865364e-01 1.806987293541055806e-01 -1.774778393444762514e-01 -7.013309206303119936e-02 -1.556080689104533121e-01 -4.994787498662844882e-02 3.793291176351090144e-01 -6.716895037811809743e-02 4.188066822007385781e-02 1.160399827537048623e-01 -1.336335039498521837e-01 -1.470753323099529553e-01 -1.114854418602817532e-01 -1.035372890771668608e-02 -3.267382267968628184e-01 1.695396063263956421e-01 -1.812775268638802117e-01 4.103476067371047975e-02 -5.310762946896829817e-02 -4.487405007126028522e-01 4.107758098180056550e-01 5.982698856911383700e-02 5.236125268385194431e-02 1.335579641030903986e-01 -6.789943532027109541e-02 -5.466527573213397773e-02 -3.171566942031631697e-01 -2.522912957959988489e-01
-1.988299775743485043e-01 -3.635450854052919567e-01 -3.229080022468338029e-01 -3.048710299930235124e-02 -1.312535973859780825e-01 9.117815153047104104e-02 6.632616902533072789e-02 2.218369023950117480e-01 1.164787040311239252e-01 7.817048820743366377e-02 2.844652691669011801e-01 -1.181618297046611588e-01 1.640563998535071732e-03 -2.579422556181043547e-02 2.861549999613544060e-02 1.489033298306026154e-01 -1.978082032813972546e-01 9.437690411374433097e-02 6.987422671514309513e-02 -1.480284543127368124e-01 1.443446978117890467e-02 -6.097740791238948077e-02 5.982698856911383700e-02 1.468353718404387109e-01 -5.557062406546720013e-02 1.255439603261265802e-01 8.269958819482781109e-03 -1.904917875378941972e-02 1.747560683144229188e-01 -5.911923585091471978e-02
5.635830541486939183e-01 4.875105898270817306e-01 7.768574863801518404e-01 2.100127965172760014e-01 2.523395252889599760e-01 9.802739875169663719e-02 -2.078206768098311841e-01 -6.063441065049346435e-02 -6.427245794725422456e-03 -1.243959045629026150e-01 -3.616124751035272311e-01 -2.783086178328630922e-02 -1.612441437204665817e-01 3.483805613456070205e-02 -1.668633853935261868e-01 -4.551103517353567440e-01 9.778257776298460158e-02 -3.157933294426698012e-01 -4.070110007693017451e-01 3.597300600239918822e-01 -7.057303230391198667e-02 -6.719537597516023197e-02 5.236125268385194431e-02 -5.557062406546720013e-02 3.804201582776727264e-01 -2.337099142927741013e-01 -4.502458173851664469e-02 2.687613879527361860e-01 -6.286052634732754996e-01 -1.868011908708808733e-01
-3.874274279064593429e-01 -6.118422755515666722e-01 -8.589303092060731615e-01 -1.087387588486876666e-01 -3.030602236046888720e-01 6.123103034894938901e-03 1.170233687651034415e-01 1.953007177600056821e-01 2.305103542111623938e-01 7.933497460908256471e-02 4.597871871692973400e-01 1.074667229613623931e-02 3.799213021090963593e-02 -6.555028428459763745e-02 8.626333546470732472e-02 4.033334253373368483e-01 -2.956872498085658663e-01 3.127161939372626875e-01 3.007676316086644874e-01 -4.016821861803805405e-01 5.317893830419961887e-02 -3.787383732509397305e-02 1.335579641030903986e-01 1.255439603261265802e-01 -2.337099142927741013e-01 3.660587871208917932e-01 -3.542312939106295744e-02 -1.707018544011589256e-01 5.231175918855797136e-01 6.927149044548741585e-02
-4.380058861383986368e-01 -3.494982466820601985e-01 -4.416103466758158902e-02 -1.191059821950375408e-01 1.779786033440586834e-01 1.130956492794439328e-01 4.150393283174480530e-02 1.847503530269705152e-01 -2.015731199591641598e-01 9.683981880419878507e-02 2.392911244663764592e-02 -1.695971023921174492e-01 1.456266366854492844e-01 -4.276043269021556625e-02 5.628188128923738986e-02 9.037107269330135750e-02 2.180476339572123834e-02 -7.879103481462834679e-02 8.864231107133946352e-02 2.624226524181949571e-02 -3.712050041895054164e-02 1.024788242620502388e-01 -6.789943532027109541e-02 8.269958819482781109e-03 -4.502458173851664469e-02 -3.542312939106295744e-02 2.622060959521945733e-01 3.667390117374225156e-02 6.087782541305841733e-02 9.138926840768135662e-02
8.817869303220504662e-02 -2.817188292590344645e-02 5.566711442684777467e-01 1.268017516943586998e-01 2.628839913027718467e-01 2.383414540416879390e-01 -8.215845282899181257e-02 1.868068486413108076e-01 -9.343516777784088845e-02 -3.773403797561059037e-02 -1.848335636599358622e-01 -1.663717716899668631e-01 -9.547990382657189912e-02 3.009458181509216956e-02 -8.744099251549641849e-02 -3.347551865181230824e-01 7.337247661314449942e-02 -2.916223592086453209e-01 -2.894259637138532071e-01 2.164034916235664241e-01 -5.369750510737958393e-02 2.675756691428432532e-02 -5.466527573213397773e-02 -1.904917875378941972e-02 2.687613879527361860e-01 -1.707018544011589256e-01 3.667390117374225156e-02 3.290543213332739469e-01 -3.311884783159371182e-01 -1.200695792607007206e-01
-2.382736772234636646e+00 -2.047141108097832785e+00 -1.739576862034766691e+00 -5.919702288902612963e-01 -4.343221538790089653e-01 8.778692198865201135e-02 5.597354883666980641e-01 4.917807324810041791e-01 -9.314125292263497613e-02 3.229707065268598853e-01 1.064096509954538305e+00 -1.693143117830118172e-01 3.392730795591774040e-01 4.861721198000168442e-02 4.064687747418247454e-01 9.917700800142483786e-01 -1.549194702185445749e-01 5.135699039654468834e-01 1.057023733771075058e+00 -1.010196788066593854e+00 1.979351322507341138e-01 6.637282147176790659e-01 -3.171566942031631697e-01 1.747560683144229188e-01 -6.286052634732754996e-01 5.231175918855797136e-01 6.087782541305841733e-02 -3.311884783159371182e-01 1.836124342421726396e+00 5.606374008109469287e-01
-9.817509394089256602e-01 -4.792451894046507732e-01 -4.855035630629913612e-01 -2.962832437726774515e-01 1.178602383900511086e-01 -4.136065856096138305e-02 1.552427835133585177e-01 -3.037301322967778106e-02 -3.149744582745483967e-01 9.819262760350966346e-02 1.825578610271350044e-02 7.019335547340688208e-02 2.567605624180373525e-01 1.342866262154984724e-02 1.446978397190150645e-01 2.726279386292276286e-01 1.670046228758224061e-01 -1.502073219154453909e-02 3.841921167428381523e-01 -1.845496733031950498e-01 2.830494401899841250e-02 4.178879136321143051e-01 -2.522912957959988489e-01 -5.911923585091471978e-02 -1.868011908708808733e-01 6.927149044548741585e-02 9.138926840768135662e-02 -1.200695792607007206e-01 5.606374008109469287e-01 5.813930700315381728e-01
