5.710091996499954803e+00 3.941535689008787813e+00 1.997930918182930782e+00 1.295726351810913002e+00 -4.503922666572179878e-01 -3.212956370740016609e-01 -8.827537289982956281e-01 -1.257838956900855010e+00 6.558249553876862592e-01 -8.071428575337904476e-01 -1.848696880385261920e+00 5.877702347117406134e-01 -8.854506098178376305e-01 -2.010423284661442267e-01 -9.874239039857002354e-01 -1.683329018855886261e+00 -2.969243324261583439e-01 -4.739233865130358936e-01 -1.899860747559102947e+00 1.242764906728609731e+00 -9.600405631368857939e-02 -1.524946939120695788e+00 9.556122925999943618e-01 -1.832275402909999684e-02 5.584000049342421335e-01 -9.410767569096378793e-02 -4.418126740861225699e-01 1.192660116113302138e-01 -1.990911032815290582e+00 -9.027447768813772200e-01
3.941535689008787813e+00 4.074633819523910461e+00 1.745837904389532014e+00 8.269463294632828365e-01 -5.062404458232094839e-01 -7.157752700391029066e-01 -6.702326086200969257e-01 -1.692887001721715023e+00 3.636312161873433979e-01 -6.867761698880485710e-01 -1.725078523631111693e+00 6.636220701984711923e-01 -4.799468978195022828e-01 -1.181151733375145341e-01 -7.865560907973758731e-01 -1.228739160536122199e+00 1.595286398467692379e-01 -2.578646411446356979e-01 -1.179392107457175598e+00 1.191985409629921833e+00 3.438436496651320340e-02 -9.598754619713929515e-01 6.820707309828435427e-01 -1.995219850058447264e-01 4.725245718431665409e-01 -2.770796452084596240e-01 -3.630582255939884817e-01 -3.604375490317579533e-02 -1.788818825611940611e+00 -4.846992968551830927e-01
1.997930918182930782e+00 1.745837904389532014e+00 2.690248212132985373e+00 6.200319373328397887e-01 4.601156202886045321e-01 -1.058647099480367615e-01 -4.177566691272431854e-01 -4.846341572005599119e-01 -5.491689975135045643e-01 -4.463858123352224538e-01 -1.337116665162795925e+00 -2.264202305079834332e-01 -4.705417277111791918e-01 1.311188869677266666e-01 -4.292015257668708728e-01 -1.390953197428814292e+00 5.807165788493762193e-01 -7.409624827819243365e-01 -1.184186303855682354e+00 1.018672229593335032e+00 9.803706726961536333e-02 -1.274668371905249842e-01 4.064733228693739875e-02 -1.196089593191231870e-01 8.152048370022271229e-01 -6.342690035334612730e-01 -8.864588461477751480e-02 6.041221555502716001e-01 -1.521088412926133060e+00 -5.284135132679352864e-01
1.295726351810913002e+00 8.269463294632828365e-01 6.200319373328397887e-01 4.695532864926690308e-01 -3.758534088655096639e-02 8.878693500037115882e-03 -2.232043637004608172e-01 -1.920629247512124493e-01 1.868144561470899134e-01 -2.113244167193784051e-01 -4.392054037290904489e-01 6.856648901441531052e-02 -2.878209863400229551e-01 -4.288984141794571769e-02 -2.757067604284770823e-01 -4.924519454754090475e-01 -1.095648655052627873e-01 -1.989259857470528914e-01 -5.373038060356520873e-01 2.758097303532167643e-01 -2.794498932439637429e-02 -3.465671953007358752e-01 2.189655483728074614e-01 2.800841577163737384e-02 2.074676525310223951e-01 -2.494546512610895661e-02 -1.309940641749562928e-01 1.259246157744087213e-01 -4.754670624246273292e-01 -2.787277483938623845e-01
-4.503922666572179878e-01 -5.062404458232094839e-01 4.601156202886045321e-01 -3.758534088655096639e-02 9.035257787009527419e-01 2.354013897172535508e-01 -1.083491787999264488e-01 2.887991992089382620e-01 -5.698157315042635673e-01 1.000620236409304198e-01 -3.996941992600682170e-01 -1.510311775060131367e-01 1.798356792187973952e-01 -7.242296574236206652e-02 1.812665710553460485e-01 -2.057202368339403620e-01 3.325314089413495822e-01 -2.321640701075011748e-01 -1.926283004953859290e-01 3.778025656852150860e-01 -1.418942205248185928e-02 1.615083761928985950e-01 -1.684014115464833594e-01 -1.132321788231820392e-01 2.593268379332016593e-01 -3.250315954405209595e-01 1.651336313060483008e-01 2.939426332708308109e-01 -4.308675076551367056e-01 3.851620944612932362e-02
-3.212956370740016609e-01 -7.157752700391029066e-01 -1.058647099480367615e-01 8.878693500037115882e-03 2.354013897172535508e-01 5.911369755916666691e-01 3.588956990159886118e-02 5.459204344157910782e-01 -8.432599218781433592e-02 1.035168013535212594e-01 4.281112585437085727e-02 -3.460594282977922376e-01 7.853681425672220939e-03 -6.729987061794417968e-02 -3.215354826920702180e-02 -1.224953204804819507e-01 -1.356756769060893930e-01 -2.254422423674213860e-01 -1.285398995732691674e-01 -4.800737103641949943e-02 -3.735748764199797733e-03 1.204482443702659111e-01 -1.011451988583189632e-01 1.326462061366555645e-01 7.939416293652357126e-02 3.138447724620618828e-02 9.540956056503091531e-02 2.163498581770113560e-01 2.123872551752583604e-01 -2.161142874035704153e-02
-8.827537289982956281e-01 -6.702326086200969257e-01 -4.177566691272431854e-01 -2.232043637004608172e-01 -1.083491787999264488e-01 3.588956990159886118e-02 3.195652805031272692e-01 2.336052054499759834e-01 -1.096748806883738325e-01 1.528488241701211336e-01 4.787222325755919883e-01 -9.770515108453992070e-02 8.618635259875873089e-02 8.513423030387912149e-02 2.469148008327692878e-01 3.239384285445225942e-01 4.729938122920884780e-03 1.502624363333211477e-01 3.130517238723200535e-01 -3.585122815733257085e-01 1.056000174344262632e-04 1.965216586845031088e-01 -1.899311797494647180e-01 2.739847048144383734e-02 -2.017314092012725268e-01 4.919677585684212318e-02 3.851588227297497724e-02 -8.442242480134609650e-02 4.756358280552035467e-01 1.260500527285444150e-01
-1.257838956900855010e+00 -1.692887001721715023e+00 -4.846341572005599119e-01 -1.920629247512124493e-01 2.887991992089382620e-01 5.459204344157910782e-01 2.336052054499759834e-01 9.997037993112485310e-01 -1.333832337491571707e-01 3.121624416661461510e-01 6.477386170283239153e-01 -4.992894142934574120e-01 1.331848673812601191e-01 -7.898190012764416679e-02 2.509934860548810320e-01 3.114274287187299706e-01 -2.695096700035719550e-01 -2.492425706765288851e-02 1.808200408514153423e-01 -3.577764158393961225e-01 -5.571918339410331100e-02 1.784205589814291670e-01 -1.911217005911680644e-01 1.909318891362090653e-01 -7.678559561713882431e-02 1.069734055441813325e-01 1.948373389909079378e-01 1.770666672842935441e-01 5.470625058196105783e-01 1.526731335485465024e-02
6.558249553876862592e-01 3.636312161873433979e-01 -5.491689975135045643e-01 1.868144561470899134e-01 -5.698157315042635673e-01 -8.432599218781433592e-02 -1.096748806883738325e-01 -1.333832337491571707e-01 7.717812786444255835e-01 -7.011470478590808852e-02 2.964133016435539503e-01 1.810112764312634681e-01 -1.594857074222204574e-01 -1.172260836876830581e-01 -3.038129995514964321e-01 1.508293605935477899e-01 -5.684786049800436558e-01 2.084631397432872291e-01 2.831112447495343076e-02 -2.284502506302032998e-01 -2.759593866130671813e-02 -3.894080109594142414e-01 3.741043926093539085e-01 1.583552630362987657e-01 -1.154353472487059662e-01 3.902758442491744972e-01 -1.793297400530491359e-01 -1.776610994707539248e-01 1.929293137358172316e-01 -1.753775675277324808e-01
-8.071428575337904476e-01 -6.867761698880485710e-01 -4.463858123352224538e-01 -2.113244167193784051e-01 1.000620236409304198e-01 1.035168013535212594e-01 1.528488241701211336e-01 3.121624416661461510e-01 -7.011470478590808852e-02 2.342485471382929063e-01 3.552264716823856361e-01 -1.424732420753684892e-01 1.882209632026388135e-01 -4.806007258736144649e-02 2.145988154352949095e-01 3.084115385989889546e-01 -7.257390753244408188e-02 1.279213720516736430e-01 2.374968245526360988e-01 -1.906601576121715880e-01 -1.618588939726350873e-02 8.261542802188159840e-02 -9.643893624365773576e-02 5.028943563110033210e-02 -1.368000722997635421e-01 4.016983873958679396e-02 9.513631712945880281e-02 -4.857485313488041356e-02 2.868890959757095516e-01 8.369673385385567599e-02
-1.848696880385261920e+00 -1.725078523631111693e+00 -1.337116665162795925e+00 -4.392054037290904489e-01 -3.996941992600682170e-01 4.281112585437085727e-02 4.787222325755919883e-01 6.477386170283239153e-01 2.964133016435539503e-01 3.552264716823856361e-01 1.430929801181321182e+00 -2.068065840194890370e-01 1.768202201949407026e-01 1.077014838773493466e-02 3.589453673750995222e-01 9.711766743883458730e-01 -4.778992513903403960e-01 4.926351746279351573e-01 8.148092909349031743e-01 -9.131211300216364180e-01 -4.433217455391513795e-02 1.929040970019855195e-01 -9.656557803475607216e-02 2.008915326546798497e-01 -4.494328027224128164e-01 4.035172321564459708e-01 6.169511360747037543e-02 -2.523230745690057120e-01 1.119403368978794333e+00 1.348641838877142618e-01
5.877702347117406134e-01 6.636220701984711923e-01 -2.264202305079834332e-01 6.856648901441531052e-02 -1.510311775060131367e-01 -3.460594282977922376e-01 -9.770515108453992070e-02 -4.992894142934574120e-01 1.810112764312634681e-01 -1.424732420753684892e-01 -2.068065840194890370e-01 5.205374408374154882e-01 -4.766238756900520457e-02 2.773765261298422047e-02 -4.869928593529948557e-02 4.900688217443871508e-02 4.229821300339153822e-02 1.680958047316494230e-01 3.461608381587666372e-02 4.005508949222758019e-02 -2.418745431083380026e-02 -1.805258783305419001e-01 1.525803727197398985e-01 -1.235495826215355919e-01 -7.734541471978673144e-02 6.161120279807619227e-02 -1.596189007519797087e-01 -1.942466773684259351e-01 -1.307779234532517876e-01 5.889016986009210086e-02
-8.854506098178376305e-01 -4.799468978195022828e-01 -4.705417277111791918e-01 -2.878209863400229551e-01 1.798356792187973952e-01 7.853681425672220939e-03 8.618635259875873089e-02 1.331848673812601191e-01 -1.594857074222204574e-01 1.882209632026388135e-01 1.768202201949407026e-01 -4.766238756900520457e-02 3.483858283385643517e-01 -1.033936191402062832e-01 2.048886924861221814e-01 3.153229128569705608e-01 9.496487325685620817e-02 1.287580552154281577e-01 3.262080313807302900e-01 -4.523397388544481146e-02 9.265311905778617074e-03 1.623757009438122623e-01 -1.412285394737295974e-01 -4.435615301150619416e-02 -1.541679476068225085e-01 -2.884907152355253857e-02 1.467472475698627932e-01 -9.925913088750348834e-02 2.138460039053029504e-01 2.245330886840974927e-01
-2.010423284661442267e-01 -1.181151733375145341e-01 1.311188869677266666e-01 -4.288984141794571769e-02 -7.242296574236206652e-02 -6.729987061794417968e-02 8.513423030387912149e-02 -7.898190012764416679e-02 -1.172260836876830581e-01 -4.806007258736144649e-02 1.077014838773493466e-02 2.773765261298422047e-02 -1.033936191402062832e-01 2.702194277221678931e-01 2.154704951368557886e-02 2.506936481381671911e-03 2.005582293900829427e-01 -2.862364992830634947e-02 1.048654570698204225e-01 -1.649814410495764605e-01 3.855942518674737585e-02 2.243607449505589102e-01 -1.494401312032778151e-01 -2.404132351870202911e-02 -1.272451497902693518e-02 -3.198111854300123014e-02 -4.234647783124501075e-02 -8.757124702128749050e-03 1.343757114224786164e-01 6.057454340657386638e-02
-9.874239039857002354e-01 -7.865560907973758731e-01 -4.292015257668708728e-01 -2.757067604284770823e-01 1.812665710553460485e-01 -3.215354826920702180e-02 2.469148008327692878e-01 2.509934860548810320e-01 -3.038129995514964321e-01 2.145988154352949095e-01 3.589453673750995222e-01 -4.869928593529948557e-02 2.048886924861221814e-01 2.154704951368557886e-02 5.167053718390661743e-01 3.850046078240438874e-01 1.319540150345233087e-01 1.866009155548340459e-01 3.077841510861958341e-01 -2.381219400057830171e-01 -6.289904578841287730e-02 1.886943827508389404e-01 -2.008700190364152149e-01 -6.440854454984901167e-02 -1.891497033211066991e-01 -3.623907480488242072e-02 7.609439855821165111e-02 -9.560463890136361442e-02 3.170820566803058682e-01 1.617742015521912435e-01
-1.683329018855886261e+00 -1.228739160536122199e+00 -1.390953197428814292e+00 -4.924519454754090475e-01 -2.057202368339403620e-01 -1.224953204804819507e-01 3.239384285445225942e-01 3.114274287187299706e-01 1.508293605935477899e-01 3.084115385989889546e-01 9.711766743883458730e-01 4.900688217443871508e-02 3.153229128569705608e-01 2.506936481381671911e-03 3.850046078240438874e-01 1.014591481694708364e+00 -2.422214766511956441e-01 5.410992566702930162e-01 8.624156930191588799e-01 -6.276981092776168225e-01 -4.522009622797895645e-02 1.552414410382141341e-01 -8.668307682015097271e-02 4.991536195825574396e-02 -4.617155273700461748e-01 2.843015249783888976e-01 1.154782766308812825e-01 -3.424250705038502929e-01 8.216494073336093606e-01 2.673349419997066434e-01
-2.969243324261583439e-01 1.595286398467692379e-01 5.807165788493762193e-01 -1.095648655052627873e-01 3.325314089413495822e-01 -1.356756769060893930e-01 4.729938122920884780e-03 -2.695096700035719550e-01 -5.684786049800436558e-01 -7.257390753244408188e-02 -4.778992513903403960e-01 4.229821300339153822e-02 9.496487325685620817e-02 2.005582293900829427e-01 1.319540150345233087e-01 -2.422214766511956441e-01 7.029025563846857949e-01 -1.859524657846804985e-01 2.190433430791927094e-02 1.954751355538064672e-01 9.277249506811813262e-02 4.388954812624774604e-01 -3.374275821263950093e-01 -2.268963781780826139e-01 9.050221635197885917e-02 -3.352895065479515324e-01 4.423279381376232777e-02 7.028750963149832387e-02 -1.708694572125750710e-01 2.250290678633746211e-01
-4.739233865130358936e-01 -2.578646411446356979e-01 -7.409624827819243365e-01 -1.989259857470528914e-01 -2.321640701075011748e-01 -2.254422423674213860e-01 1.502624363333211477e-01 -2.492425706765288851e-02 2.084631397432872291e-01 1.279213720516736430e-01 4.926351746279351573e-01 1.680958047316494230e-01 1.287580552154281577e-01 -2.862364992830634947e-02 1.866009155548340459e-01 5.410992566702930162e-01 -1.859524657846804985e-01 5.041285570700324570e-01 4.118133159263379639e-01 -3.134387410354406711e-01 -3.320468162161205328e-02 -1.516321455488878200e-01 9.884798646828585333e-02 -2.009445818117683302e-02 -2.670769340287506566e-01 1.694027946642222560e-01 -5.525227544143263003e-02 -2.682961108185395460e-01 2.820815610336921964e-01 7.668871689645584411e-03
-1.899860747559102947e+00 -1.179392107457175598e+00 -1.184186303855682354e+00 -5.373038060356520873e-01 -1.926283004953859290e-01 -1.285398995732691674e-01 3.130517238723200535e-01 1.808200408514153423e-01 2.831112447495343076e-02 2.374968245526360988e-01 8.148092909349031743e-01 3.461608381587666372e-02 3.262080313807302900e-01 1.048654570698204225e-01 3.077841510861958341e-01 8.624156930191588799e-01 2.190433430791927094e-02 4.118133159263379639e-01 9.599458387606887300e-01 -6.086691525817684578e-01 4.028360343315284808e-02 4.687014042383168544e-01 -2.440500331350392571e-01 -1.638494838843485013e-02 -4.188344393359670903e-01 1.956821128559340650e-01 1.121689440542468219e-01 -3.118206542420978167e-01 9.066584151416350323e-01 3.941345287346393889e-01
1.242764906728609731e+00 1.191985409629921833e+00 1.018672229593335032e+00 2.758097303532167643e-01 3.778025656852150860e-01 -4.800737103641949943e-02 -3.585122815733257085e-01 -3.577764158393961225e-01 -2.284502506302032998e-01 -1.906601576121715880e-01 -9.131211300216364180e-01 4.005508949222758019e-02 -4.523397388544481146e-02 -1.649814410495764605e-01 -2.381219400057830171e-01 -6.276981092776168225e-01 1.954751355538064672e-01 -3.134387410354406711e-01 -6.086691525817684578e-01 8.242308161698019831e-01 1.896037084867430167e-02 -2.520644244613947649e-01 1.132791412956066779e-01 -1.067904841217455214e-01 3.561103564851464398e-01 -3.316368249059564732e-01 1.357645998075440730e-02 2.081530275814316155e-01 -9.352573150026728399e-01 -1.564561959838783878e-01
-9.600405631368857939e-02 3.438436496651320340e-02 9.803706726961536333e-02 -2.794498932439637429e-02 -1.418942205248185928e-02 -3.735748764199797733e-03 1.056000174344262632e-04 -5.571918339410331100e-02 -2.759593866130671813e-02 -1.618588939726350873e-02 -4.433217455391513795e-02 -2.418745431083380026e-02 9.265311905778617074e-03 3.855942518674737585e-02 -6.289904578841287730e-02 -4.522009622797895645e-02 9.277249506811813262e-02 -3.320468162161205328e-02 4.028360343315284808e-02 1.896037084867430167e-02 7.449153006791675580e-02 1.194406638571763324e-01 -7.380092652198300129e-02 -1.868780155422200551e-02 1.216012799591226212e-02 -3.002698008288007259e-02 -2.471132089596039805e-02 4.099638792013138300e-03 3.339181060084683850e-02 2.249373911746488375e-02
-1.524946939120695788e+00 -9.598754619713929515e-01 -1.274668371905249842e-01 -3.465671953007358752e-01 1.615083761928985950e-01 1.204482443702659111e-01 1.965216586845031088e-01 1.784205589814291670e-01 -3.894080109594142414e-01 8.261542802188159840e-02 1.929040970019855195e-01 -1.805258783305419001e-01 1.623757009438122623e-01 2.243607449505589102e-01 1.886943827508389404e-01 1.552414410382141341e-01 4.388954812624774604e-01 -1.516321455488878200e-01 4.687014042383168544e-01 -2.520644244613947649e-01 1.194406638571763324e-01 8.520186036347183745e-01 -4.837664717978782392e-01 -8.343582776251423638e-02 -6.648686073140197550e-02 -1.046720261635414317e-01 1.017851647764018708e-01 2.052687706520828215e-02 6.042891146497311183e-01 4.021002905045065745e-01
9.556122925999943618e-01 6.820707309828435427e-01 4.064733228693739875e-02 2.189655483728074614e-01 -1.684014115464833594e-01 -1.011451988583189632e-01 -1.899311797494647180e-01 -1.911217005911680644e-01 3.741043926093539085e-01 -9.643893624365773576e-02 -9.656557803475607216e-02 1.525803727197398985e-01 -1.412285394737295974e-01 -1.494401312032778151e-01 -2.008700190364152149e-01 -8.668307682015097271e-02 -3.374275821263950093e-01 9.884798646828585333e-02 -2.440500331350392571e-01 1.132791412956066779e-01 -7.380092652198300129e-02 -4.837664717978782392e-01 4.259136540447912012e-01 5.301924901374377441e-02 9.683091633652907149e-02 1.222254204146793199e-01 -7.811107388215532410e-02 -2.931148831612517824e-02 -4.005325237791907966e-01 -2.652703160929377191e-01
-1.832275402909999684e-02 -1.995219850058447264e-01 -1.196089593191231870e-01 2.800841577163737384e-02 -1.132321788231820392e-01 1.326462061366555645e-01 2.739847048144383734e-02 1.909318891362090653e-01 1.583552630362987657e-01 5.028943563110033210e-02 2.008915326546798497e-01 -1.235495826215355919e-01 -4.435615301150619416e-02 -2.404132351870202911e-02 -6.440854454984901167e-02 4.991536195825574396e-02 -2.268963781780826139e-01 -2.009445818117683302e-02 -1.638494838843485013e-02 -1.067904841217455214e-01 -1.868780155422200551e-02 -8.343582776251423638e-02 5.301924901374377441e-02 1.522838338561882665e-01 -9.743185942170384806e-03 1.086209668453079757e-01 -1.895548514539768803e-03 1.663115472376830439e-02 1.170188157097413750e-01 -9.504019858729861880e-02
5.584000049342421335e-01 4.725245718431665409e-01 8.152048370022271229e-01 2.074676525310223951e-01 2.593268379332016593e-01 7.939416293652357126e-02 -2.017314092012725268e-01 -7.678559561713882431e-02 -1.154353472487059662e-01 -1.368000722997635421e-01 -4.494328027224128164e-01 -7.734541471978673144e-02 -1.541679476068225085e-01 -1.272451497902693518e-02 -1.891497033211066991e-01 -4.617155273700461748e-01 9.050221635197885917e-02 -2.670769340287506566e-01 -4.188344393359670903e-01 3.561103564851464398e-01 1.216012799591226212e-02 -6.648686073140197550e-02 9.683091633652907149e-02 -9.743185942170384806e-03 3.924922268998045638e-01 -1.763064760763199956e-01 -6.304916459254172878e-02 2.813760522539610065e-01 -5.600447445048075679e-01 -1.849596829450206315e-01
-9.410767569096378793e-02 -2.770796452084596240e-01 -6.342690035334612730e-01 -2.494546512610895661e-02 -3.250315954405209595e-01 3.138447724620618828e-02 4.919677585684212318e-02 1.069734055441813325e-01 3.902758442491744972e-01 4.016983873958679396e-02 4.035172321564459708e-01 6.161120279807619227e-02 -2.884907152355253857e-02 -3.198111854300123014e-02 -3.623907480488242072e-02 2.843015249783888976e-01 -3.352895065479515324e-01 1.694027946642222560e-01 1.956821128559340650e-01 -3.316368249059564732e-01 -3.002698008288007259e-02 -1.046720261635414317e-01 1.222254204146793199e-01 1.086209668453079757e-01 -1.763064760763199956e-01 3.067137467805878259e-01 -5.290552020170480318e-02 -1.404688094473272031e-01 3.615894321532664435e-01 -7.855397332946267852e-03
-4.418126740861225699e-01 -3.630582255939884817e-01 -8.864588461477751480e-02 -1.309940641749562928e-01 1.651336313060483008e-01 9.540956056503091531e-02 3.851588227297497724e-02 1.948373389909079378e-01 -1.793297400530491359e-01 9.513631712945880281e-02 6.169511360747037543e-02 -1.596189007519797087e-01 1.467472475698627932e-01 -4.234647783124501075e-02 7.609439855821165111e-02 1.154782766308812825e-01 4.423279381376232777e-02 -5.525227544143263003e-02 1.121689440542468219e-01 1.357645998075440730e-02 -2.471132089596039805e-02 1.017851647764018708e-01 -7.811107388215532410e-02 -1.895548514539768803e-03 -6.304916459254172878e-02 -5.290552020170480318e-02 2.557683024764969559e-01 2.602372327316970768e-02 5.694681461642403519e-02 8.218199666629288913e-02
1.192660116113302138e-01 -3.604375490317579533e-02 6.041221555502716001e-01 1.259246157744087213e-01 2.939426332708308109e-01 2.163498581770113560e-01 -8.442242480134609650e-02 1.770666672842935441e-01 -1.776610994707539248e-01 -4.857485313488041356e-02 -2.523230745690057120e-01 -1.942466773684259351e-01 -9.925913088750348834e-02 -8.757124702128749050e-03 -9.560463890136361442e-02 -3.424250705038502929e-01 7.028750963149832387e-02 -2.682961108185395460e-01 -3.118206542420978167e-01 2.081530275814316155e-01 4.099638792013138300e-03 2.052687706520828215e-02 -2.931148831612517824e-02 1.663115472376830439e-02 2.813760522539610065e-01 -1.404688094473272031e-01 2.602372327316970768e-02 3.394078580232644526e-01 -2.825447988230962437e-01 -1.314177379908301191e-01
-1.990911032815290582e+00 -1.788818825611940611e+00 -1.521088412926133060e+00 -4.754670624246273292e-01 -4.308675076551367056e-01 2.123872551752583604e-01 4.756358280552035467e-01 5.470625058196105783e-01 1.929293137358172316e-01 2.868890959757095516e-01 1.119403368978794333e+00 -1.307779234532517876e-01 2.138460039053029504e-01 1.343757114224786164e-01 3.170820566803058682e-01 8.216494073336093606e-01 -1.708694572125750710e-01 2.820815610336921964e-01 9.066584151416350323e-01 -9.352573150026728399e-01 3.339181060084683850e-02 6.042891146497311183e-01 -4.005325237791907966e-01 1.170188157097413750e-01 -5.600447445048075679e-01 3.615894321532664435e-01 5.694681461642403519e-02 -2.825447988230962437e-01 1.563914802123235859e+00 4.400296678760469149e-01
-9.027447768813772200e-01 -4.846992968551830927e-01 -5.284135132679352864e-01 -2.787277483938623845e-01 3.851620944612932362e-02 -2.161142874035704153e-02 1.260500527285444150e-01 1.526731335485465024e-02 -1.753775675277324808e-01 8.369673385385567599e-02 1.348641838877142618e-01 5.889016986009210086e-02 2.245330886840974927e-01 6.057454340657386638e-02 1.617742015521912435e-01 2.673349419997066434e-01 2.250290678633746211e-01 7.668871689645584411e-03 3.941345287346393889e-01 -1.564561959838783878e-01 2.249373911746488375e-02 4.021002905045065745e-01 -2.652703160929377191e-01 -9.504019858729861880e-02 -1.849596829450206315e-01 -7.855397332946267852e-03 8.218199666629288913e-02 -1.314177379908301191e-01 4.400296678760469149e-01 4.874345650487157400e-01
