5.466974865137899542e+00 3.717137055944533586e+00 1.869533448858305746e+00 1.223718524120840812e+00 -2.071811463636095141e-01 -2.429131105474198193e-01 -8.772594859243554311e-01 -1.211815477897857818e+00 6.065388250646037704e-01 -6.932338286783306103e-01 -1.903380197761919135e+00 5.215291972447175795e-01 -8.571574165879951579e-01 -1.722317523763194913e-01 -9.593039242013219337e-01 -1.626172506069337942e+00 -2.946847348999312999e-01 -4.344086371319235695e-01 -1.813421467170542201e+00 1.118208606873793087e+00 4.586106720950056115e-02 -1.426695657755089996e+00 8.336418788636024146e-01 4.320262193226653835e-02 4.921912713808183071e-01 -5.915081930305632341e-02 -4.784101694962146212e-01 1.110564192377978543e-01 -1.820542137495294810e+00 -9.716294432450922613e-01
3.717137055944533586e+00 4.096874574809987735e+00 1.663637865083330780e+00 7.219341749668046759e-01 -3.197645463862386350e-01 -7.236126700606746454e-01 -6.281457665128868939e-01 -1.710500954852989253e+00 3.358938712528356518e-01 -5.675117427690565819e-01 -1.738765649194704110e+00 6.532040756810602034e-01 -4.522411601355429411e-01 -1.529343938132683434e-01 -8.185400800155093748e-01 -1.067728980012702777e+00 -2.002312165376451958e-02 -2.049498053922889085e-01 -1.057446368683287119e+00 9.612800523715350209e-01 9.843085347779378935e-02 -9.375265163364474574e-01 6.006302997472516836e-01 -1.020193893400573870e-01 3.670731149392167936e-01 -1.672353446055012682e-01 -4.234557385138941754e-01 -9.554348349405472618e-02 -1.549562277436166369e+00 -4.785895338792442999e-01
1.869533448858305746e+00 1.663637865083330780e+00 2.793166142712891542e+00 5.218305901038888805e-01 4.274745014159861967e-01 -7.588745784937600547e-02 -3.565584857311137057e-01 -5.257960236306189472e-01 -4.506725045708890320e-01 -3.283727946034105116e-01 -1.198561058495158704e+00 -1.904010671295282009e-01 -4.219311250553801074e-01 1.618565296155907163e-01 -3.726502444417292281e-01 -1.255119442190277823e+00 5.370595806366509350e-01 -6.590135577258138255e-01 -1.065709055208373002e+00 8.747264649025510153e-01 2.760451025199017749e-02 -1.618953198619692557e-01 9.216176698942035728e-03 -2.267837844410109938e-01 7.059858470800577379e-01 -5.809336452619504598e-01 -2.368022579387911719e-01 4.922358720158968026e-01 -1.368681146985863961e+00 -6.085596139470226262e-01
1.223718524120840812e+00 7.219341749668046759e-01 5.218305901038888805e-01 4.373656538695058771e-01 -2.932897316782145936e-03 3.325971560650486936e-02 -2.156546983628686576e-01 -1.724870692552258333e-01 1.952788849016542372e-01 -1.747090258460843870e-01 -4.205776616143452884e-01 6.684239416648551924e-02 -2.717111621963113066e-01 -2.846903960613644813e-02 -2.383915968924270601e-01 -4.571015038910104522e-01 -9.432795832367446565e-02 -1.619236220735160714e-01 -4.993309469582527527e-01 2.400949852674898466e-01 4.545054771369905211e-04 -3.255294146579785775e-01 1.910499920034567367e-01 2.472323767364059677e-02 1.739483293358148330e-01 -1.041667647081112591e-02 -1.462519425626851444e-01 1.090044035220216756e-01 -4.238684271913939483e-01 -2.958222647921502357e-01
-2.071811463636095141e-01 -3.197645463862386350e-01 4.274745014159861967e-01 -2.932897316782145936e-03 7.450700239040770612e-01 2.423840462467978796e-01 -1.272216539666715107e-01 1.427590318916145407e-01 -3.980453023967243098e-01 9.495668033906667915e-02 -4.403663067976140155e-01 -7.086476140023023618e-02 1.769202041755306709e-01 -8.446065732869101339e-02 6.579171703293695828e-02 -2.133384293773588070e-01 2.420129219989917146e-01 -2.293942275929907737e-01 -2.104532217504413438e-01 3.786303202523981781e-01 -3.915527315200506564e-02 6.262346494895609794e-02 -7.717880202147853197e-02 -1.175704160962709466e-01 2.147363644557458429e-01 -2.200881919687276422e-01 9.692236902969852963e-02 2.118912567201505226e-01 -3.666143579881691039e-01 2.245653379861778376e-02
-2.429131105474198193e-01 -7.236126700606746454e-01 -7.588745784937600547e-02 3.325971560650486936e-02 2.423840462467978796e-01 6.049839463930766215e-01 -2.049115597782247278e-02 5.281667574355992656e-01 -7.981380377282221161e-02 8.319985363863224848e-02 -4.925383511704239936e-03 -3.324688567071234502e-01 2.703979832836012065e-02 -3.778989338570681866e-02 -3.584229459079324442e-03 -2.048869528274508411e-01 8.919088184029533295e-04 -2.265981164611616805e-01 -1.697904898068713919e-01 7.137627609029095765e-02 5.753248731309668074e-03 1.362013760634113169e-01 -1.031840711727340931e-01 4.690791447626452282e-02 1.193602652149365895e-01 -4.270579168456833941e-02 1.019296146794204105e-01 2.390207825437755673e-01 6.939877279967276991e-02 -4.122136177068114193e-02
-8.772594859243554311e-01 -6.281457665128868939e-01 -3.565584857311137057e-01 -2.156546983628686576e-01 -1.272216539666715107e-01 -2.049115597782247278e-02 3.192602302480622711e-01 2.299503079483429246e-01 -1.370674501627036079e-01 1.275990956844452739e-01 4.990730452325351507e-01 -7.913095167509709427e-02 8.053086684520849303e-02 8.035296624740340121e-02 2.744204999873431916e-01 3.267540744448069745e-01 2.867808886674083624e-02 1.570674343480504831e-01 3.100757999746406313e-01 -3.374827297010938310e-01 -2.882373179772912408e-02 1.890680858080600046e-01 -1.798753035944855583e-01 6.727589752131279965e-03 -1.814415306398586836e-01 1.688711069073178805e-02 4.754277302436094033e-02 -7.893213501603213444e-02 4.177839501255675714e-01 1.363133647626000311e-01
-1.211815477897857818e+00 -1.710500954852989253e+00 -5.257960236306189472e-01 -1.724870692552258333e-01 1.427590318916145407e-01 5.281667574355992656e-01 2.299503079483429246e-01 1.022561049941714373e+00 -7.778255634065089907e-02 2.786941998501788476e-01 7.524769032308427086e-01 -5.038669425750299524e-01 1.420962122032278785e-01 -5.589429006869295335e-02 3.087011433428301643e-01 2.968683609030335901e-01 -1.807604075808626476e-01 2.112697536392715847e-02 1.647424171856641806e-01 -2.779241712449902479e-01 -6.483792860581161221e-02 1.430235625057321158e-01 -1.675287003449170697e-01 1.420476343834025101e-01 -5.467582120701308668e-02 4.346352133796926864e-02 2.067708114662423213e-01 1.836040283315583110e-01 4.313492993276213383e-01 -3.452858297879402016e-02
6.065388250646037704e-01 3.358938712528356518e-01 -4.506725045708890320e-01 1.952788849016542372e-01 -3.980453023967243098e-01 -7.981380377282221161e-02 -1.370674501627036079e-01 -7.778255634065089907e-02 6.090495226149528207e-01 -9.345969412783006192e-02 1.933925195286860799e-01 1.123724243409469636e-01 -1.701777118266250000e-01 -9.503806039225537461e-02 -2.530917961374825609e-01 6.112118960771795173e-02 -4.361444703284860225e-01 1.579745060318487049e-01 -3.779348249381087044e-02 -1.320940220807074184e-01 3.892270134832642725e-02 -3.153387792482931218e-01 2.994840309464734673e-01 1.775055453501295233e-01 -3.235991417875538900e-02 2.728632762512006593e-01 -1.161105531862745011e-01 -7.674112702909496875e-02 3.747097045169311968e-02 -1.961352039267012515e-01
-6.932338286783306103e-01 -5.675117427690565819e-01 -3.283727946034105116e-01 -1.747090258460843870e-01 9.495668033906667915e-02 8.319985363863224848e-02 1.275990956844452739e-01 2.786941998501788476e-01 -9.345969412783006192e-02 1.911643807346194990e-01 2.964952784355432414e-01 -1.356299882074267771e-01 1.740238422561333209e-01 -4.944765195637046418e-02 1.918751137577032750e-01 2.428173648776805749e-01 -3.393462527077417690e-02 9.199076403581329942e-02 1.766021214252191385e-01 -1.200165405290931631e-01 -2.007490958703783690e-02 6.536368491208577325e-02 -8.617387334470549831e-02 3.871023847648302763e-02 -8.916815882298578799e-02 -2.718454445016504906e-03 9.976175422383448677e-02 -2.045962879844864801e-02 1.896575777361704240e-01 7.199998825427655902e-02
-1.903380197761919135e+00 -1.738765649194704110e+00 -1.198561058495158704e+00 -4.205776616143452884e-01 -4.403663067976140155e-01 -4.925383511704239936e-03 4.990730452325351507e-01 7.524769032308427086e-01 1.933925195286860799e-01 2.964952784355432414e-01 1.522421324009997079e+00 -2.916364774847011176e-01 1.556374643723756890e-01 1.992779331999372516e-02 4.406731635409073533e-01 9.279397010993193362e-01 -3.822331281122046676e-01 4.686542793652961336e-01 7.571100119765503678e-01 -8.208015254505767189e-01 -5.528224602647924257e-02 2.016964429712402307e-01 -1.208907245159025479e-01 2.152322932195716021e-01 -3.552986331401939424e-01 2.687344000070766015e-01 1.375792845510659390e-01 -1.586952776658563380e-01 9.394962315666930408e-01 9.487370279828155617e-02
5.215291972447175795e-01 6.532040756810602034e-01 -1.904010671295282009e-01 6.684239416648551924e-02 -7.086476140023023618e-02 -3.324688567071234502e-01 -7.913095167509709427e-02 -5.038669425750299524e-01 1.123724243409469636e-01 -1.356299882074267771e-01 -2.916364774847011176e-01 4.926719454115300323e-01 -6.754899195658481403e-02 1.979482537677768050e-02 -9.900345879879068889e-02 3.025215950989945668e-02 -5.056541210706200218e-04 1.062355825977476798e-01 3.145924331596461343e-02 4.321896612282216665e-03 -3.265042341240587120e-04 -1.257315126266007610e-01 1.332908150037610540e-01 -5.676901724763183665e-02 -7.045613808850248461e-02 1.021850435251394629e-01 -1.346404193517400927e-01 -1.715850584805593826e-01 -4.592201268962980976e-02 1.023292714810395410e-01
-8.571574165879951579e-01 -4.522411601355429411e-01 -4.219311250553801074e-01 -2.717111621963113066e-01 1.769202041755306709e-01 2.703979832836012065e-02 8.053086684520849303e-02 1.420962122032278785e-01 -1.701777118266250000e-01 1.740238422561333209e-01 1.556374643723756890e-01 -6.754899195658481403e-02 3.482382557859295957e-01 -1.212688739038867425e-01 1.584213862451520072e-01 2.873461557840357727e-01 6.669805585903532119e-02 8.777212192444494576e-02 2.924557190559085029e-01 -2.473313168343338475e-02 2.925600426237906504e-04 1.574675343868250366e-01 -1.263101936552857296e-01 -2.484167357317801361e-02 -1.308797074294716367e-01 -2.551240924924513820e-02 1.655210012692123200e-01 -8.031465157739603455e-02 2.087151147001122808e-01 2.454517548938497384e-01
-1.722317523763194913e-01 -1.529343938132683434e-01 1.618565296155907163e-01 -2.846903960613644813e-02 -8.446065732869101339e-02 -3.778989338570681866e-02 8.035296624740340121e-02 -5.589429006869295335e-02 -9.503806039225537461e-02 -4.944765195637046418e-02 1.992779331999372516e-02 1.979482537677768050e-02 -1.212688739038867425e-01 2.697186875935244643e-01 2.141482742479183798e-02 -2.150599934645924804e-02 1.933557594356898335e-01 -4.025430011091657434e-02 9.382596748085347826e-02 -1.637793706765364732e-01 1.341357022835154567e-02 2.259433929235683536e-01 -1.386845174613426934e-01 -4.487149967923187432e-02 -7.042317496313899028e-03 -2.593388201427160311e-02 -5.175199313913481092e-02 -1.564042152608635661e-04 1.386840090711416451e-01 5.322580050511760419e-02
-9.593039242013219337e-01 -8.185400800155093748e-01 -3.726502444417292281e-01 -2.383915968924270601e-01 6.579171703293695828e-02 -3.584229459079324442e-03 2.744204999873431916e-01 3.087011433428301643e-01 -2.530917961374825609e-01 1.918751137577032750e-01 4.406731635409073533e-01 -9.900345879879068889e-02 1.584213862451520072e-01 2.141482742479183798e-02 4.750184787019975374e-01 3.726342724902451664e-01 6.162308294562990341e-02 1.589921445874438177e-01 2.832976656086998446e-01 -2.801396555590827120e-01 -8.693894438641791567e-02 1.681758255233205546e-01 -1.733209976187026768e-01 -2.250675519616152087e-02 -1.738390686112438743e-01 1.384445067856177047e-03 7.000197065633528837e-02 -7.729004225626567859e-02 3.724125422954216447e-01 1.337627836235242285e-01
-1.626172506069337942e+00 -1.067728980012702777e+00 -1.255119442190277823e+00 -4.571015038910104522e-01 -2.133384293773588070e-01 -2.048869528274508411e-01 3.267540744448069745e-01 2.968683609030335901e-01 6.112118960771795173e-02 2.428173648776805749e-01 9.279397010993193362e-01 3.025215950989945668e-02 2.873461557840357727e-01 -2.150599934645924804e-02 3.726342724902451664e-01 9.632646398297879387e-01 -2.325674615775028542e-01 4.871862593280127385e-01 7.905650151590180030e-01 -5.477388722402736221e-01 -5.156324644627829912e-02 1.345448219409774993e-01 -6.642265791759882632e-02 1.006171741084926907e-01 -3.824075959198296459e-01 2.256759710766687022e-01 1.773046279176355711e-01 -2.796106976617807049e-01 6.988185804416957581e-01 2.824541083552958298e-01
-2.946847348999312999e-01 -2.002312165376451958e-02 5.370595806366509350e-01 -9.432795832367446565e-02 2.420129219989917146e-01 8.919088184029533295e-04 2.867808886674083624e-02 -1.807604075808626476e-01 -4.361444703284860225e-01 -3.393462527077417690e-02 -3.822331281122046676e-01 -5.056541210706200218e-04 6.669805585903532119e-02 1.933557594356898335e-01 6.162308294562990341e-02 -2.325674615775028542e-01 5.571643589782411254e-01 -2.137289324195990048e-01 3.661316408840775694e-02 8.786834407413834924e-02 3.792400110137350566e-02 4.320557550292960514e-01 -3.005446000628921865e-01 -2.160262302396631640e-01 4.456776811349527634e-02 -2.180793291944951307e-01 4.291046076446036750e-03 4.690177492676639304e-02 2.123843584956830455e-02 2.246162995608074198e-01
-4.344086371319235695e-01 -2.049498053922889085e-01 -6.590135577258138255e-01 -1.619236220735160714e-01 -2.293942275929907737e-01 -2.265981164611616805e-01 1.570674343480504831e-01 2.112697536392715847e-02 1.579745060318487049e-01 9.199076403581329942e-02 4.686542793652961336e-01 1.062355825977476798e-01 8.777212192444494576e-02 -4.025430011091657434e-02 1.589921445874438177e-01 4.871862593280127385e-01 -2.137289324195990048e-01 4.288803432309293839e-01 3.476297300803992130e-01 -3.005862106966219471e-01 -1.756912702535373683e-02 -1.451896429075816286e-01 8.356753633717062257e-02 6.218059631856931446e-02 -2.205982175410952095e-01 1.511531698969861282e-01 -1.317403809207462473e-02 -2.095257836461428269e-01 2.644120947758210605e-01 2.092139738977039087e-03
-1.813421467170542201e+00 -1.057446368683287119e+00 -1.065709055208373002e+00 -4.993309469582527527e-01 -2.104532217504413438e-01 -1.697904898068713919e-01 3.100757999746406313e-01 1.647424171856641806e-01 -3.779348249381087044e-02 1.766021214252191385e-01 7.571100119765503678e-01 3.145924331596461343e-02 2.924557190559085029e-01 9.382596748085347826e-02 2.832976656086998446e-01 7.905650151590180030e-01 3.661316408840775694e-02 3.476297300803992130e-01 8.899866953722721519e-01 -5.420946239493389385e-01 1.299168078406864879e-02 4.688571972640431795e-01 -2.171214616273289266e-01 -2.011410442946726107e-03 -3.553503406247671137e-01 1.575933662746535902e-01 1.592455508908301454e-01 -2.604396955351546694e-01 8.172312789815805445e-01 4.406817225833492557e-01
1.118208606873793087e+00 9.612800523715350209e-01 8.747264649025510153e-01 2.400949852674898466e-01 3.786303202523981781e-01 7.137627609029095765e-02 -3.374827297010938310e-01 -2.779241712449902479e-01 -1.320940220807074184e-01 -1.200165405290931631e-01 -8.208015254505767189e-01 4.321896612282216665e-03 -2.473313168343338475e-02 -1.637793706765364732e-01 -2.801396555590827120e-01 -5.477388722402736221e-01 8.786834407413834924e-02 -3.005862106966219471e-01 -5.420946239493389385e-01 6.948143580331134217e-01 3.444847935810457784e-02 -2.395726652086125341e-01 9.989423651194329068e-02 -7.765562856957330951e-02 2.844966135242543714e-01 -2.303317851664701266e-01 -2.198032359819990234e-02 1.688393100782832335e-01 -7.296512700881976343e-01 -1.724185444476802331e-01
4.586106720950056115e-02 9.843085347779378935e-02 2.760451025199017749e-02 4.545054771369905211e-04 -3.915527315200506564e-02 5.753248731309668074e-03 -2.882373179772912408e-02 -6.483792860581161221e-02 3.892270134832642725e-02 -2.007490958703783690e-02 -5.528224602647924257e-02 -3.265042341240587120e-04 2.925600426237906504e-04 1.341357022835154567e-02 -8.693894438641791567e-02 -5.156324644627829912e-02 3.792400110137350566e-02 -1.756912702535373683e-02 1.299168078406864879e-02 3.444847935810457784e-02 6.698181793939284034e-02 5.962929397909988438e-02 -3.314726816722668445e-02 -1.374694048530500368e-02 -2.667882752632522170e-03 -5.270323177910540835e-03 -3.241196255441991525e-02 -1.609955307122845625e-02 1.347601202337500581e-02 1.173155679714454891e-02
-1.426695657755089996e+00 -9.375265163364474574e-01 -1.618953198619692557e-01 -3.255294146579785775e-01 6.262346494895609794e-02 1.362013760634113169e-01 1.890680858080600046e-01 1.430235625057321158e-01 -3.153387792482931218e-01 6.536368491208577325e-02 2.016964429712402307e-01 -1.257315126266007610e-01 1.574675343868250366e-01 2.259433929235683536e-01 1.681758255233205546e-01 1.345448219409774993e-01 4.320557550292960514e-01 -1.451896429075816286e-01 4.688571972640431795e-01 -2.395726652086125341e-01 5.962929397909988438e-02 8.317180983371486036e-01 -4.265033665301416477e-01 -1.560923544105889960e-01 -8.496961658670443285e-02 -7.221214691423938348e-02 8.292141412374576248e-02 -9.825169464761529525e-03 6.104720150664491030e-01 4.573191067803463739e-01
8.336418788636024146e-01 6.006302997472516836e-01 9.216176698942035728e-03 1.910499920034567367e-01 -7.717880202147853197e-02 -1.031840711727340931e-01 -1.798753035944855583e-01 -1.675287003449170697e-01 2.994840309464734673e-01 -8.617387334470549831e-02 -1.208907245159025479e-01 1.332908150037610540e-01 -1.263101936552857296e-01 -1.386845174613426934e-01 -1.733209976187026768e-01 -6.642265791759882632e-02 -3.005446000628921865e-01 8.356753633717062257e-02 -2.171214616273289266e-01 9.989423651194329068e-02 -3.314726816722668445e-02 -4.265033665301416477e-01 3.625254471009498047e-01 8.933296346367569640e-02 9.155484197799523827e-02 1.029513085927646898e-01 -5.156624893828620770e-02 -1.383875955872326813e-02 -3.611740202994724314e-01 -2.536722339945072235e-01
4.320262193226653835e-02 -1.020193893400573870e-01 -2.267837844410109938e-01 2.472323767364059677e-02 -1.175704160962709466e-01 4.690791447626452282e-02 6.727589752131279965e-03 1.420476343834025101e-01 1.775055453501295233e-01 3.871023847648302763e-02 2.152322932195716021e-01 -5.676901724763183665e-02 -2.484167357317801361e-02 -4.487149967923187432e-02 -2.250675519616152087e-02 1.006171741084926907e-01 -2.160262302396631640e-01 6.218059631856931446e-02 -2.011410442946726107e-03 -7.765562856957330951e-02 -1.374694048530500368e-02 -1.560923544105889960e-01 8.933296346367569640e-02 1.382976656051937425e-01 -2.010613230055469103e-02 9.035553127029061216e-02 6.544106423575613007e-03 -1.092909722569856967e-02 2.117496521748307714e-02 -1.116284333900807724e-01
4.921912713808183071e-01 3.670731149392167936e-01 7.059858470800577379e-01 1.739483293358148330e-01 2.147363644557458429e-01 1.193602652149365895e-01 -1.814415306398586836e-01 -5.467582120701308668e-02 -3.235991417875538900e-02 -8.916815882298578799e-02 -3.552986331401939424e-01 -7.045613808850248461e-02 -1.308797074294716367e-01 -7.042317496313899028e-03 -1.738390686112438743e-01 -3.824075959198296459e-01 4.456776811349527634e-02 -2.205982175410952095e-01 -3.553503406247671137e-01 2.844966135242543714e-01 -2.667882752632522170e-03 -8.496961658670443285e-02 9.155484197799523827e-02 -2.010613230055469103e-02 3.275929141862548022e-01 -1.243148307756314352e-01 -9.564564845771883483e-02 2.304847260042492962e-01 -4.610973193560994332e-01 -2.096725994906023516e-01
-5.915081930305632341e-02 -1.672353446055012682e-01 -5.809336452619504598e-01 -1.041667647081112591e-02 -2.200881919687276422e-01 -4.270579168456833941e-02 1.688711069073178805e-02 4.346352133796926864e-02 2.728632762512006593e-01 -2.718454445016504906e-03 2.687344000070766015e-01 1.021850435251394629e-01 -2.551240924924513820e-02 -2.593388201427160311e-02 1.384445067856177047e-03 2.256759710766687022e-01 -2.180793291944951307e-01 1.511531698969861282e-01 1.575933662746535902e-01 -2.303317851664701266e-01 -5.270323177910540835e-03 -7.221214691423938348e-02 1.029513085927646898e-01 9.035553127029061216e-02 -1.243148307756314352e-01 2.270107147712110418e-01 -1.915244627690526613e-02 -1.058309929667871074e-01 2.195093666979914815e-01 3.012036497676717772e-02
-4.784101694962146212e-01 -4.234557385138941754e-01 -2.368022579387911719e-01 -1.462519425626851444e-01 9.692236902969852963e-02 1.019296146794204105e-01 4.754277302436094033e-02 2.067708114662423213e-01 -1.161105531862745011e-01 9.976175422383448677e-02 1.375792845510659390e-01 -1.346404193517400927e-01 1.655210012692123200e-01 -5.175199313913481092e-02 7.000197065633528837e-02 1.773046279176355711e-01 4.291046076446036750e-03 -1.317403809207462473e-02 1.592455508908301454e-01 -2.198032359819990234e-02 -3.241196255441991525e-02 8.292141412374576248e-02 -5.156624893828620770e-02 6.544106423575613007e-03 -9.564564845771883483e-02 -1.915244627690526613e-02 2.536464155689373001e-01 -1.198936761443292198e-02 1.223429546117245081e-01 1.010167721796051410e-01
1.110564192377978543e-01 -9.554348349405472618e-02 4.922358720158968026e-01 1.090044035220216756e-01 2.118912567201505226e-01 2.390207825437755673e-01 -7.893213501603213444e-02 1.836040283315583110e-01 -7.674112702909496875e-02 -2.045962879844864801e-02 -1.586952776658563380e-01 -1.715850584805593826e-01 -8.031465157739603455e-02 -1.564042152608635661e-04 -7.729004225626567859e-02 -2.796106976617807049e-01 4.690177492676639304e-02 -2.095257836461428269e-01 -2.604396955351546694e-01 1.688393100782832335e-01 -1.609955307122845625e-02 -9.825169464761529525e-03 -1.383875955872326813e-02 -1.092909722569856967e-02 2.304847260042492962e-01 -1.058309929667871074e-01 -1.198936761443292198e-02 2.790367293006852378e-01 -2.371705410552635840e-01 -1.570971834339047746e-01
-1.820542137495294810e+00 -1.549562277436166369e+00 -1.368681146985863961e+00 -4.238684271913939483e-01 -3.666143579881691039e-01 6.939877279967276991e-02 4.177839501255675714e-01 4.313492993276213383e-01 3.747097045169311968e-02 1.896575777361704240e-01 9.394962315666930408e-01 -4.592201268962980976e-02 2.087151147001122808e-01 1.386840090711416451e-01 3.724125422954216447e-01 6.988185804416957581e-01 2.123843584956830455e-02 2.644120947758210605e-01 8.172312789815805445e-01 -7.296512700881976343e-01 1.347601202337500581e-02 6.104720150664491030e-01 -3.611740202994724314e-01 2.117496521748307714e-02 -4.610973193560994332e-01 2.195093666979914815e-01 1.223429546117245081e-01 -2.371705410552635840e-01 1.256724302853911013e+00 5.139151526214504884e-01
-9.716294432450922613e-01 -4.785895338792442999e-01 -6.085596139470226262e-01 -2.958222647921502357e-01 2.245653379861778376e-02 -4.122136177068114193e-02 1.363133647626000311e-01 -3.452858297879402016e-02 -1.961352039267012515e-01 7.199998825427655902e-02 9.487370279828155617e-02 1.023292714810395410e-01 2.454517548938497384e-01 5.322580050511760419e-02 1.337627836235242285e-01 2.824541083552958298e-01 2.246162995608074198e-01 2.092139738977039087e-03 4.406817225833492557e-01 -1.724185444476802331e-01 1.173155679714454891e-02 4.573191067803463739e-01 -2.536722339945072235e-01 -1.116284333900807724e-01 -2.096725994906023516e-01 3.012036497676717772e-02 1.010167721796051410e-01 -1.570971834339047746e-01 5.139151526214504884e-01 6.066121357116003310e-01
