1.283286304909381670e+00 4.635290950153034828e-01 -2.662685276717411398e-01 2.528918195338292207e-01 3.127270998381277423e-01 -8.936086963120715154e-02 -3.735157284207275552e-01 -2.241961356314732257e-01 1.507240684883868198e-01 2.404143829721760994e-03 -4.413491187592626375e-01 3.228250068574993747e-01 3.548742564629492335e-02 -2.309331653250978889e-01 -7.027518503298324504e-02 -3.713621821833612557e-02 -2.412032040205076555e-01 1.251795426717876580e-01 -3.558819716994889859e-01 3.646623118091838478e-01 -3.385692571083609437e-02 -5.724615900086860165e-01 3.538623783853154237e-01 6.261706823863733007e-02 -2.561497409448065810e-02 7.850520996458953960e-02 -1.544450739567082564e-02 -2.094583610217455316e-01 -4.356049362618819032e-01 -1.861393069044652293e-01
4.635290950153034828e-01 2.491115914543797771e+00 1.517331628839997393e+00 -3.646474750532320286e-01 1.440315187352041448e+00 -1.565317031932522696e+00 -1.976429045072336521e-01 -2.231754877522689640e+00 -1.714185623826722349e+00 -8.082551115649039275e-02 -2.044556476336538253e+00 1.372545156127046084e+00 5.562454495495785523e-01 3.942517813300128182e-02 4.300746144210165767e-01 -3.823499757822901302e-02 1.287592943944389390e+00 1.144723722287039891e-01 -1.005107480487197336e-01 1.121403076736328330e+00 -2.421560369623421138e-02 -2.010195398173664216e-02 1.443800893861180157e-02 -7.491422719283491460e-01 1.988129771116859956e-01 -6.465088196923716168e-01 -1.060511517159739014e-01 -4.166255734413653045e-01 -1.471471904323266244e+00 7.244897317175968965e-01
-2.662685276717411398e-01 1.517331628839997393e+00 2.110472886939930959e+00 -3.677844580501528071e-01 1.530156452523669941e+00 -8.739391268953795588e-01 8.474681452452159647e-02 -1.335378567334828404e+00 -1.842926911466804540e+00 -9.611032720630419135e-02 -1.785662876696449075e+00 7.622688296509068095e-01 3.671981071724417234e-01 1.716623224244244739e-01 4.594968537074919368e-01 -3.696506939227219846e-01 1.457716504085112774e+00 -1.457942642139187228e-02 -2.208266631247397527e-01 9.321820663826088094e-01 1.383752622132305987e-02 1.790071634638934484e-01 -2.972956058329145890e-01 -8.281165081124299832e-01 3.997767166841867947e-01 -7.690010032771397164e-01 -1.521447782881750754e-01 2.899079154557284710e-01 -1.421710639487855588e+00 3.656304432525985249e-01
2.528918195338292207e-01 -3.646474750532320286e-01 -3.677844580501528071e-01 3.373262580076925587e-01 -2.590529782845010232e-01 3.293764638802940681e-01 -2.846206049139254901e-02 3.855096306557470598e-01 4.863667803907105736e-01 -2.786906165812297331e-02 3.065958822342622625e-01 -1.543346755760239830e-01 -2.028029517628056055e-01 -4.383898728474378004e-02 -1.401100488624251739e-01 -6.505006407621749531e-02 -3.582968040872174242e-01 -1.074990306244671956e-02 -1.328600211324442171e-01 -2.103182863843926498e-01 -1.918527487111987284e-02 -1.667067030118687398e-01 6.141895145401576883e-02 1.510388822283061927e-01 -5.639388699381697734e-02 2.019190968176189926e-01 -2.779601107374674029e-02 8.993188015693931447e-02 2.807093542031111610e-01 -2.468197584792051202e-01
3.127270998381277423e-01 1.440315187352041448e+00 1.530156452523669941e+00 -2.590529782845010232e-01 1.468973425334354488e+00 -7.235620130373376924e-01 -8.752119831325444466e-02 -1.073833526343321410e+00 -1.453909022622440261e+00 -1.142182177642325769e-02 -1.631385337842630179e+00 6.517059757720176094e-01 4.213789736048170198e-01 -9.164137287478979488e-02 3.654111753075426350e-01 -2.297847631357967657e-01 1.009444950278577835e+00 9.127350102414766297e-02 -3.469277417087539561e-01 1.035034047245233069e+00 1.830088257651141248e-02 -2.163906105413957448e-01 -4.158110223391986437e-02 -6.302909694005052188e-01 3.078601912087037817e-01 -6.329472023716107287e-01 -6.215771005872738897e-02 1.091339440707770336e-01 -1.482376694638219305e+00 2.130697342509506598e-01
-8.936086963120715154e-02 -1.565317031932522696e+00 -8.739391268953795588e-01 3.293764638802940681e-01 -7.235620130373376924e-01 1.357168804383604765e+00 1.520856771223861870e-01 1.686335987641825795e+00 1.171620004652424996e+00 8.663243991185254345e-02 1.201006243089125292e+00 -1.065684227406279660e+00 -3.944443747499235542e-01 -1.527638033536504736e-01 -3.919178516475199103e-01 -1.406675809640773878e-01 -9.963973890414763446e-01 -9.288453695307907765e-02 -2.231399453813196487e-01 -5.710694185950728752e-01 4.764165022226052315e-02 -2.615511857819683428e-01 6.216469054646722725e-02 5.021304655666654071e-01 1.900092431867506093e-02 4.108527715816876480e-01 4.915099993428384550e-02 5.220657388509835073e-01 6.487483244209784061e-01 -7.032860790463359990e-01
-3.735157284207275552e-01 -1.976429045072336521e-01 8.474681452452159647e-02 -2.846206049139254901e-02 -8.752119831325444466e-02 1.520856771223861870e-01 2.246135392697965472e-01 1.772608863636833121e-01 -2.706488500854220547e-02 8.506399465488811984e-03 1.753286838608119069e-01 -1.648214479146759004e-01 -4.330303034413418573e-02 7.236753087840952503e-02 7.612916262189628469e-03 -5.170933212900763465e-02 3.813005055928897491e-02 -3.483293028892830989e-02 3.759707918675303517e-02 -1.480833486932056076e-01 2.241223128692126920e-02 1.160195368487961787e-01 -1.499810162351877807e-01 -6.252493577505902067e-03 -1.445779026443005932e-02 -2.675003631173922258e-02 5.598039759661332937e-03 1.247137714954078547e-01 1.468921152665529917e-01 -3.948156771002686583e-02
-2.241961356314732257e-01 -2.231754877522689640e+00 -1.335378567334828404e+00 3.855096306557470598e-01 -1.073833526343321410e+00 1.686335987641825795e+00 1.772608863636833121e-01 2.333861283401802211e+00 1.584971674996609181e+00 1.541596322799136942e-01 1.782745661127705716e+00 -1.453711364138655426e+00 -4.490075842679743801e-01 -2.606502573055990979e-01 -4.423638099597155815e-01 -1.567563235892066587e-02 -1.370832349019906360e+00 -6.420625940995705605e-02 -1.682941417362826542e-01 -7.934147139625906675e-01 4.352692860021534216e-02 -3.351860658351029087e-01 9.802706670370753272e-02 7.090942468637422280e-01 -7.425898066270519848e-02 5.489285506465648723e-01 1.398577793790423129e-01 5.496888373435240283e-01 9.669269276382692624e-01 -8.681233705047475269e-01
1.507240684883868198e-01 -1.714185623826722349e+00 -1.842926911466804540e+00 4.863667803907105736e-01 -1.453909022622440261e+00 1.171620004652424996e+00 -2.706488500854220547e-02 1.584971674996609181e+00 1.953495128135898540e+00 6.931281284221313399e-02 1.807828709523334965e+00 -8.829746148397248362e-01 -5.422971555537401400e-01 -1.064908356793239363e-01 -5.820078533852210967e-01 1.554293254679919301e-01 -1.532705831426426357e+00 -1.266070792478330986e-01 3.146214128142332811e-02 -1.006124636303866282e+00 -1.392568123196724628e-02 -2.227709751236375268e-01 2.633417125184678298e-01 8.414553247177991580e-01 -2.058046316025183842e-01 8.247178687112750595e-01 6.318915253297063828e-02 1.046455285273282243e-01 1.332555754442580565e+00 -5.813174395274245398e-01
2.404143829721760994e-03 -8.082551115649039275e-02 -9.611032720630419135e-02 -2.786906165812297331e-02 -1.142182177642325769e-02 8.663243991185254345e-02 8.506399465488811984e-03 1.541596322799136942e-01 6.931281284221313399e-02 9.144086517108007683e-02 1.019023976216999472e-01 -1.269893947597324768e-01 4.906555256809497223e-02 -6.593838007688646030e-02 -1.812146810289050336e-02 1.001850314116836671e-02 -1.111435135986198475e-01 -2.221608478129155628e-02 -4.993082473873755589e-02 1.038596250555201550e-02 8.891479475039432145e-03 -7.522134718396955577e-02 1.806006028886031345e-02 7.175138940374381491e-02 -1.991186346475615210e-02 1.370051942666350442e-02 5.648205969635000656e-02 1.149820565751724644e-02 -2.887711424403960336e-02 -2.963383230871841079e-02
-4.413491187592626375e-01 -2.044556476336538253e+00 -1.785662876696449075e+00 3.065958822342622625e-01 -1.631385337842630179e+00 1.201006243089125292e+00 1.753286838608119069e-01 1.782745661127705716e+00 1.807828709523334965e+00 1.019023976216999472e-01 2.146283758069614578e+00 -1.105186320307609549e+00 -4.861079951365923080e-01 -4.120125502288374264e-02 -4.860217936249568993e-01 2.507549671564106575e-01 -1.432914681476972873e+00 -1.367124537789550232e-01 2.496384779412892385e-01 -1.163464321117260170e+00 -1.845371745844204270e-03 2.087588674260132393e-02 9.270245613879524171e-02 8.451176480215281117e-01 -2.854125472364330562e-01 7.412321826353149845e-01 1.565396983818914123e-01 1.077743337452830019e-01 1.550559632505041918e+00 -4.950651707250699474e-01
3.228250068574993747e-01 1.372545156127046084e+00 7.622688296509068095e-01 -1.543346755760239830e-01 6.517059757720176094e-01 -1.065684227406279660e+00 -1.648214479146759004e-01 -1.453711364138655426e+00 -8.829746148397248362e-01 -1.269893947597324768e-01 -1.105186320307609549e+00 1.042354336949188109e+00 1.952704035579699848e-01 1.734242817619815469e-01 2.609970827541587823e-01 1.174596845118003330e-02 7.630396899226639107e-01 3.664244742310529546e-02 5.267991158765994442e-02 4.492648929218034937e-01 -7.195881027388395523e-02 1.076775775944440738e-01 6.219053867255297519e-03 -3.990842858714813701e-01 6.721726070867362068e-02 -2.602985695277197919e-01 -1.337736712656578675e-01 -3.112694045474313498e-01 -5.970052732601516254e-01 4.512097723537067395e-01
3.548742564629492335e-02 5.562454495495785523e-01 3.671981071724417234e-01 -2.028029517628056055e-01 4.213789736048170198e-01 -3.944443747499235542e-01 -4.330303034413418573e-02 -4.490075842679743801e-01 -5.422971555537401400e-01 4.906555256809497223e-02 -4.861079951365923080e-01 1.952704035579699848e-01 3.098710284460821640e-01 -9.731063706863096741e-02 1.803407433771440083e-01 5.469997851793095833e-02 3.693248386120444593e-01 1.008030136529214360e-01 1.029730490378710783e-02 3.915536979919806981e-01 2.487336822758834387e-02 -2.249497231935038144e-02 -2.455103609258912911e-02 -2.068715087551709075e-01 -8.327407181639046030e-03 -2.628018521468789004e-01 6.125110052710169839e-02 -1.824923855666611416e-01 -4.187274589815501713e-01 2.138765424019197781e-01
-2.309331653250978889e-01 3.942517813300128182e-02 1.716623224244244739e-01 -4.383898728474378004e-02 -9.164137287478979488e-02 -1.527638033536504736e-01 7.236753087840952503e-02 -2.606502573055990979e-01 -1.064908356793239363e-01 -6.593838007688646030e-02 -4.120125502288374264e-02 1.734242817619815469e-01 -9.731063706863096741e-02 3.046355351530678490e-01 -5.527959392622960877e-03 -6.521292947115853167e-02 2.154825448550354849e-01 -9.672128119649414657e-02 1.424494240417857327e-01 -2.003598108327082628e-01 -2.317632431629590428e-02 2.861314110974149116e-01 -1.288724433175616468e-01 -3.042317714107412030e-02 2.837407580614126346e-03 1.700801260221851408e-02 -7.309260305487441656e-02 -5.526796037997883104e-04 1.461730439148709593e-01 1.431070901955422414e-01
-7.027518503298324504e-02 4.300746144210165767e-01 4.594968537074919368e-01 -1.401100488624251739e-01 3.654111753075426350e-01 -3.919178516475199103e-01 7.612916262189628469e-03 -4.423638099597155815e-01 -5.820078533852210967e-01 -1.812146810289050336e-02 -4.860217936249568993e-01 2.609970827541587823e-01 1.803407433771440083e-01 -5.527959392622960877e-03 3.247441651120652750e-01 1.668019315837909744e-02 5.008332883406296787e-01 1.052359340773705298e-01 2.821217830134514770e-02 2.450382966752613356e-01 -4.112637968552235179e-02 6.778067231726936370e-02 -1.095406095413409275e-01 -2.688461713164542743e-01 -1.789268256811737956e-02 -2.301267118289160862e-01 -1.408000442563661636e-02 -5.422602460038206118e-02 -2.677766973595794298e-01 1.475085536580422740e-01
-3.713621821833612557e-02 -3.823499757822901302e-02 -3.696506939227219846e-01 -6.505006407621749531e-02 -2.297847631357967657e-01 -1.406675809640773878e-01 -5.170933212900763465e-02 -1.567563235892066587e-02 1.554293254679919301e-01 1.001850314116836671e-02 2.507549671564106575e-01 1.174596845118003330e-02 5.469997851793095833e-02 -6.521292947115853167e-02 1.668019315837909744e-02 2.838594005810364251e-01 -1.803685357083963936e-01 7.031487674171899016e-02 1.800935333273230299e-01 -4.779140078773025380e-02 -1.027622447190879029e-02 -2.280634219542321262e-02 8.329389110170382082e-02 1.089870377066972651e-01 -1.170353357494207103e-01 7.108328046030010228e-02 8.684313997554227171e-02 -2.349368781329417288e-01 1.719369417683651591e-01 7.059498263970453991e-02
-2.412032040205076555e-01 1.287592943944389390e+00 1.457716504085112774e+00 -3.582968040872174242e-01 1.009444950278577835e+00 -9.963973890414763446e-01 3.813005055928897491e-02 -1.370832349019906360e+00 -1.532705831426426357e+00 -1.111435135986198475e-01 -1.432914681476972873e+00 7.630396899226639107e-01 3.693248386120444593e-01 2.154825448550354849e-01 5.008332883406296787e-01 -1.803685357083963936e-01 1.397434610353059270e+00 1.046695063238871626e-01 9.463752453999063619e-02 6.168754903827675662e-01 6.231445147477643332e-03 4.102250736417545340e-01 -3.107580418704287695e-01 -7.220027726741591323e-01 1.076586645156680788e-01 -6.259944190757664728e-01 -1.262257660141017368e-01 -1.289656858130570072e-01 -7.863327358466563055e-01 5.448405590313427638e-01
1.251795426717876580e-01 1.144723722287039891e-01 -1.457942642139187228e-02 -1.074990306244671956e-02 9.127350102414766297e-02 -9.288453695307907765e-02 -3.483293028892830989e-02 -6.420625940995705605e-02 -1.266070792478330986e-01 -2.221608478129155628e-02 -1.367124537789550232e-01 3.664244742310529546e-02 1.008030136529214360e-01 -9.672128119649414657e-02 1.052359340773705298e-01 7.031487674171899016e-02 1.046695063238871626e-01 2.208185574136791729e-01 3.830466780468100296e-02 1.268628745966680071e-01 1.234408218840599147e-02 -7.565104036001457644e-02 3.072299753122820221e-02 -9.440710852459233138e-02 -3.946785692639309673e-02 -1.002880098057516989e-01 -2.735247476181257298e-02 -1.516801830991312272e-01 -7.007326035892447180e-02 -1.920786058258272533e-02
-3.558819716994889859e-01 -1.005107480487197336e-01 -2.208266631247397527e-01 -1.328600211324442171e-01 -3.469277417087539561e-01 -2.231399453813196487e-01 3.759707918675303517e-02 -1.682941417362826542e-01 3.146214128142332811e-02 -4.993082473873755589e-02 2.496384779412892385e-01 5.267991158765994442e-02 1.029730490378710783e-02 1.424494240417857327e-01 2.821217830134514770e-02 1.800935333273230299e-01 9.463752453999063619e-02 3.830466780468100296e-02 3.982274420252167602e-01 -2.286812724059927859e-01 1.532766269957619443e-02 3.545239390573158289e-01 -6.214943947162510085e-02 3.250082262817954870e-02 -1.413384651788192059e-01 2.386746950864448991e-02 1.545070730645647927e-02 -3.007276594929635394e-01 3.959695412873145415e-01 2.300279746778528533e-01
3.646623118091838478e-01 1.121403076736328330e+00 9.321820663826088094e-01 -2.103182863843926498e-01 1.035034047245233069e+00 -5.710694185950728752e-01 -1.480833486932056076e-01 -7.934147139625906675e-01 -1.006124636303866282e+00 1.038596250555201550e-02 -1.163464321117260170e+00 4.492648929218034937e-01 3.915536979919806981e-01 -2.003598108327082628e-01 2.450382966752613356e-01 -4.779140078773025380e-02 6.168754903827675662e-01 1.268628745966680071e-01 -2.286812724059927859e-01 9.075448133219765623e-01 6.096340189975535395e-02 -2.200711059389846014e-01 2.301661729882198415e-02 -4.357562056035817477e-01 1.759906744296699799e-01 -4.816737579516825463e-01 -8.326992932325083530e-03 -8.764834208011507144e-02 -1.064963024993403451e+00 2.069641011324279134e-01
-3.385692571083609437e-02 -2.421560369623421138e-02 1.383752622132305987e-02 -1.918527487111987284e-02 1.830088257651141248e-02 4.764165022226052315e-02 2.241223128692126920e-02 4.352692860021534216e-02 -1.392568123196724628e-02 8.891479475039432145e-03 -1.845371745844204270e-03 -7.195881027388395523e-02 2.487336822758834387e-02 -2.317632431629590428e-02 -4.112637968552235179e-02 -1.027622447190879029e-02 6.231445147477643332e-03 1.234408218840599147e-02 1.532766269957619443e-02 6.096340189975535395e-02 8.518282136657262527e-02 5.015024273743051708e-02 -3.190936248654452356e-02 -1.692298132877567696e-02 -3.620483607676305837e-03 -4.235955108572397876e-02 -2.476842315604699252e-02 -5.471853059424347521e-02 -5.516034965808103152e-03 9.694513729357367993e-03
-5.724615900086860165e-01 -2.010195398173664216e-02 1.790071634638934484e-01 -1.667067030118687398e-01 -2.163906105413957448e-01 -2.615511857819683428e-01 1.160195368487961787e-01 -3.351860658351029087e-01 -2.227709751236375268e-01 -7.522134718396955577e-02 2.087588674260132393e-02 1.076775775944440738e-01 -2.249497231935038144e-02 2.861314110974149116e-01 6.778067231726936370e-02 -2.280634219542321262e-02 4.102250736417545340e-01 -7.565104036001457644e-02 3.545239390573158289e-01 -2.200711059389846014e-01 5.015024273743051708e-02 6.509391828455477480e-01 -2.406261717080440121e-01 -1.398163822842661830e-01 -8.640036940155937373e-02 -6.820001921414586832e-02 -6.352784902674102341e-02 -1.753905736488832190e-01 3.833430976039267080e-01 3.587020378237752993e-01
3.538623783853154237e-01 1.443800893861180157e-02 -2.972956058329145890e-01 6.141895145401576883e-02 -4.158110223391986437e-02 6.216469054646722725e-02 -1.499810162351877807e-01 9.802706670370753272e-02 2.633417125184678298e-01 1.806006028886031345e-02 9.270245613879524171e-02 6.219053867255297519e-03 -2.455103609258912911e-02 -1.288724433175616468e-01 -1.095406095413409275e-01 8.329389110170382082e-02 -3.107580418704287695e-01 3.072299753122820221e-02 -6.214943947162510085e-02 2.301661729882198415e-02 -3.190936248654452356e-02 -2.406261717080440121e-01 2.587535183419902296e-01 1.395048987787959049e-01 2.666651813885323463e-02 1.150100341053530428e-01 4.710687965081206130e-02 -6.598997368604386793e-02 -1.207373769664741303e-01 -1.103142185859837809e-01
6.261706823863733007e-02 -7.491422719283491460e-01 -8.281165081124299832e-01 1.510388822283061927e-01 -6.302909694005052188e-01 5.021304655666654071e-01 -6.252493577505902067e-03 7.090942468637422280e-01 8.414553247177991580e-01 7.175138940374381491e-02 8.451176480215281117e-01 -3.990842858714813701e-01 -2.068715087551709075e-01 -3.042317714107412030e-02 -2.688461713164542743e-01 1.089870377066972651e-01 -7.220027726741591323e-01 -9.440710852459233138e-02 3.250082262817954870e-02 -4.357562056035817477e-01 -1.692298132877567696e-02 -1.398163822842661830e-01 1.395048987787959049e-01 4.528922890497710796e-01 -9.825912424406624268e-02 3.692821056557704651e-01 7.341747168106849131e-02 2.430343731049333655e-02 5.046175699695822914e-01 -2.625175351159896309e-01
-2.561497409448065810e-02 1.988129771116859956e-01 3.997767166841867947e-01 -5.639388699381697734e-02 3.078601912087037817e-01 1.900092431867506093e-02 -1.445779026443005932e-02 -7.425898066270519848e-02 -2.058046316025183842e-01 -1.991186346475615210e-02 -2.854125472364330562e-01 6.721726070867362068e-02 -8.327407181639046030e-03 2.837407580614126346e-03 -1.789268256811737956e-02 -1.170353357494207103e-01 1.076586645156680788e-01 -3.946785692639309673e-02 -1.413384651788192059e-01 1.759906744296699799e-01 -3.620483607676305837e-03 -8.640036940155937373e-02 2.666651813885323463e-02 -9.825912424406624268e-02 2.528259889409980588e-01 -8.497328069205423162e-02 -9.375119803360121296e-02 2.166541248319617807e-01 -3.751798479546550880e-01 -2.719807906157711841e-02
7.850520996458953960e-02 -6.465088196923716168e-01 -7.690010032771397164e-01 2.019190968176189926e-01 -6.329472023716107287e-01 4.108527715816876480e-01 -2.675003631173922258e-02 5.489285506465648723e-01 8.247178687112750595e-01 1.370051942666350442e-02 7.412321826353149845e-01 -2.602985695277197919e-01 -2.628018521468789004e-01 1.700801260221851408e-02 -2.301267118289160862e-01 7.108328046030010228e-02 -6.259944190757664728e-01 -1.002880098057516989e-01 2.386746950864448991e-02 -4.816737579516825463e-01 -4.235955108572397876e-02 -6.820001921414586832e-02 1.150100341053530428e-01 3.692821056557704651e-01 -8.497328069205423162e-02 4.177982313630081990e-01 7.705064698825481173e-03 5.364560717652011590e-02 5.471481295679723189e-01 -2.104847752612499789e-01
-1.544450739567082564e-02 -1.060511517159739014e-01 -1.521447782881750754e-01 -2.779601107374674029e-02 -6.215771005872738897e-02 4.915099993428384550e-02 5.598039759661332937e-03 1.398577793790423129e-01 6.318915253297063828e-02 5.648205969635000656e-02 1.565396983818914123e-01 -1.337736712656578675e-01 6.125110052710169839e-02 -7.309260305487441656e-02 -1.408000442563661636e-02 8.684313997554227171e-02 -1.262257660141017368e-01 -2.735247476181257298e-02 1.545070730645647927e-02 -8.326992932325083530e-03 -2.476842315604699252e-02 -6.352784902674102341e-02 4.710687965081206130e-02 7.341747168106849131e-02 -9.375119803360121296e-02 7.705064698825481173e-03 1.934443596607593463e-01 -2.510465329197586470e-02 2.464451277211310298e-02 -2.708207380112526153e-02
-2.094583610217455316e-01 -4.166255734413653045e-01 2.899079154557284710e-01 8.993188015693931447e-02 1.091339440707770336e-01 5.220657388509835073e-01 1.247137714954078547e-01 5.496888373435240283e-01 1.046455285273282243e-01 1.149820565751724644e-02 1.077743337452830019e-01 -3.112694045474313498e-01 -1.824923855666611416e-01 -5.526796037997883104e-04 -5.422602460038206118e-02 -2.349368781329417288e-01 -1.289656858130570072e-01 -1.516801830991312272e-01 -3.007276594929635394e-01 -8.764834208011507144e-02 -5.471853059424347521e-02 -1.753905736488832190e-01 -6.598997368604386793e-02 2.430343731049333655e-02 2.166541248319617807e-01 5.364560717652011590e-02 -2.510465329197586470e-02 6.602060902712310053e-01 -1.204609582900388887e-01 -3.439238516891691688e-01
-4.356049362618819032e-01 -1.471471904323266244e+00 -1.421710639487855588e+00 2.807093542031111610e-01 -1.482376694638219305e+00 6.487483244209784061e-01 1.468921152665529917e-01 9.669269276382692624e-01 1.332555754442580565e+00 -2.887711424403960336e-02 1.550559632505041918e+00 -5.970052732601516254e-01 -4.187274589815501713e-01 1.461730439148709593e-01 -2.677766973595794298e-01 1.719369417683651591e-01 -7.863327358466563055e-01 -7.007326035892447180e-02 3.959695412873145415e-01 -1.064963024993403451e+00 -5.516034965808103152e-03 3.833430976039267080e-01 -1.207373769664741303e-01 5.046175699695822914e-01 -3.751798479546550880e-01 5.471481295679723189e-01 2.464451277211310298e-02 -1.204609582900388887e-01 1.715074373625384396e+00 -1.484849326818107329e-01
-1.861393069044652293e-01 7.244897317175968965e-01 3.656304432525985249e-01 -2.468197584792051202e-01 2.130697342509506598e-01 -7.032860790463359990e-01 -3.948156771002686583e-02 -8.681233705047475269e-01 -5.813174395274245398e-01 -2.963383230871841079e-02 -4.950651707250699474e-01 4.512097723537067395e-01 2.138765424019197781e-01 1.431070901955422414e-01 1.475085536580422740e-01 7.059498263970453991e-02 5.448405590313427638e-01 -1.920786058258272533e-02 2.300279746778528533e-01 2.069641011324279134e-01 9.694513729357367993e-03 3.587020378237752993e-01 -1.103142185859837809e-01 -2.625175351159896309e-01 -2.719807906157711841e-02 -2.104847752612499789e-01 -2.708207380112526153e-02 -3.439238516891691688e-01 -1.484849326818107329e-01 6.193685526503713845e-01
