5.253232334934978098e+00 3.660305889022083647e+00 1.718238553173705441e+00 1.188765319483877647e+00 -3.198417364936290141e-01 -2.715932321376612890e-01 -8.177082585108337298e-01 -1.266837381623986403e+00 6.721422027330277160e-01 -6.824899978863641081e-01 -1.802395054320470535e+00 6.353599164019669843e-01 -7.782560930984914194e-01 -1.608157067587967504e-01 -9.209002440592826133e-01 -1.534766063586573637e+00 -2.289284336590640123e-01 -4.455925057465606187e-01 -1.755411361381845836e+00 1.179037181771491305e+00 -7.658960801904868276e-02 -1.441400670502503090e+00 8.528806415860685775e-01 -4.457338508154862211e-02 4.717377172481747039e-01 -6.207592504279091372e-02 -4.213322719408552075e-01 9.629873419652312805e-02 -1.851328624741711337e+00 -8.451587081551679148e-01
3.660305889022083647e+00 3.883946141480009828e+00 1.622967325217871348e+00 7.598741566995386165e-01 -4.244580188384361463e-01 -6.553708674575773330e-01 -6.008751334169915026e-01 -1.659694026957879487e+00 3.895560952371397434e-01 -5.823205301452389904e-01 -1.654849998593988403e+00 6.533578281166114721e-01 -4.352034980216217264e-01 -9.190181399674202112e-02 -7.586299512652772137e-01 -1.130094648682813840e+00 1.370700875067427660e-01 -2.520876179625020086e-01 -1.116047181912847464e+00 1.101193715817373686e+00 3.798355195402791651e-02 -9.387894793293014573e-01 6.117926430084708045e-01 -1.867838967800139471e-01 4.199649691120157513e-01 -2.324241825107264958e-01 -3.750611086513231385e-01 -3.681457491848050267e-02 -1.670673210937650310e+00 -4.759304083024176180e-01
1.718238553173705441e+00 1.622967325217871348e+00 2.496420318295577090e+00 5.106271569819114120e-01 3.692594365458035099e-01 -1.602263894587281357e-01 -3.193039868542086879e-01 -4.969238278285956767e-01 -4.380348127144202408e-01 -3.448813816631286500e-01 -1.093555317165851193e+00 -1.550293917043177316e-01 -4.321872716817551918e-01 1.823653869748227407e-01 -3.147955136303721702e-01 -1.214025817991625900e+00 5.485719303509881684e-01 -6.370651235415039082e-01 -1.038364703880091611e+00 8.687808789221094230e-01 3.250636517128668856e-02 -1.389794094817489167e-01 -5.018687385074827034e-03 -1.740150320262614514e-01 7.160442969448013173e-01 -6.059344875688452703e-01 -1.141424027385937734e-01 5.428321912543196959e-01 -1.390511151251075717e+00 -5.356176305497228896e-01
1.188765319483877647e+00 7.598741566995386165e-01 5.106271569819114120e-01 4.293647289787259069e-01 -3.290770340362314528e-02 2.183577021924065775e-03 -2.028829536743614881e-01 -2.057304833402895383e-01 2.060307875681246514e-01 -1.799269069058482273e-01 -4.046569656040901464e-01 1.014090603509316679e-01 -2.616404229077033960e-01 -2.571371124781762774e-02 -2.410130303366031512e-01 -4.348189693462813921e-01 -8.896435855342588184e-02 -1.712707124046914942e-01 -4.852304268387115371e-01 2.485461248677438562e-01 -2.910316077350216801e-02 -3.294722531110778618e-01 1.953086764552267596e-01 1.210302275222829849e-02 1.717608037050126768e-01 -1.205276050148995637e-02 -1.310861316954969880e-01 1.040838345865040537e-01 -4.337024114369683048e-01 -2.598815713319027054e-01
-3.198417364936290141e-01 -4.244580188384361463e-01 3.692594365458035099e-01 -3.290770340362314528e-02 8.064095566309106289e-01 2.289321127384482679e-01 -1.194509471189348915e-01 2.343111847491172739e-01 -4.564574014412414726e-01 1.020945200799587838e-01 -3.805164739827660014e-01 -1.004870842720606561e-01 1.704923464021703694e-01 -7.598176395202926869e-02 1.241460364788053994e-01 -1.990291707157325618e-01 2.495312960551814285e-01 -2.279989808685627395e-01 -1.994155790392255767e-01 3.485499796768749547e-01 -3.697842672869455782e-02 1.079409080518871633e-01 -1.248453696945261981e-01 -9.796637900916493891e-02 2.276521270051716783e-01 -2.573172634586740060e-01 1.579352803046845111e-01 2.624654684594815990e-01 -3.756831582535369307e-01 3.961523705419267571e-02
-2.715932321376612890e-01 -6.553708674575773330e-01 -1.602263894587281357e-01 2.183577021924065775e-03 2.289321127384482679e-01 5.270659251239067089e-01 1.178360180688287073e-03 4.842804020593121095e-01 -6.931753464715484370e-02 8.695541040793841603e-02 2.554962098662372227e-02 -2.803574395541090780e-01 2.335465876552689224e-02 -5.330135900260302151e-02 -1.012607737146709042e-02 -1.219792122282115088e-01 -8.110248692321420094e-02 -1.991208055977153890e-01 -1.122610853839205447e-01 -9.089857030915027281e-03 -7.240522559811779502e-03 1.265877808277195982e-01 -9.663481731598722035e-02 8.945114588863134486e-02 7.227669222601207366e-02 6.071915840720976121e-03 1.092968886305811793e-01 1.932964530654430746e-01 1.506648653313504838e-01 5.752124747573361674e-04
-8.177082585108337298e-01 -6.008751334169915026e-01 -3.193039868542086879e-01 -2.028829536743614881e-01 -1.194509471189348915e-01 1.178360180688287073e-03 3.046050175847199171e-01 2.298234829795546830e-01 -1.348936031798757540e-01 1.246048508842250158e-01 4.658084331622944774e-01 -1.044115829295719777e-01 6.706487668378713352e-02 7.460905271909723524e-02 2.483610274039733667e-01 3.008213437093445464e-01 1.198379867287258094e-02 1.531839986134855280e-01 2.949595826926838527e-01 -3.403199563169891917e-01 -4.309703785565943690e-03 1.866953742976420472e-01 -1.739158481117897281e-01 2.248138933350674051e-02 -1.777740732225083775e-01 2.565875392360794649e-02 2.926135279483332852e-02 -8.038571863465904244e-02 4.266783019368176610e-01 1.084528756741178768e-01
-1.266837381623986403e+00 -1.659694026957879487e+00 -4.969238278285956767e-01 -2.057304833402895383e-01 2.343111847491172739e-01 4.842804020593121095e-01 2.298234829795546830e-01 1.003047350734789234e+00 -1.443041274075653746e-01 2.959405941348904889e-01 7.102526399938824397e-01 -4.962587767344075473e-01 1.445669862990257570e-01 -7.994316786084709747e-02 2.974533520898603456e-01 3.394356525022317328e-01 -2.465998988396336244e-01 2.098654489361706510e-02 2.016374443907693603e-01 -3.474348137477818454e-01 -6.053840864149151457e-02 1.690628410834733586e-01 -1.865966759560819810e-01 1.773202712833494843e-01 -7.624537927785013380e-02 7.391117720123929757e-02 2.105824376185978508e-01 1.683455016728885312e-01 4.987467548583026655e-01 7.401918220011793892e-03
6.721422027330277160e-01 3.895560952371397434e-01 -4.380348127144202408e-01 2.060307875681246514e-01 -4.564574014412414726e-01 -6.931753464715484370e-02 -1.348936031798757540e-01 -1.443041274075653746e-01 6.620532797580835904e-01 -9.241247124458595863e-02 1.722588967597289411e-01 1.592648898824222670e-01 -1.534240934225294950e-01 -1.056685544659217157e-01 -2.897743860989407949e-01 8.380901714463107055e-02 -4.556172744063360369e-01 1.669746811294317013e-01 -2.229847423120645544e-02 -1.356619120938376000e-01 1.040275307099136626e-02 -3.541229073392173632e-01 3.343538120558378068e-01 1.439685587568533265e-01 -6.876100694256592760e-02 3.189145000456505841e-01 -1.678209870475484422e-01 -1.360686583298615915e-01 8.262574009910395034e-02 -1.777151081532792887e-01
-6.824899978863641081e-01 -5.823205301452389904e-01 -3.448813816631286500e-01 -1.799269069058482273e-01 1.020945200799587838e-01 8.695541040793841603e-02 1.246048508842250158e-01 2.959405941348904889e-01 -9.241247124458595863e-02 2.005981671129006827e-01 3.043468821877013397e-01 -1.484417455995412638e-01 1.715670577077617054e-01 -5.809706128451352924e-02 1.940980217113406070e-01 2.559325889682213528e-01 -6.339954560752403268e-02 1.102621761757518470e-01 1.848839853054187188e-01 -1.465694173936640254e-01 -1.228085226375696948e-02 5.777878289541149570e-02 -8.329862063590098842e-02 5.169350766254865448e-02 -1.037690315283157361e-01 1.550268649737063242e-02 9.341921722835877517e-02 -2.918002040627243332e-02 2.158010511090537875e-01 6.158745283755706623e-02
-1.802395054320470535e+00 -1.654849998593988403e+00 -1.093555317165851193e+00 -4.046569656040901464e-01 -3.805164739827660014e-01 2.554962098662372227e-02 4.658084331622944774e-01 7.102526399938824397e-01 1.722588967597289411e-01 3.043468821877013397e-01 1.402866293919828422e+00 -3.050279813150496011e-01 1.532487870474028568e-01 -8.385366311983943888e-03 3.806578436504537422e-01 9.032173658329156751e-01 -4.250644823318907584e-01 4.698570589054043012e-01 7.503698115517636325e-01 -8.412782969759291518e-01 -2.323180169219085656e-02 1.936598220947303162e-01 -1.054739528003096893e-01 2.175670396092073133e-01 -3.709672209705558998e-01 3.123195453466678373e-01 7.285534100248014511e-02 -1.926315822310016301e-01 9.901297302109810516e-01 8.306972026946368715e-02
6.353599164019669843e-01 6.533578281166114721e-01 -1.550293917043177316e-01 1.014090603509316679e-01 -1.004870842720606561e-01 -2.803574395541090780e-01 -1.044115829295719777e-01 -4.962587767344075473e-01 1.592648898824222670e-01 -1.484417455995412638e-01 -3.050279813150496011e-01 4.926549222002449824e-01 -7.029969071822961268e-02 2.165646929466902293e-02 -1.120813395858704098e-01 -1.514862682316220344e-02 3.091211426743711854e-02 9.943591877657809164e-02 -1.396416322452864733e-02 5.885916772029986532e-02 -8.240740799521972804e-03 -1.609757872646753185e-01 1.553673325856834708e-01 -9.473589194038822825e-02 -5.490369049269361312e-02 8.618194464264661292e-02 -1.635822079311424204e-01 -1.686245219565876141e-01 -1.045602458736993867e-01 6.267114903107540158e-02
-7.782560930984914194e-01 -4.352034980216217264e-01 -4.321872716817551918e-01 -2.616404229077033960e-01 1.704923464021703694e-01 2.335465876552689224e-02 6.706487668378713352e-02 1.445669862990257570e-01 -1.534240934225294950e-01 1.715670577077617054e-01 1.532487870474028568e-01 -7.029969071822961268e-02 3.343401115991468942e-01 -1.209915513532564546e-01 1.643781829649242354e-01 2.790155017054871678e-01 5.367418140713198227e-02 1.096353311004918396e-01 2.800013157683451936e-01 -3.003283399704059775e-02 1.369158895204236615e-02 1.344945323284605365e-01 -1.161988546561474323e-01 -1.851269942090993936e-02 -1.378632315506251871e-01 -1.782195507570349946e-02 1.503581141396921339e-01 -8.872382184478055933e-02 1.982658366399618899e-01 2.130061881731535323e-01
-1.608157067587967504e-01 -9.190181399674202112e-02 1.823653869748227407e-01 -2.571371124781762774e-02 -7.598176395202926869e-02 -5.330135900260302151e-02 7.460905271909723524e-02 -7.994316786084709747e-02 -1.056685544659217157e-01 -5.809706128451352924e-02 -8.385366311983943888e-03 2.165646929466902293e-02 -1.209915513532564546e-01 2.611202995382200243e-01 4.441820957651998469e-03 -3.550190243089446085e-02 1.996461609335256071e-01 -4.696666183383513271e-02 8.882651279350284312e-02 -1.485934091172111948e-01 3.207978198531691305e-02 2.314505524077503651e-01 -1.398310149238000122e-01 -3.487324594294705093e-02 4.232284202487335278e-03 -3.974533731343399268e-02 -5.136976060043707548e-02 2.001156131996140175e-03 1.236160176125622456e-01 5.163701924237784624e-02
-9.209002440592826133e-01 -7.586299512652772137e-01 -3.147955136303721702e-01 -2.410130303366031512e-01 1.241460364788053994e-01 -1.012607737146709042e-02 2.483610274039733667e-01 2.974533520898603456e-01 -2.897743860989407949e-01 1.940980217113406070e-01 3.806578436504537422e-01 -1.120813395858704098e-01 1.643781829649242354e-01 4.441820957651998469e-03 4.678597701937405873e-01 3.467729800632923798e-01 6.760258847288014294e-02 1.583922579420686816e-01 2.678208347144277468e-01 -2.559352733365471977e-01 -6.475591416551651491e-02 1.702857529741379494e-01 -1.775623703585438307e-01 -2.449168667055801052e-02 -1.608726081068425628e-01 -1.636649937574929936e-02 6.675955304081071517e-02 -6.893179506494107045e-02 3.341932691650413290e-01 1.230133432129036919e-01
-1.534766063586573637e+00 -1.130094648682813840e+00 -1.214025817991625900e+00 -4.348189693462813921e-01 -1.990291707157325618e-01 -1.219792122282115088e-01 3.008213437093445464e-01 3.394356525022317328e-01 8.380901714463107055e-02 2.559325889682213528e-01 9.032173658329156751e-01 -1.514862682316220344e-02 2.790155017054871678e-01 -3.550190243089446085e-02 3.467729800632923798e-01 9.396533601666021696e-01 -2.632706627251195641e-01 5.053190874156427981e-01 7.758827509071579698e-01 -5.740016599922341811e-01 -2.599587842615846967e-02 1.183421157765280896e-01 -5.229516270028966574e-02 9.561391910705197006e-02 -4.003807724235457499e-01 2.651223145989547447e-01 1.137944153768444266e-01 -2.996812009238283281e-01 7.464186487762276556e-01 2.318399961486647953e-01
-2.289284336590640123e-01 1.370700875067427660e-01 5.485719303509881684e-01 -8.896435855342588184e-02 2.495312960551814285e-01 -8.110248692321420094e-02 1.198379867287258094e-02 -2.465998988396336244e-01 -4.556172744063360369e-01 -6.339954560752403268e-02 -4.250644823318907584e-01 3.091211426743711854e-02 5.367418140713198227e-02 1.996461609335256071e-01 6.760258847288014294e-02 -2.632706627251195641e-01 5.979966942427950016e-01 -2.051360766690208948e-01 1.470933552056408189e-02 1.396270036571536366e-01 7.109108499281546756e-02 4.262185129130671157e-01 -3.021250808959052847e-01 -2.067947130113338972e-01 7.631945723767330492e-02 -2.719836410168454677e-01 2.184202914804700413e-02 6.165811567706214191e-02 -7.809785085635212454e-02 2.086308168450159428e-01
-4.455925057465606187e-01 -2.520876179625020086e-01 -6.370651235415039082e-01 -1.712707124046914942e-01 -2.279989808685627395e-01 -1.991208055977153890e-01 1.531839986134855280e-01 2.098654489361706510e-02 1.669746811294317013e-01 1.102621761757518470e-01 4.698570589054043012e-01 9.943591877657809164e-02 1.096353311004918396e-01 -4.696666183383513271e-02 1.583922579420686816e-01 5.053190874156427981e-01 -2.051360766690208948e-01 4.672304455454820982e-01 3.701352839434548514e-01 -3.058823810902140394e-01 -1.189745282727017184e-02 -1.587799498360880079e-01 9.730575566513266494e-02 2.703299841812167870e-02 -2.379884989720437716e-01 1.685852940407812639e-01 -5.511077949347509275e-02 -2.349035895952624742e-01 2.813375701420568475e-01 -1.587193335956271767e-02
-1.755411361381845836e+00 -1.116047181912847464e+00 -1.038364703880091611e+00 -4.852304268387115371e-01 -1.994155790392255767e-01 -1.122610853839205447e-01 2.949595826926838527e-01 2.016374443907693603e-01 -2.229847423120645544e-02 1.848839853054187188e-01 7.503698115517636325e-01 -1.396416322452864733e-02 2.800013157683451936e-01 8.882651279350284312e-02 2.678208347144277468e-01 7.758827509071579698e-01 1.470933552056408189e-02 3.701352839434548514e-01 8.884368593878662068e-01 -5.751393210460093997e-01 5.467667803540621208e-02 4.668822322222467847e-01 -2.131290336944573482e-01 9.499608277707238813e-03 -3.685699767342498490e-01 1.806777614317525149e-01 1.048071827341914286e-01 -2.818350760304895175e-01 8.675095222170625675e-01 3.799478328881491507e-01
1.179037181771491305e+00 1.101193715817373686e+00 8.687808789221094230e-01 2.485461248677438562e-01 3.485499796768749547e-01 -9.089857030915027281e-03 -3.403199563169891917e-01 -3.474348137477818454e-01 -1.356619120938376000e-01 -1.465694173936640254e-01 -8.412782969759291518e-01 5.885916772029986532e-02 -3.003283399704059775e-02 -1.485934091172111948e-01 -2.559352733365471977e-01 -5.740016599922341811e-01 1.396270036571536366e-01 -3.058823810902140394e-01 -5.751393210460093997e-01 7.584970812849292088e-01 1.115862800702416280e-02 -2.609312540650705614e-01 1.044395652473895098e-01 -9.637574843844731731e-02 3.093501075684343959e-01 -2.741673912752844444e-01 1.551400385568513229e-02 1.900619400562391093e-01 -8.408339306199650309e-01 -1.513670971204419402e-01
-7.658960801904868276e-02 3.798355195402791651e-02 3.250636517128668856e-02 -2.910316077350216801e-02 -3.697842672869455782e-02 -7.240522559811779502e-03 -4.309703785565943690e-03 -6.053840864149151457e-02 1.040275307099136626e-02 -1.228085226375696948e-02 -2.323180169219085656e-02 -8.240740799521972804e-03 1.369158895204236615e-02 3.207978198531691305e-02 -6.475591416551651491e-02 -2.599587842615846967e-02 7.109108499281546756e-02 -1.189745282727017184e-02 5.467667803540621208e-02 1.115862800702416280e-02 7.084322737290449368e-02 1.035678278911689176e-01 -5.900958230631658807e-02 -2.074161350998338094e-02 -6.498673657631570677e-03 -1.748142342802339044e-02 -2.710652620578457572e-02 -1.715860143087866163e-02 4.492705499154681092e-02 2.623031993948643503e-02
-1.441400670502503090e+00 -9.387894793293014573e-01 -1.389794094817489167e-01 -3.294722531110778618e-01 1.079409080518871633e-01 1.265877808277195982e-01 1.866953742976420472e-01 1.690628410834733586e-01 -3.541229073392173632e-01 5.777878289541149570e-02 1.936598220947303162e-01 -1.609757872646753185e-01 1.344945323284605365e-01 2.314505524077503651e-01 1.702857529741379494e-01 1.183421157765280896e-01 4.262185129130671157e-01 -1.587799498360880079e-01 4.668822322222467847e-01 -2.609312540650705614e-01 1.035678278911689176e-01 8.728303087294193574e-01 -4.577900362351385866e-01 -1.073281487836652559e-01 -6.922652678244389790e-02 -9.798015381858249384e-02 9.248542107354751352e-02 3.075666800441467785e-03 6.271580890011421161e-01 4.272588294043089263e-01
8.528806415860685775e-01 6.117926430084708045e-01 -5.018687385074827034e-03 1.953086764552267596e-01 -1.248453696945261981e-01 -9.663481731598722035e-02 -1.739158481117897281e-01 -1.865966759560819810e-01 3.343538120558378068e-01 -8.329862063590098842e-02 -1.054739528003096893e-01 1.553673325856834708e-01 -1.161988546561474323e-01 -1.398310149238000122e-01 -1.775623703585438307e-01 -5.229516270028966574e-02 -3.021250808959052847e-01 9.730575566513266494e-02 -2.131290336944573482e-01 1.044395652473895098e-01 -5.900958230631658807e-02 -4.577900362351385866e-01 3.834728673196536874e-01 5.895498839169022176e-02 7.699000593578375629e-02 1.225444865419262896e-01 -6.565428962431951732e-02 -2.855097746578394435e-02 -3.633770579421025104e-01 -2.421025636169247264e-01
-4.457338508154862211e-02 -1.867838967800139471e-01 -1.740150320262614514e-01 1.210302275222829849e-02 -9.796637900916493891e-02 8.945114588863134486e-02 2.248138933350674051e-02 1.773202712833494843e-01 1.439685587568533265e-01 5.169350766254865448e-02 2.175670396092073133e-01 -9.473589194038822825e-02 -1.851269942090993936e-02 -3.487324594294705093e-02 -2.449168667055801052e-02 9.561391910705197006e-02 -2.067947130113338972e-01 2.703299841812167870e-02 9.499608277707238813e-03 -9.637574843844731731e-02 -2.074161350998338094e-02 -1.073281487836652559e-01 5.895498839169022176e-02 1.364499232494722492e-01 -2.090232160384175586e-02 9.377876686932040684e-02 7.611768732147083938e-03 -7.498038064568390837e-05 7.517263841015164871e-02 -9.052922090012316403e-02
4.717377172481747039e-01 4.199649691120157513e-01 7.160442969448013173e-01 1.717608037050126768e-01 2.276521270051716783e-01 7.227669222601207366e-02 -1.777740732225083775e-01 -7.624537927785013380e-02 -6.876100694256592760e-02 -1.037690315283157361e-01 -3.709672209705558998e-01 -5.490369049269361312e-02 -1.378632315506251871e-01 4.232284202487335278e-03 -1.608726081068425628e-01 -4.003807724235457499e-01 7.631945723767330492e-02 -2.379884989720437716e-01 -3.685699767342498490e-01 3.093501075684343959e-01 -6.498673657631570677e-03 -6.922652678244389790e-02 7.699000593578375629e-02 -2.090232160384175586e-02 3.530476424214441522e-01 -1.585448188114924051e-01 -5.886802235158938856e-02 2.610377596456601168e-01 -5.087518032360094367e-01 -1.795257893423922724e-01
-6.207592504279091372e-02 -2.324241825107264958e-01 -6.059344875688452703e-01 -1.205276050148995637e-02 -2.573172634586740060e-01 6.071915840720976121e-03 2.565875392360794649e-02 7.391117720123929757e-02 3.189145000456505841e-01 1.550268649737063242e-02 3.123195453466678373e-01 8.618194464264661292e-02 -1.782195507570349946e-02 -3.974533731343399268e-02 -1.636649937574929936e-02 2.651223145989547447e-01 -2.719836410168454677e-01 1.685852940407812639e-01 1.806777614317525149e-01 -2.741673912752844444e-01 -1.748142342802339044e-02 -9.798015381858249384e-02 1.225444865419262896e-01 9.377876686932040684e-02 -1.585448188114924051e-01 2.749590808175526035e-01 -4.891589249331218525e-02 -1.384858925442244981e-01 2.919039060315640199e-01 1.516598537045865669e-02
-4.213322719408552075e-01 -3.750611086513231385e-01 -1.141424027385937734e-01 -1.310861316954969880e-01 1.579352803046845111e-01 1.092968886305811793e-01 2.926135279483332852e-02 2.105824376185978508e-01 -1.678209870475484422e-01 9.341921722835877517e-02 7.285534100248014511e-02 -1.635822079311424204e-01 1.503581141396921339e-01 -5.136976060043707548e-02 6.675955304081071517e-02 1.137944153768444266e-01 2.184202914804700413e-02 -5.511077949347509275e-02 1.048071827341914286e-01 1.551400385568513229e-02 -2.710652620578457572e-02 9.248542107354751352e-02 -6.565428962431951732e-02 7.611768732147083938e-03 -5.886802235158938856e-02 -4.891589249331218525e-02 2.605669970622557230e-01 2.715990187675743073e-02 6.227213735581926812e-02 8.352808796917088330e-02
9.629873419652312805e-02 -3.681457491848050267e-02 5.428321912543196959e-01 1.040838345865040537e-01 2.624654684594815990e-01 1.932964530654430746e-01 -8.038571863465904244e-02 1.683455016728885312e-01 -1.360686583298615915e-01 -2.918002040627243332e-02 -1.926315822310016301e-01 -1.686245219565876141e-01 -8.872382184478055933e-02 2.001156131996140175e-03 -6.893179506494107045e-02 -2.996812009238283281e-01 6.165811567706214191e-02 -2.349035895952624742e-01 -2.818350760304895175e-01 1.900619400562391093e-01 -1.715860143087866163e-02 3.075666800441467785e-03 -2.855097746578394435e-02 -7.498038064568390837e-05 2.610377596456601168e-01 -1.384858925442244981e-01 2.715990187675743073e-02 3.153094763774788589e-01 -2.880487399705771168e-01 -1.375264408351881684e-01
-1.851328624741711337e+00 -1.670673210937650310e+00 -1.390511151251075717e+00 -4.337024114369683048e-01 -3.756831582535369307e-01 1.506648653313504838e-01 4.266783019368176610e-01 4.987467548583026655e-01 8.262574009910395034e-02 2.158010511090537875e-01 9.901297302109810516e-01 -1.045602458736993867e-01 1.982658366399618899e-01 1.236160176125622456e-01 3.341932691650413290e-01 7.464186487762276556e-01 -7.809785085635212454e-02 2.813375701420568475e-01 8.675095222170625675e-01 -8.408339306199650309e-01 4.492705499154681092e-02 6.271580890011421161e-01 -3.633770579421025104e-01 7.517263841015164871e-02 -5.087518032360094367e-01 2.919039060315640199e-01 6.227213735581926812e-02 -2.880487399705771168e-01 1.424267759811925771e+00 4.638788273592240330e-01
-8.451587081551679148e-01 -4.759304083024176180e-01 -5.356176305497228896e-01 -2.598815713319027054e-01 3.961523705419267571e-02 5.752124747573361674e-04 1.084528756741178768e-01 7.401918220011793892e-03 -1.777151081532792887e-01 6.158745283755706623e-02 8.306972026946368715e-02 6.267114903107540158e-02 2.130061881731535323e-01 5.163701924237784624e-02 1.230133432129036919e-01 2.318399961486647953e-01 2.086308168450159428e-01 -1.587193335956271767e-02 3.799478328881491507e-01 -1.513670971204419402e-01 2.623031993948643503e-02 4.272588294043089263e-01 -2.421025636169247264e-01 -9.052922090012316403e-02 -1.795257893423922724e-01 1.516598537045865669e-02 8.352808796917088330e-02 -1.375264408351881684e-01 4.638788273592240330e-01 5.237152931000537137e-01
