5.056246642107907974e+00 3.439740674176846369e+00 1.481253451169834534e+00 1.037120997403917499e+00 -3.842263310086764250e-01 1.426437589323086286e-01 -8.864174572485126191e-01 -9.384684070289495139e-01 1.304194385974255965e+00 -6.324901308327639526e-01 -1.208186414818499088e+00 9.700917674132369939e-01 -6.638672427868641535e-01 -1.473897645058741546e-02 -7.632142854446897218e-01 -1.211422844912249275e+00 1.385416056365329496e-01 -6.845708778766947944e-01 -1.486033125024164292e+00 1.174916024536798886e+00 -7.497699861112891995e-01 -1.411864340240640558e+00 5.619960232737071237e-01 -6.504124130397599401e-01 3.142194758318623826e-01 -5.013894730529955268e-01 -4.302576358003307178e-01 -1.154927773790745960e-01 -2.268183975002727948e+00 -6.199585388586683621e-01
3.439740674176846369e+00 3.758053444057850356e+00 1.395574013684893089e+00 6.748304558594213631e-01 -5.630091679074666899e-01 -4.720355163929639275e-01 -6.531457789566843530e-01 -1.483772224835831821e+00 9.570379712316707810e-01 -5.918943014713704542e-01 -1.069347252051500163e+00 9.123901186907232841e-01 -3.991268059791082123e-01 2.018790650533901498e-01 -4.968187246071238405e-01 -9.700782555306659560e-01 6.784531175565007288e-01 -6.267639723336060342e-01 -9.515476959622901632e-01 1.207611146179374373e+00 -4.926609585094183785e-01 -8.086797225861346305e-01 1.766593946836678697e-01 -6.416631747164274202e-01 3.641942601308301164e-01 -7.709378520862060213e-01 -2.150484215885626327e-01 -1.042939681755683523e-01 -2.135588915190908210e+00 -3.200107398430418471e-01
1.481253451169834534e+00 1.395574013684893089e+00 2.185120228655364372e+00 4.878771713400738008e-01 3.074487726163397383e-01 -1.433579576231522879e-01 -2.653552123961731013e-01 -3.571717620840786367e-01 -4.142585269583491936e-01 -3.538587180410672772e-01 -8.558640012066121017e-01 -1.861169855964703856e-01 -5.056509890241045468e-01 2.714756982664994212e-01 -3.213406190153023090e-01 -1.037957903139044902e+00 4.711702656829288571e-01 -6.276449389214349139e-01 -9.079228819286697671e-01 6.329612773323560759e-01 3.283160889287728423e-02 -8.326716714447002232e-02 -9.511854665032615230e-02 -5.549747912914426706e-02 6.383552688187137392e-01 -5.856342261148483885e-01 -3.234150813284486503e-03 5.465270099008989746e-01 -1.184842313135789027e+00 -4.665018393413902231e-01
1.037120997403917499e+00 6.748304558594213631e-01 4.878771713400738008e-01 3.818160017654008698e-01 2.197324634209962824e-03 6.025060270985704847e-02 -2.024983560045257036e-01 -1.102746133608434320e-01 2.640966429577247254e-01 -1.748662116112313925e-01 -2.659696197415541974e-01 1.498330328905126407e-01 -2.194523542689239548e-01 -1.297591045596391268e-02 -1.946534585190988764e-01 -3.693809212539918008e-01 9.572306921597828477e-03 -2.179544898522181029e-01 -4.190293679997694198e-01 2.506411463659219407e-01 -1.323158923154892364e-01 -2.785049074212793130e-01 1.113852008218714218e-01 -1.026370951803983189e-01 1.580322923144876768e-01 -1.369245157900991217e-01 -1.148199113988539466e-01 8.676136868842831973e-02 -5.224830998535026083e-01 -1.996753604350942624e-01
-3.842263310086764250e-01 -5.630091679074666899e-01 3.074487726163397383e-01 2.197324634209962824e-03 8.409781057161467288e-01 1.265539502400088168e-01 -6.675548805867492774e-02 2.417372319824835358e-01 -6.090055455022707065e-01 9.758127200552735303e-02 -4.332792395750857395e-01 -1.535322538177297247e-01 1.451341973636317562e-01 -1.779931279093602825e-01 4.169826459985870315e-02 -1.802519075449708907e-01 -4.429400617368628446e-03 -1.528521333750063604e-01 -1.980095984847594082e-01 2.215500688812994667e-01 6.809091173238357442e-02 9.574452939733646417e-02 -2.063104516861358206e-02 1.189937888694316825e-01 2.144411430491004467e-01 -3.154325856866080358e-02 1.627153190069066113e-01 2.741455154139771366e-01 -7.338035644698948090e-02 8.988945469451437020e-02
1.426437589323086286e-01 -4.720355163929639275e-01 -1.433579576231522879e-01 6.025060270985704847e-02 1.265539502400088168e-01 5.108534986027279956e-01 -2.172596571335816407e-02 4.385731764922411458e-01 -3.608127059010257653e-03 4.488297230159332685e-02 -4.759659855034215070e-02 -2.536482442844771867e-01 -5.175048422563577333e-02 -1.176045121447941710e-01 -1.205341200474094876e-01 -1.182064983937038960e-01 -2.496840515903500091e-01 -3.514560035364411306e-02 -1.564529495603608211e-01 -6.434707591489541301e-02 3.703438623483634728e-02 -5.338732153455794105e-02 9.185388899726376621e-02 1.226914991420358092e-01 3.169662483117008378e-02 1.386229273863364142e-01 -1.286102174071857007e-02 1.220498724455865158e-01 1.556634115195265622e-01 -1.014246883120790699e-01
-8.864174572485126191e-01 -6.531457789566843530e-01 -2.653552123961731013e-01 -2.024983560045257036e-01 -6.675548805867492774e-02 -2.172596571335816407e-02 3.424082774442354093e-01 1.853701520761319443e-01 -2.965708906811528323e-01 1.488953316832635210e-01 3.341362715583500176e-01 -1.960036638026281253e-01 6.977361345991539565e-02 6.549006855198058474e-02 2.301595722203728656e-01 2.626097904491757618e-01 -3.639649584403059634e-02 1.800452860669565780e-01 2.594217593396024313e-01 -3.446492011522650500e-01 1.144283749889041246e-01 2.051982881718572571e-01 -1.319464943037473859e-01 1.310995966666723689e-01 -1.600084697004149348e-01 1.119844026574128293e-01 4.592705424715859408e-02 -3.938384266888306229e-02 5.359122730757235331e-01 7.799653936314143721e-02
-9.384684070289495139e-01 -1.483772224835831821e+00 -3.571717620840786367e-01 -1.102746133608434320e-01 2.417372319824835358e-01 4.385731764922411458e-01 1.853701520761319443e-01 9.903596085717936148e-01 -2.654357602654613402e-01 2.783538276203216810e-01 4.472587412606685575e-01 -6.373849834639031542e-01 7.216831331282946849e-02 -2.076609569225524865e-01 1.488515325188473071e-01 2.366451179728414900e-01 -4.927071111616783128e-01 2.034887412112880156e-01 8.471153708433121210e-02 -3.615631113711970102e-01 1.252788448140336186e-01 3.182249999946407115e-02 5.080641027444698921e-02 3.318716042552409817e-01 -4.028888360642213229e-02 2.769809403682756965e-01 1.154406860769086052e-01 1.999609924988021703e-01 5.385599055784382472e-01 -1.035113886629801527e-01
1.304194385974255965e+00 9.570379712316707810e-01 -4.142585269583491936e-01 2.640966429577247254e-01 -6.090055455022707065e-01 -3.608127059010257653e-03 -2.965708906811528323e-01 -2.654357602654613402e-01 1.155132670787850202e+00 -1.627802714027666298e-01 2.516909283697827959e-01 4.821723281445997600e-01 -1.387885441467346936e-01 -9.852252539531036746e-02 -2.611493598820402440e-01 2.859654729923022387e-02 -2.032544777504199374e-01 1.042082398691377421e-01 -8.453589405468164841e-02 1.156423494629166271e-01 -2.831316590510368769e-01 -5.492657939575451564e-01 3.228442220713532151e-01 -2.698488930295184218e-01 -9.204434173676645514e-02 2.868236454582984152e-02 -2.863684631893193000e-01 -2.729019960092955444e-01 -4.996782109587343257e-01 -2.231468569885919351e-01
-6.324901308327639526e-01 -5.918943014713704542e-01 -3.538587180410672772e-01 -1.748662116112313925e-01 9.758127200552735303e-02 4.488297230159332685e-02 1.488953316832635210e-01 2.783538276203216810e-01 -1.627802714027666298e-01 2.442982153484081209e-01 2.092759955488077139e-01 -1.990740650269913203e-01 1.504167872642483417e-01 -5.065854203513708853e-02 2.089095933151270401e-01 2.771902181493146600e-01 -1.384536880971722894e-01 2.091246180595476289e-01 1.754684807231114974e-01 -1.886388156918883396e-01 3.054601817564162047e-02 -6.781465393487451365e-03 -7.028255985915166093e-03 1.110595029324485949e-01 -1.316824829013967246e-01 1.138225870545852558e-01 7.634072266984048838e-02 -5.044867660171803436e-02 2.776402791200780484e-01 3.484932336408519404e-02
-1.208186414818499088e+00 -1.069347252051500163e+00 -8.558640012066121017e-01 -2.659696197415541974e-01 -4.332792395750857395e-01 -4.759659855034215070e-02 3.341362715583500176e-01 4.472587412606685575e-01 2.516909283697827959e-01 2.092759955488077139e-01 1.130067308671357296e+00 -2.417793949443307611e-01 1.095009907167536767e-01 -9.479004073136820807e-02 2.527425870383694928e-01 6.394724842675714171e-01 -3.924010791543537380e-01 4.959618541931263280e-01 5.538477112274051706e-01 -6.156796419475085713e-01 8.141212740332548492e-02 6.829680788217729059e-02 3.075430313657534498e-02 1.485331451823412863e-01 -2.785764374252153175e-01 2.959342837807525939e-01 -3.871839092767004331e-02 -1.617971487287377386e-01 7.014828144106672880e-01 -4.638184586121951725e-02
9.700917674132369939e-01 9.123901186907232841e-01 -1.861169855964703856e-01 1.498330328905126407e-01 -1.535322538177297247e-01 -2.536482442844771867e-01 -1.960036638026281253e-01 -6.373849834639031542e-01 4.821723281445997600e-01 -1.990740650269913203e-01 -2.417793949443307611e-01 8.234673100299119142e-01 -1.476836711617579567e-02 -1.632554892614734854e-02 -1.392551270456579005e-01 -2.585387769059366292e-02 1.169799813867484772e-01 -3.964272857362516334e-02 -5.207493296569509766e-02 2.119348421240374591e-01 -2.526146863778535590e-01 -2.722693047394386667e-01 1.492247499260770383e-01 -3.221206398166032159e-01 -8.017970596813484008e-02 -2.259692503707810829e-02 -2.282747023249385165e-01 -2.797012633175768315e-01 -3.189093998270209340e-01 1.160335987128178203e-01
-6.638672427868641535e-01 -3.991268059791082123e-01 -5.056509890241045468e-01 -2.194523542689239548e-01 1.451341973636317562e-01 -5.175048422563577333e-02 6.977361345991539565e-02 7.216831331282946849e-02 -1.387885441467346936e-01 1.504167872642483417e-01 1.095009907167536767e-01 -1.476836711617579567e-02 3.247698738981625866e-01 -1.526947221534555865e-01 1.673553410714703205e-01 2.431711666110913939e-01 4.785863811605395313e-03 1.303103205901265937e-01 2.498667325598944444e-01 -2.454192517467390644e-02 3.559152570750256928e-02 9.360011281540892014e-02 -6.408330789679439476e-02 2.836981329704713062e-02 -1.443092605071001344e-01 6.491695373966877014e-02 1.389090312938492389e-01 -1.039691050106625880e-01 2.439407831835751495e-01 2.104227718508582257e-01
-1.473897645058741546e-02 2.018790650533901498e-01 2.714756982664994212e-01 -1.297591045596391268e-02 -1.779931279093602825e-01 -1.176045121447941710e-01 6.549006855198058474e-02 -2.076609569225524865e-01 -9.852252539531036746e-02 -5.065854203513708853e-02 -9.479004073136820807e-02 -1.632554892614734854e-02 -1.526947221534555865e-01 2.989589006331243581e-01 -3.317519251362455179e-02 -1.961826172674818736e-02 1.676326258119047452e-01 -2.148467873087156477e-02 5.335788731846946575e-02 -1.261913578149460591e-01 7.704171565586648285e-02 1.537667073956185959e-01 -1.062396239435656753e-01 2.031378366484659637e-02 -1.238708938444688101e-04 -4.229487849357838058e-02 -6.044890642851896700e-02 -2.180466571309125356e-02 8.669928669911541874e-02 -2.126996752912191369e-02
-7.632142854446897218e-01 -4.968187246071238405e-01 -3.213406190153023090e-01 -1.946534585190988764e-01 4.169826459985870315e-02 -1.205341200474094876e-01 2.301595722203728656e-01 1.488515325188473071e-01 -2.611493598820402440e-01 2.089095933151270401e-01 2.527425870383694928e-01 -1.392551270456579005e-01 1.673553410714703205e-01 -3.317519251362455179e-02 4.273082161981278659e-01 3.225479946078735338e-01 -3.960707660547768683e-02 1.849770504775278823e-01 2.142239382655191093e-01 -1.873796088768244772e-01 -1.213844442440858984e-02 6.741651056421460453e-02 -8.431789848009429988e-02 7.470788812713635707e-02 -1.624944756479749230e-01 7.377216363806837762e-02 8.350935608729059823e-02 -9.025073341058487131e-02 3.242339986156252962e-01 8.391594281948755452e-02
-1.211422844912249275e+00 -9.700782555306659560e-01 -1.037957903139044902e+00 -3.693809212539918008e-01 -1.802519075449708907e-01 -1.182064983937038960e-01 2.626097904491757618e-01 2.366451179728414900e-01 2.859654729923022387e-02 2.771902181493146600e-01 6.394724842675714171e-01 -2.585387769059366292e-02 2.431711666110913939e-01 -1.961826172674818736e-02 3.225479946078735338e-01 8.082535611222283478e-01 -2.723604770471297343e-01 5.406492315933917325e-01 6.483607938492923495e-01 -5.075568043090754600e-01 8.444905183580431185e-03 2.943743345588245575e-02 4.468665471677013556e-02 8.037987713191796502e-02 -3.801380352783212402e-01 3.369110651811979551e-01 3.119833177657937995e-02 -3.080810932536905966e-01 6.921498078978061130e-01 1.702019083414256784e-01
1.385416056365329496e-01 6.784531175565007288e-01 4.711702656829288571e-01 9.572306921597828477e-03 -4.429400617368628446e-03 -2.496840515903500091e-01 -3.639649584403059634e-02 -4.927071111616783128e-01 -2.032544777504199374e-01 -1.384536880971722894e-01 -3.924010791543537380e-01 1.169799813867484772e-01 4.785863811605395313e-03 1.676326258119047452e-01 -3.960707660547768683e-02 -2.723604770471297343e-01 4.824695992502938680e-01 -2.311134291803114138e-01 -5.193104361129030622e-02 2.109473836499091703e-01 9.624298551415222391e-02 2.551775389026431640e-01 -2.368527628219112557e-01 -9.441935655701172436e-02 7.745190638883059364e-02 -2.500684270847273183e-01 2.871375650187246720e-02 1.361304259478401946e-02 -1.630441004753038214e-01 1.049711042002172690e-01
-6.845708778766947944e-01 -6.267639723336060342e-01 -6.276449389214349139e-01 -2.179544898522181029e-01 -1.528521333750063604e-01 -3.514560035364411306e-02 1.800452860669565780e-01 2.034887412112880156e-01 1.042082398691377421e-01 2.091246180595476289e-01 4.959618541931263280e-01 -3.964272857362516334e-02 1.303103205901265937e-01 -2.148467873087156477e-02 1.849770504775278823e-01 5.406492315933917325e-01 -2.311134291803114138e-01 5.000469323908021124e-01 4.105526828089125502e-01 -3.826408764068105484e-01 -2.263301115817739628e-03 -1.113102477730762985e-01 1.011244829784345711e-01 1.559475895419382141e-02 -2.465357358121877951e-01 2.268412638994732333e-01 -7.003227200976880340e-02 -2.103102087817774191e-01 3.874397125417203824e-01 -3.009854027925484843e-02
-1.486033125024164292e+00 -9.515476959622901632e-01 -9.079228819286697671e-01 -4.190293679997694198e-01 -1.980095984847594082e-01 -1.564529495603608211e-01 2.594217593396024313e-01 8.471153708433121210e-02 -8.453589405468164841e-02 1.754684807231114974e-01 5.538477112274051706e-01 -5.207493296569509766e-02 2.498667325598944444e-01 5.335788731846946575e-02 2.142239382655191093e-01 6.483607938492923495e-01 -5.193104361129030622e-02 4.105526828089125502e-01 7.624024211093853864e-01 -5.043219321864853555e-01 1.840319987527152534e-01 3.870132428558861193e-01 -1.195691364546007662e-01 8.609348061114019401e-02 -3.247941257525610581e-01 2.681454729880954346e-01 5.131222244068567306e-02 -2.526774685278780908e-01 8.653165885025657644e-01 2.547722809721904014e-01
1.174916024536798886e+00 1.207611146179374373e+00 6.329612773323560759e-01 2.506411463659219407e-01 2.215500688812994667e-01 -6.434707591489541301e-02 -3.446492011522650500e-01 -3.615631113711970102e-01 1.156423494629166271e-01 -1.886388156918883396e-01 -6.156796419475085713e-01 2.119348421240374591e-01 -2.454192517467390644e-02 -1.261913578149460591e-01 -1.873796088768244772e-01 -5.075568043090754600e-01 2.109473836499091703e-01 -3.826408764068105484e-01 -5.043219321864853555e-01 7.744867967517166107e-01 -1.675664949269730641e-01 -2.619541497350610371e-01 1.856752274579775985e-02 -1.772183779069109733e-01 2.709676113734644787e-01 -3.802913391235733798e-01 7.776986772807958914e-02 1.351375921187241147e-01 -9.494373818099575146e-01 -5.915624667335350750e-02
-7.497699861112891995e-01 -4.926609585094183785e-01 3.283160889287728423e-02 -1.323158923154892364e-01 6.809091173238357442e-02 3.703438623483634728e-02 1.144283749889041246e-01 1.252788448140336186e-01 -2.831316590510368769e-01 3.054601817564162047e-02 8.141212740332548492e-02 -2.526146863778535590e-01 3.559152570750256928e-02 7.704171565586648285e-02 -1.213844442440858984e-02 8.444905183580431185e-03 9.624298551415222391e-02 -2.263301115817739628e-03 1.840319987527152534e-01 -1.675664949269730641e-01 2.517725077678392154e-01 3.870276130932950309e-01 -1.827108915908866038e-01 1.294566818357338889e-01 2.347964978497429911e-02 2.078299041295395000e-02 4.380127691007373869e-02 9.853619381516409703e-02 3.740890043458762193e-01 5.525170500777676352e-02
-1.411864340240640558e+00 -8.086797225861346305e-01 -8.326716714447002232e-02 -2.785049074212793130e-01 9.574452939733646417e-02 -5.338732153455794105e-02 2.051982881718572571e-01 3.182249999946407115e-02 -5.492657939575451564e-01 -6.781465393487451365e-03 6.829680788217729059e-02 -2.722693047394386667e-01 9.360011281540892014e-02 1.537667073956185959e-01 6.741651056421460453e-02 2.943743345588245575e-02 2.551775389026431640e-01 -1.113102477730762985e-01 3.870132428558861193e-01 -2.619541497350610371e-01 3.870276130932950309e-01 8.772400605166978949e-01 -3.893935300493183149e-01 1.869646780752418636e-01 2.129994442725546833e-03 4.223741015817950029e-02 1.296990857116497864e-01 1.025315483465192301e-01 8.129823432082616819e-01 2.983919766388112293e-01
5.619960232737071237e-01 1.766593946836678697e-01 -9.511854665032615230e-02 1.113852008218714218e-01 -2.063104516861358206e-02 9.185388899726376621e-02 -1.319464943037473859e-01 5.080641027444698921e-02 3.228442220713532151e-01 -7.028255985915166093e-03 3.075430313657534498e-02 1.492247499260770383e-01 -6.408330789679439476e-02 -1.062396239435656753e-01 -8.431789848009429988e-02 4.468665471677013556e-02 -2.368527628219112557e-01 1.011244829784345711e-01 -1.195691364546007662e-01 1.856752274579775985e-02 -1.827108915908866038e-01 -3.893935300493183149e-01 3.289711398386998553e-01 -8.341681948928680868e-02 3.808290487501153621e-02 8.903688441228041484e-02 -7.151153847888735982e-02 -4.413047244725021301e-02 -3.310723818608494184e-01 -1.479719410802999846e-01
-6.504124130397599401e-01 -6.416631747164274202e-01 -5.549747912914426706e-02 -1.026370951803983189e-01 1.189937888694316825e-01 1.226914991420358092e-01 1.310995966666723689e-01 3.318716042552409817e-01 -2.698488930295184218e-01 1.110595029324485949e-01 1.485331451823412863e-01 -3.221206398166032159e-01 2.836981329704713062e-02 2.031378366484659637e-02 7.470788812713635707e-02 8.037987713191796502e-02 -9.441935655701172436e-02 1.559475895419382141e-02 8.609348061114019401e-02 -1.772183779069109733e-01 1.294566818357338889e-01 1.869646780752418636e-01 -8.341681948928680868e-02 2.233014983964380917e-01 1.706848814205841336e-02 7.173871482353888496e-02 8.155591062143230374e-02 1.120143492886995773e-01 3.052656735196705995e-01 1.584081173291451705e-04
3.142194758318623826e-01 3.641942601308301164e-01 6.383552688187137392e-01 1.580322923144876768e-01 2.144411430491004467e-01 3.169662483117008378e-02 -1.600084697004149348e-01 -4.028888360642213229e-02 -9.204434173676645514e-02 -1.316824829013967246e-01 -2.785764374252153175e-01 -8.017970596813484008e-02 -1.443092605071001344e-01 -1.238708938444688101e-04 -1.624944756479749230e-01 -3.801380352783212402e-01 7.745190638883059364e-02 -2.465357358121877951e-01 -3.247941257525610581e-01 2.709676113734644787e-01 2.347964978497429911e-02 2.129994442725546833e-03 3.808290487501153621e-02 1.706848814205841336e-02 3.697610840842173729e-01 -1.842466501236685872e-01 -6.622341211993898469e-03 2.967899616798490570e-01 -4.619017697017397950e-01 -1.227242452212067292e-01
-5.013894730529955268e-01 -7.709378520862060213e-01 -5.856342261148483885e-01 -1.369245157900991217e-01 -3.154325856866080358e-02 1.386229273863364142e-01 1.119844026574128293e-01 2.769809403682756965e-01 2.868236454582984152e-02 1.138225870545852558e-01 2.959342837807525939e-01 -2.259692503707810829e-02 6.491695373966877014e-02 -4.229487849357838058e-02 7.377216363806837762e-02 3.369110651811979551e-01 -2.500684270847273183e-01 2.268412638994732333e-01 2.681454729880954346e-01 -3.802913391235733798e-01 2.078299041295395000e-02 4.223741015817950029e-02 8.903688441228041484e-02 7.173871482353888496e-02 -1.842466501236685872e-01 3.197464024017335760e-01 -3.741606698872601555e-02 -1.154574651241091487e-01 4.934372922289753660e-01 8.520688593972636227e-02
-4.302576358003307178e-01 -2.150484215885626327e-01 -3.234150813284486503e-03 -1.148199113988539466e-01 1.627153190069066113e-01 -1.286102174071857007e-02 4.592705424715859408e-02 1.154406860769086052e-01 -2.863684631893193000e-01 7.634072266984048838e-02 -3.871839092767004331e-02 -2.282747023249385165e-01 1.389090312938492389e-01 -6.044890642851896700e-02 8.350935608729059823e-02 3.119833177657937995e-02 2.871375650187246720e-02 -7.003227200976880340e-02 5.131222244068567306e-02 7.776986772807958914e-02 4.380127691007373869e-02 1.296990857116497864e-01 -7.151153847888735982e-02 8.155591062143230374e-02 -6.622341211993898469e-03 -3.741606698872601555e-02 3.009766652018583954e-01 7.831372853354423569e-02 3.850346041906504979e-02 9.092737644721182733e-02
-1.154927773790745960e-01 -1.042939681755683523e-01 5.465270099008989746e-01 8.676136868842831973e-02 2.741455154139771366e-01 1.220498724455865158e-01 -3.938384266888306229e-02 1.999609924988021703e-01 -2.729019960092955444e-01 -5.044867660171803436e-02 -1.617971487287377386e-01 -2.797012633175768315e-01 -1.039691050106625880e-01 -2.180466571309125356e-02 -9.025073341058487131e-02 -3.080810932536905966e-01 1.361304259478401946e-02 -2.103102087817774191e-01 -2.526774685278780908e-01 1.351375921187241147e-01 9.853619381516409703e-02 1.025315483465192301e-01 -4.413047244725021301e-02 1.120143492886995773e-01 2.967899616798490570e-01 -1.154574651241091487e-01 7.831372853354423569e-02 3.839700836723523025e-01 -1.753732915979639984e-01 -1.042773274539854356e-01
-2.268183975002727948e+00 -2.135588915190908210e+00 -1.184842313135789027e+00 -5.224830998535026083e-01 -7.338035644698948090e-02 1.556634115195265622e-01 5.359122730757235331e-01 5.385599055784382472e-01 -4.996782109587343257e-01 2.776402791200780484e-01 7.014828144106672880e-01 -3.189093998270209340e-01 2.439407831835751495e-01 8.669928669911541874e-02 3.242339986156252962e-01 6.921498078978061130e-01 -1.630441004753038214e-01 3.874397125417203824e-01 8.653165885025657644e-01 -9.494373818099575146e-01 3.740890043458762193e-01 8.129823432082616819e-01 -3.310723818608494184e-01 3.052656735196705995e-01 -4.619017697017397950e-01 4.934372922289753660e-01 3.850346041906504979e-02 -1.753732915979639984e-01 1.832344394244557861e+00 4.182344520485798967e-01
-6.199585388586683621e-01 -3.200107398430418471e-01 -4.665018393413902231e-01 -1.996753604350942624e-01 8.988945469451437020e-02 -1.014246883120790699e-01 7.799653936314143721e-02 -1.035113886629801527e-01 -2.231468569885919351e-01 3.484932336408519404e-02 -4.638184586121951725e-02 1.160335987128178203e-01 2.104227718508582257e-01 -2.126996752912191369e-02 8.391594281948755452e-02 1.702019083414256784e-01 1.049711042002172690e-01 -3.009854027925484843e-02 2.547722809721904014e-01 -5.915624667335350750e-02 5.525170500777676352e-02 2.983919766388112293e-01 -1.479719410802999846e-01 1.584081173291451705e-04 -1.227242452212067292e-01 8.520688593972636227e-02 9.092737644721182733e-02 -1.042773274539854356e-01 4.182344520485798967e-01 4.748851819489914305e-01
