4.910779144210891900e+00 3.077060573907886010e+00 2.016370244745417040e+00 1.060128881401169565e+00 1.943502400865781965e-01 -1.280837191317232282e-01 -7.009582436638766012e-01 -1.028067010622635280e+00 -7.486374790250351907e-01 -4.900889670556125566e-01 -2.682629402199893320e+00 -4.231110563192146401e-01 -7.114043627951218696e-01 -6.321733545181018599e-01 -1.593554329327673713e+00 -1.383031098292860861e+00 -1.573486899293641272e+00 -4.281149826101682265e-02 -1.647565077631213626e+00 3.013684136014376236e-01 8.074940237204373261e-01 -1.433425066922382030e+00 1.278338983796857065e+00 1.138987401345161743e+00 3.712679305417054820e-01 1.232014006748897827e+00 -4.422017578830264029e-01 2.429775592099758796e-02 -1.667753900416073520e-01 -5.844514639974249803e-01
3.077060573907886010e+00 3.684606855680783610e+00 1.344876075666036286e+00 5.616752119283887623e-01 -2.253526075749050506e-01 -9.396288643361572213e-01 -3.562363302618223315e-01 -1.918139019039131199e+00 -6.038381285682135058e-01 -3.471539487644008659e-01 -2.421956864812216281e+00 3.254628532624224135e-01 -1.222845940599768255e-01 -8.230755531486124710e-01 -1.302484230290588130e+00 -5.124856858855082464e-01 -1.559077983790416511e+00 2.097698662172433615e-01 -7.079899631380328628e-01 3.567508825368577163e-01 3.922026543150423095e-01 -1.146944720319652333e+00 1.391811770264780534e+00 8.693256259469421821e-01 4.979080656443102271e-02 1.345815841802505020e+00 -3.950728248901214101e-01 -4.954306386322286926e-01 1.686166942244540223e-01 9.938842964447758277e-02
2.016370244745417040e+00 1.344876075666036286e+00 2.460669315467157503e+00 5.205505285138656291e-01 3.242549209075491490e-01 -1.460202507386156867e-01 -2.359639607940948736e-01 -5.616465134555710392e-01 -1.106184829133553649e+00 -2.972769842340312607e-01 -1.626950940358824482e+00 -5.580004723583442683e-01 -4.641001016019572489e-01 -2.061833289680521375e-01 -8.447830912571703266e-01 -1.030173085266198996e+00 -4.486397235174308662e-01 -1.673315799301917650e-01 -9.524526912837814052e-01 1.581632356655404692e-01 5.469119520877256946e-01 -3.100853329056576513e-01 4.700395279739950638e-01 4.908067129651954019e-01 4.979175540713640657e-01 5.235694415467833096e-01 -4.123931234353221953e-01 2.552126234000979821e-01 2.251678755862940307e-02 -2.636746229009077069e-01
1.060128881401169565e+00 5.616752119283887623e-01 5.205505285138656291e-01 3.773451856774272528e-01 1.195488668496977880e-01 5.793680690408109513e-02 -1.810672881532582323e-01 -1.438658780006107918e-01 -1.210933124983739617e-01 -1.464610975219216016e-01 -5.971681915609678981e-01 -1.253123431897620321e-01 -2.088076020393714316e-01 -1.531695375668959969e-01 -3.723740892612568132e-01 -3.919923926727619801e-01 -3.320580044638177242e-01 -6.232400779555291592e-02 -4.411178671323909839e-01 5.715197969891505636e-02 1.793860282039076992e-01 -3.019643286137352334e-01 2.715519622383908427e-01 2.442888527300510759e-01 1.497448668322931553e-01 2.666492216446840757e-01 -1.405215813150562099e-01 8.419237736580953424e-02 -5.031521565547336650e-02 -1.805376724669258692e-01
1.943502400865781965e-01 -2.253526075749050506e-01 3.242549209075491490e-01 1.195488668496977880e-01 4.629297786212873689e-01 2.291615260651838071e-01 -1.487036536585151225e-01 5.393625227696929869e-02 -2.321434060563660751e-01 -2.574023796950086762e-02 -3.892337907104206352e-01 -1.244137560574927193e-01 5.896294684481517834e-02 -1.239113696681783949e-01 -1.480509427512970433e-01 -2.546834176167180885e-01 4.813222912946457654e-02 -1.648734041116881599e-01 -2.435827495138767063e-01 2.139243324415360803e-01 1.412078250172612570e-01 -3.647179806540634672e-02 3.494761652842726107e-02 5.909923090069924001e-02 1.804262268630623112e-01 6.414609368050605553e-03 1.499129455623915419e-03 1.558938850140521026e-01 -8.178731817002926618e-02 -8.574114291263867926e-02
-1.280837191317232282e-01 -9.396288643361572213e-01 -1.460202507386156867e-01 5.793680690408109513e-02 2.291615260651838071e-01 7.958862997824098784e-01 -9.166152644581870845e-02 8.369091101935737242e-01 8.843746756554082822e-02 5.811805686602156129e-02 2.622082212666327905e-01 -4.806436113687482248e-01 -7.268882198781057014e-02 6.198324707332858452e-02 6.423369477613505296e-02 -3.056167925017234666e-01 2.795908451527111538e-01 -1.903509074457474526e-01 -2.526514712127436724e-01 5.394271816254558871e-02 1.065191695839189379e-01 1.630258936590394114e-01 -2.772503651297029137e-01 -6.153344532754090324e-02 2.018850554250661844e-01 -3.212947574844520204e-01 7.078509597062065950e-02 3.697357245587227226e-01 -1.856214226381212029e-01 -2.473133363092756554e-01
-7.009582436638766012e-01 -3.562363302618223315e-01 -2.359639607940948736e-01 -1.810672881532582323e-01 -1.487036536585151225e-01 -9.166152644581870845e-02 2.884160974528526822e-01 1.034577414639556991e-01 2.397797353017949717e-02 1.272465942379312764e-01 5.013550981661865080e-01 7.985609956591588343e-02 4.019913646067152513e-02 2.079946365360569871e-01 3.679396332189526220e-01 2.729312858785988283e-01 2.646052516521422149e-01 8.277902598058517469e-02 2.464444479203962146e-01 -1.532545720071993856e-01 -1.631358751028528786e-01 1.529774204223599554e-01 -2.651413790816832261e-01 -1.919716712297940830e-01 -1.673638208901024882e-01 -2.227810938264838114e-01 4.122776469324662685e-02 -7.882700021463051598e-02 6.870401112831814316e-02 8.695241652071672434e-02
-1.028067010622635280e+00 -1.918139019039131199e+00 -5.616465134555710392e-01 -1.438658780006107918e-01 5.393625227696929869e-02 8.369091101935737242e-01 1.034577414639556991e-01 1.518577869864657259e+00 4.183223935829119000e-01 2.113125957719148573e-01 1.303234439722757543e+00 -6.015960090559246964e-01 -8.255222587683874735e-02 3.186136442377573985e-01 5.926275024416440829e-01 2.079476408772507057e-02 6.385447859202031395e-01 -1.128193553502114810e-01 2.577544471552073446e-02 -1.175333075228195412e-01 -9.858003879054422214e-02 3.533735564140556562e-01 -6.539768713623175245e-01 -3.091727745094203783e-01 9.353350616595434985e-02 -7.855173352999145209e-01 2.223950673250669752e-01 4.462372859326251273e-01 -3.577405675690101816e-01 -3.864397923267119950e-01
-7.486374790250351907e-01 -6.038381285682135058e-01 -1.106184829133553649e+00 -1.210933124983739617e-01 -2.321434060563660751e-01 8.843746756554082822e-02 2.397797353017949717e-02 4.183223935829119000e-01 8.155755642426925078e-01 8.894571559574160347e-02 9.619074704996251057e-01 2.006470493752772200e-01 1.097809966270233417e-01 5.996653573731691722e-03 2.773832069781292375e-01 4.293582136562008600e-01 -9.335377057198002149e-03 1.044026799406196915e-01 3.452153946374210136e-01 -1.139857586843504578e-01 -2.617202891450460811e-01 3.611966790572296304e-03 -7.839228410483656262e-02 -1.519082447303503614e-01 -1.154407910694317252e-01 -1.887978916668657803e-01 1.329141361647430131e-01 -1.571831237362175671e-02 -1.597342466740769851e-01 -9.954696140249552627e-02
-4.900889670556125566e-01 -3.471539487644008659e-01 -2.972769842340312607e-01 -1.464610975219216016e-01 -2.574023796950086762e-02 5.811805686602156129e-02 1.272465942379312764e-01 2.113125957719148573e-01 8.894571559574160347e-02 2.596947522731625213e-01 3.371405066055217503e-01 -1.129653509693184787e-01 9.591281056952993822e-02 1.127897374701092303e-01 3.003002762455366792e-01 2.512075788215497596e-01 1.473662414621799144e-01 6.337856705795275047e-02 1.048976910811063590e-01 -5.761823524608189473e-05 -9.679703219899238320e-02 -4.705298031899474154e-02 -1.681318914809253329e-01 -6.040553522262825936e-02 -1.156584138897756020e-01 -1.969580579074090565e-01 9.891260754108088804e-02 -3.969838201720676807e-02 -7.056723152641097840e-02 -4.221028250850622499e-02
-2.682629402199893320e+00 -2.421956864812216281e+00 -1.626950940358824482e+00 -5.971681915609678981e-01 -3.892337907104206352e-01 2.622082212666327905e-01 5.013550981661865080e-01 1.303234439722757543e+00 9.619074704996251057e-01 3.371405066055217503e-01 2.671750294241348911e+00 7.272453167519188355e-02 1.876985129675290409e-01 5.559856022879898774e-01 1.183406922160770591e+00 9.071695297849942108e-01 8.906435608794254222e-01 1.501360689299531259e-01 8.991364521065747795e-01 -4.631530605191187533e-01 -5.512068493837887218e-01 6.544777910285120015e-01 -9.115398718109872789e-01 -7.100979789132111364e-01 -3.001087666075363813e-01 -1.024790101033090650e+00 3.495246169751453635e-01 9.292785363402344956e-02 -2.109399782867171780e-01 -9.165250024847182431e-02
-4.231110563192146401e-01 3.254628532624224135e-01 -5.580004723583442683e-01 -1.253123431897620321e-01 -1.244137560574927193e-01 -4.806436113687482248e-01 7.985609956591588343e-02 -6.015960090559246964e-01 2.006470493752772200e-01 -1.129653509693184787e-01 7.272453167519188355e-02 7.605201078195591435e-01 1.945990666469583630e-01 -6.122059474063235029e-02 6.830657401962980657e-03 3.715779666900402844e-01 -9.482129865421029535e-02 1.013096494157821326e-01 4.349910313138991569e-01 -7.169313410184940949e-02 -2.080085256237680369e-01 5.417863465669370271e-02 1.242223285439081337e-01 -1.178752310993900210e-01 -1.928618620398765415e-01 2.026507331437414905e-01 -2.416639229454631277e-02 -2.809521688597556022e-01 2.286840439928710111e-01 3.193868579107856931e-01
-7.114043627951218696e-01 -1.222845940599768255e-01 -4.641001016019572489e-01 -2.088076020393714316e-01 5.896294684481517834e-02 -7.268882198781057014e-02 4.019913646067152513e-02 -8.255222587683874735e-02 1.097809966270233417e-01 9.591281056952993822e-02 1.876985129675290409e-01 1.945990666469583630e-01 4.557788994313227704e-01 -2.380861318050051523e-01 8.305433226001923686e-02 2.683780194273595043e-01 6.165185798317907029e-02 -3.398899714341041545e-03 2.522101200358974893e-01 2.033002335952005524e-01 -8.331865595641829714e-02 3.880589033681758337e-02 -9.699697293399367481e-03 -9.014125054488886235e-02 -1.049871121533101359e-01 -7.209724510704518252e-02 1.512956293358342919e-01 -1.260862135657134786e-01 1.310585130403296716e-02 1.749172969226151508e-01
-6.321733545181018599e-01 -8.230755531486124710e-01 -2.061833289680521375e-01 -1.531695375668959969e-01 -1.239113696681783949e-01 6.198324707332858452e-02 2.079946365360569871e-01 3.186136442377573985e-01 5.996653573731691722e-03 1.127897374701092303e-01 5.559856022879898774e-01 -6.122059474063235029e-02 -2.380861318050051523e-01 6.412809667450005691e-01 4.675685053559845983e-01 2.008460188773710797e-01 4.930171346569522939e-01 6.053615118088373492e-02 2.447071849249198294e-01 -3.819599809018541237e-01 -1.443662719656231275e-01 3.638777424483237155e-01 -4.564523618859084308e-01 -2.420334966313362202e-01 -1.242581340655988242e-01 -3.093362043484262358e-01 1.170296371844870009e-02 1.747221149906863502e-02 8.583805255824472624e-02 4.601627681319087060e-02
-1.593554329327673713e+00 -1.302484230290588130e+00 -8.447830912571703266e-01 -3.723740892612568132e-01 -1.480509427512970433e-01 6.423369477613505296e-02 3.679396332189526220e-01 5.926275024416440829e-01 2.773832069781292375e-01 3.003002762455366792e-01 1.183406922160770591e+00 6.830657401962980657e-03 8.305433226001923686e-02 4.675685053559845983e-01 9.720714933868066510e-01 5.728668311259070833e-01 7.067250758939280786e-01 1.248857524557820398e-01 5.191470328890659403e-01 -2.582540626597165101e-01 -3.661416178080116879e-01 4.033592674996953065e-01 -6.238935107167549177e-01 -4.511253883997028424e-01 -2.560876593250895894e-01 -6.092382845542942960e-01 1.739916984189449067e-01 -2.465258741813158849e-02 -8.406861588866831880e-03 4.265336014140075349e-02
-1.383031098292860861e+00 -5.124856858855082464e-01 -1.030173085266198996e+00 -3.919923926727619801e-01 -2.546834176167180885e-01 -3.056167925017234666e-01 2.729312858785988283e-01 2.079476408772507057e-02 4.293582136562008600e-01 2.512075788215497596e-01 9.071695297849942108e-01 3.715779666900402844e-01 2.683780194273595043e-01 2.008460188773710797e-01 5.728668311259070833e-01 8.679943232791345054e-01 1.778173874790240916e-01 2.009300393253568018e-01 6.573689819110200006e-01 -9.364177822146757535e-02 -3.797866383069106178e-01 4.898148189988660306e-02 -1.916366965796783006e-01 -2.251918079506367576e-01 -3.279582263283202792e-01 -2.437223857193657750e-01 2.283052563656724487e-01 -2.638800632649918043e-01 -1.045744943786530712e-02 1.377301351934647755e-01
-1.573486899293641272e+00 -1.559077983790416511e+00 -4.486397235174308662e-01 -3.320580044638177242e-01 4.813222912946457654e-02 2.795908451527111538e-01 2.646052516521422149e-01 6.385447859202031395e-01 -9.335377057198002149e-03 1.473662414621799144e-01 8.906435608794254222e-01 -9.482129865421029535e-02 6.165185798317907029e-02 4.930171346569522939e-01 7.067250758939280786e-01 1.778173874790240916e-01 1.001337450775167781e+00 -1.046801483738022398e-01 4.352693062500918586e-01 -2.689308212279684085e-01 -1.778856891264126716e-01 8.130416986260229351e-01 -8.064443794741578131e-01 -5.169666437544151449e-01 -1.182258666360667121e-01 -6.124986234339644398e-01 1.174696817856215603e-01 1.240176120496698786e-01 1.752785314943139383e-01 2.485436135082750297e-01
-4.281149826101682265e-02 2.097698662172433615e-01 -1.673315799301917650e-01 -6.232400779555291592e-02 -1.648734041116881599e-01 -1.903509074457474526e-01 8.277902598058517469e-02 -1.128193553502114810e-01 1.044026799406196915e-01 6.337856705795275047e-02 1.501360689299531259e-01 1.013096494157821326e-01 -3.398899714341041545e-03 6.053615118088373492e-02 1.248857524557820398e-01 2.009300393253568018e-01 -1.046801483738022398e-01 2.447733422722819796e-01 1.332199710641361889e-01 -7.753259206646134771e-02 -9.519716232497899000e-02 -1.301657335964137019e-01 9.452706355338591493e-02 -3.159338756159968398e-02 -1.068352551469331502e-01 -1.566897773159325880e-03 -2.996017609251566682e-02 -1.347718668562265520e-01 -5.349674527332126672e-02 -6.093853296272300213e-02
-1.647565077631213626e+00 -7.079899631380328628e-01 -9.524526912837814052e-01 -4.411178671323909839e-01 -2.435827495138767063e-01 -2.526514712127436724e-01 2.464444479203962146e-01 2.577544471552073446e-02 3.452153946374210136e-01 1.048976910811063590e-01 8.991364521065747795e-01 4.349910313138991569e-01 2.522101200358974893e-01 2.447071849249198294e-01 5.191470328890659403e-01 6.573689819110200006e-01 4.352693062500918586e-01 1.332199710641361889e-01 8.186264273194296948e-01 -1.815081774562656847e-01 -3.494449251150513192e-01 5.014880212645493884e-01 -3.354416443193031228e-01 -4.014174360820845777e-01 -2.788166241176952553e-01 -2.980767503602805846e-01 1.698861586403381807e-01 -2.135365990321815843e-01 1.617106502856984207e-01 3.535073130978503286e-01
3.013684136014376236e-01 3.567508825368577163e-01 1.581632356655404692e-01 5.715197969891505636e-02 2.139243324415360803e-01 5.394271816254558871e-02 -1.532545720071993856e-01 -1.175333075228195412e-01 -1.139857586843504578e-01 -5.761823524608189473e-05 -4.631530605191187533e-01 -7.169313410184940949e-02 2.033002335952005524e-01 -3.819599809018541237e-01 -2.582540626597165101e-01 -9.364177822146757535e-02 -2.689308212279684085e-01 -7.753259206646134771e-02 -1.815081774562656847e-01 3.984129243754068739e-01 1.271412424615618875e-01 -2.507732211207667206e-01 2.174830976248358638e-01 1.682707089591417571e-01 9.301935151586349093e-02 1.280817159838534280e-01 3.997020385082805660e-02 2.439577951099636266e-02 -8.307669434930176067e-02 -2.602339467642877935e-02
8.074940237204373261e-01 3.922026543150423095e-01 5.469119520877256946e-01 1.793860282039076992e-01 1.412078250172612570e-01 1.065191695839189379e-01 -1.631358751028528786e-01 -9.858003879054422214e-02 -2.617202891450460811e-01 -9.679703219899238320e-02 -5.512068493837887218e-01 -2.080085256237680369e-01 -8.331865595641829714e-02 -1.443662719656231275e-01 -3.661416178080116879e-01 -3.797866383069106178e-01 -1.778856891264126716e-01 -9.519716232497899000e-02 -3.494449251150513192e-01 1.271412424615618875e-01 2.747863080942352099e-01 -1.057157732348628087e-01 1.400631399715734915e-01 1.752782675905564247e-01 1.280228177276399038e-01 1.744442574228628473e-01 -1.016410753965715230e-01 6.329605799146520440e-02 -3.021164200845305459e-03 -7.078636123418391435e-02
-1.433425066922382030e+00 -1.146944720319652333e+00 -3.100853329056576513e-01 -3.019643286137352334e-01 -3.647179806540634672e-02 1.630258936590394114e-01 1.529774204223599554e-01 3.533735564140556562e-01 3.611966790572296304e-03 -4.705298031899474154e-02 6.544777910285120015e-01 5.417863465669370271e-02 3.880589033681758337e-02 3.638777424483237155e-01 4.033592674996953065e-01 4.898148189988660306e-02 8.130416986260229351e-01 -1.301657335964137019e-01 5.014880212645493884e-01 -2.507732211207667206e-01 -1.057157732348628087e-01 1.004679983088550443e+00 -6.181948729581279167e-01 -5.093786956724102311e-01 -3.892253301910386654e-02 -4.126719030830372503e-01 2.387451553136088478e-02 7.443169122205972599e-02 2.802864595642517997e-01 4.072945812924899656e-01
1.278338983796857065e+00 1.391811770264780534e+00 4.700395279739950638e-01 2.715519622383908427e-01 3.494761652842726107e-02 -2.772503651297029137e-01 -2.651413790816832261e-01 -6.539768713623175245e-01 -7.839228410483656262e-02 -1.681318914809253329e-01 -9.115398718109872789e-01 1.242223285439081337e-01 -9.699697293399367481e-03 -4.564523618859084308e-01 -6.238935107167549177e-01 -1.916366965796783006e-01 -8.064443794741578131e-01 9.452706355338591493e-02 -3.354416443193031228e-01 2.174830976248358638e-01 1.400631399715734915e-01 -6.181948729581279167e-01 7.842884507189182841e-01 4.112347986874738126e-01 1.509258023947666061e-01 5.461437415652312666e-01 -1.018897164087206875e-01 -1.125699986987456214e-01 -1.462613186525345554e-01 -1.586615097099297600e-01
1.138987401345161743e+00 8.693256259469421821e-01 4.908067129651954019e-01 2.442888527300510759e-01 5.909923090069924001e-02 -6.153344532754090324e-02 -1.919716712297940830e-01 -3.091727745094203783e-01 -1.519082447303503614e-01 -6.040553522262825936e-02 -7.100979789132111364e-01 -1.178752310993900210e-01 -9.014125054488886235e-02 -2.420334966313362202e-01 -4.511253883997028424e-01 -2.251918079506367576e-01 -5.169666437544151449e-01 -3.159338756159968398e-02 -4.014174360820845777e-01 1.682707089591417571e-01 1.752782675905564247e-01 -5.093786956724102311e-01 4.112347986874738126e-01 4.049651719067810518e-01 1.129007263181733833e-01 3.696582727806685398e-01 -6.641678995140409825e-02 -1.767078029797630734e-02 -9.931872651145567943e-02 -1.905976591735338843e-01
3.712679305417054820e-01 4.979080656443102271e-02 4.979175540713640657e-01 1.497448668322931553e-01 1.804262268630623112e-01 2.018850554250661844e-01 -1.673638208901024882e-01 9.353350616595434985e-02 -1.154407910694317252e-01 -1.156584138897756020e-01 -3.001087666075363813e-01 -1.928618620398765415e-01 -1.049871121533101359e-01 -1.242581340655988242e-01 -2.560876593250895894e-01 -3.279582263283202792e-01 -1.182258666360667121e-01 -1.068352551469331502e-01 -2.788166241176952553e-01 9.301935151586349093e-02 1.280228177276399038e-01 -3.892253301910386654e-02 1.509258023947666061e-01 1.129007263181733833e-01 2.964469298262031316e-01 8.614358722496717746e-02 -1.162833871347288550e-01 2.162463372313823129e-01 -1.112465541718279383e-01 -1.532180842086177108e-01
1.232014006748897827e+00 1.345815841802505020e+00 5.235694415467833096e-01 2.666492216446840757e-01 6.414609368050605553e-03 -3.212947574844520204e-01 -2.227810938264838114e-01 -7.855173352999145209e-01 -1.887978916668657803e-01 -1.969580579074090565e-01 -1.024790101033090650e+00 2.026507331437414905e-01 -7.209724510704518252e-02 -3.093362043484262358e-01 -6.092382845542942960e-01 -2.437223857193657750e-01 -6.124986234339644398e-01 -1.566897773159325880e-03 -2.980767503602805846e-01 1.280817159838534280e-01 1.744442574228628473e-01 -4.126719030830372503e-01 5.461437415652312666e-01 3.696582727806685398e-01 8.614358722496717746e-02 6.337103384835813813e-01 -1.818242085723795753e-01 -1.384983693690173823e-01 7.197583869503887399e-02 3.239853968926809102e-02
-4.422017578830264029e-01 -3.950728248901214101e-01 -4.123931234353221953e-01 -1.405215813150562099e-01 1.499129455623915419e-03 7.078509597062065950e-02 4.122776469324662685e-02 2.223950673250669752e-01 1.329141361647430131e-01 9.891260754108088804e-02 3.495246169751453635e-01 -2.416639229454631277e-02 1.512956293358342919e-01 1.170296371844870009e-02 1.739916984189449067e-01 2.283052563656724487e-01 1.174696817856215603e-01 -2.996017609251566682e-02 1.698861586403381807e-01 3.997020385082805660e-02 -1.016410753965715230e-01 2.387451553136088478e-02 -1.018897164087206875e-01 -6.641678995140409825e-02 -1.162833871347288550e-01 -1.818242085723795753e-01 2.724569742658218274e-01 -1.449545765478887915e-02 -6.377409714326631729e-02 -1.557038244021669016e-02
2.429775592099758796e-02 -4.954306386322286926e-01 2.552126234000979821e-01 8.419237736580953424e-02 1.558938850140521026e-01 3.697357245587227226e-01 -7.882700021463051598e-02 4.462372859326251273e-01 -1.571831237362175671e-02 -3.969838201720676807e-02 9.292785363402344956e-02 -2.809521688597556022e-01 -1.260862135657134786e-01 1.747221149906863502e-02 -2.465258741813158849e-02 -2.638800632649918043e-01 1.240176120496698786e-01 -1.347718668562265520e-01 -2.135365990321815843e-01 2.439577951099636266e-02 6.329605799146520440e-02 7.443169122205972599e-02 -1.125699986987456214e-01 -1.767078029797630734e-02 2.162463372313823129e-01 -1.384983693690173823e-01 -1.449545765478887915e-02 3.228602502578610256e-01 -1.144445594886747131e-01 -1.999836768923159980e-01
-1.667753900416073520e-01 1.686166942244540223e-01 2.251678755862940307e-02 -5.031521565547336650e-02 -8.178731817002926618e-02 -1.856214226381212029e-01 6.870401112831814316e-02 -3.577405675690101816e-01 -1.597342466740769851e-01 -7.056723152641097840e-02 -2.109399782867171780e-01 2.286840439928710111e-01 1.310585130403296716e-02 8.583805255824472624e-02 -8.406861588866831880e-03 -1.045744943786530712e-02 1.752785314943139383e-01 -5.349674527332126672e-02 1.617106502856984207e-01 -8.307669434930176067e-02 -3.021164200845305459e-03 2.802864595642517997e-01 -1.462613186525345554e-01 -9.931872651145567943e-02 -1.112465541718279383e-01 7.197583869503887399e-02 -6.377409714326631729e-02 -1.144445594886747131e-01 3.780977118323107788e-01 3.221717555784380238e-01
-5.844514639974249803e-01 9.938842964447758277e-02 -2.636746229009077069e-01 -1.805376724669258692e-01 -8.574114291263867926e-02 -2.473133363092756554e-01 8.695241652071672434e-02 -3.864397923267119950e-01 -9.954696140249552627e-02 -4.221028250850622499e-02 -9.165250024847182431e-02 3.193868579107856931e-01 1.749172969226151508e-01 4.601627681319087060e-02 4.265336014140075349e-02 1.377301351934647755e-01 2.485436135082750297e-01 -6.093853296272300213e-02 3.535073130978503286e-01 -2.602339467642877935e-02 -7.078636123418391435e-02 4.072945812924899656e-01 -1.586615097099297600e-01 -1.905976591735338843e-01 -1.532180842086177108e-01 3.239853968926809102e-02 -1.557038244021669016e-02 -1.999836768923159980e-01 3.221717555784380238e-01 5.863873925641200913e-01
