5.308705980563559024e+00 2.999547410837976713e+00 2.046721171775573112e+00 1.116964501737470528e+00 3.414396052727397546e-01 -4.175562136991857187e-01 -9.105465057373294258e-01 -8.722113112135048141e-01 -6.432664394895368787e-01 -7.436802878501111991e-01 -2.368852917951016934e+00 -5.415232355927059871e-01 -9.833650993274432039e-01 -2.837775489774685411e-01 -1.284272876237594119e+00 -1.619596172766478048e+00 -1.160300021503530843e+00 -9.660357357574866910e-02 -1.671798111297505329e+00 3.411590083739497459e-01 9.806903825693211729e-01 -1.223737028885352629e+00 9.051805773177079573e-01 1.162767097367748192e+00 5.440079343405841428e-01 7.287613185969803453e-01 -2.759579818884958513e-01 1.830450524599314122e-01 -6.309447718328442534e-01 -9.309979250102742299e-01
2.999547410837976713e+00 3.555581156728578662e+00 1.245316065533927485e+00 4.771733532987241233e-01 1.354142087086529500e-01 -1.032778945187487807e+00 -5.223333235499580951e-01 -1.594526718421775513e+00 -5.702627888173879001e-01 -4.516423833123326403e-01 -2.136635666351196505e+00 1.702144187117937690e-01 -2.264497160186351721e-01 -6.650169063215116694e-01 -1.161550017772526644e+00 -4.853285926004105022e-01 -1.465822845415630127e+00 7.787879461460534003e-02 -5.815932982973777143e-01 1.200835460128928389e-01 4.548498477389557593e-01 -9.000822069301648298e-01 9.646693163604709298e-01 9.620906569059002322e-01 8.650066181525062348e-02 1.041530539276152467e+00 -2.025017093554311032e-01 -3.957917190302850940e-01 4.472326292523121083e-02 5.674342337755433618e-02
2.046721171775573112e+00 1.245316065533927485e+00 2.626421255003776878e+00 4.458485070094297953e-01 3.760060177584136909e-01 -2.593937197516424931e-01 -3.076500819793750452e-01 -5.621581366085024456e-01 -1.069828708962972996e+00 -3.681157987948040500e-01 -1.470754842193969125e+00 -5.618115524061408905e-01 -5.448765861798392507e-01 7.522258062709852311e-02 -6.632795487278713154e-01 -1.074950044296315355e+00 -1.215124699648413298e-01 -2.370563542609716023e-01 -8.687222351325374348e-01 2.146303084341525391e-01 5.330658501957259432e-01 -1.301878669233360597e-01 2.345205070442375472e-01 3.687399935581083810e-01 5.254455563409123897e-01 2.310664412389655809e-01 -3.588537242480924760e-01 2.764881841531519058e-01 -2.223347962707293846e-01 -3.780041864029612952e-01
1.116964501737470528e+00 4.771733532987241233e-01 4.458485070094297953e-01 4.045893381861560556e-01 1.476817335186524360e-01 2.508784831974253393e-02 -2.185969025240410701e-01 -8.699716006537983048e-02 -6.234912203336762104e-02 -1.910199737534412634e-01 -5.000525276415714870e-01 -1.340825005948431681e-01 -2.532898694777259152e-01 -8.151075660208562113e-02 -2.770093463068405981e-01 -4.569557499324901073e-01 -2.044703349851033636e-01 -7.984174696514401148e-02 -4.615915282212768034e-01 1.086807323256948621e-01 2.182046228592753323e-01 -2.633135043014931398e-01 1.857606822788397949e-01 2.362705877056896497e-01 1.907227451808921614e-01 1.349300555182821881e-01 -9.381322180354345619e-02 1.324922435453004255e-01 -1.811941767341522791e-01 -2.783157473437540830e-01
3.414396052727397546e-01 1.354142087086529500e-01 3.760060177584136909e-01 1.476817335186524360e-01 4.678677737281304871e-01 1.125564859530641115e-01 -1.760395604055133845e-01 -1.338850627093393086e-01 -2.142635020547913882e-01 -5.401193241550572566e-02 -5.385492978300590039e-01 -2.862527453640950625e-02 7.119917558054567053e-02 -1.953021057127557469e-01 -2.132873179700141009e-01 -2.386188642234401414e-01 -5.407144243645234383e-02 -1.479953678468177714e-01 -2.332107525675723991e-01 2.527814145043976168e-01 1.391727178320252278e-01 -1.113575138762143979e-01 1.163761218175523027e-01 9.300105511198353270e-02 1.687263706898534110e-01 5.288166697403084981e-02 -3.249150238684705982e-02 8.419185121022110252e-02 -1.035133861224153407e-01 -8.407386105056957604e-02
-4.175562136991857187e-01 -1.032778945187487807e+00 -2.593937197516424931e-01 2.508784831974253393e-02 1.125564859530641115e-01 8.272625582641808251e-01 -3.545716647846575142e-02 7.295853945971089161e-01 1.364424764006457735e-01 1.101711660481328181e-01 2.887944308112082581e-01 -3.769568329953472130e-01 2.779048973320641380e-02 8.559598843288540593e-02 1.428249063962425680e-01 -2.530751055522273418e-01 4.658391662770782204e-01 -1.746723020497711332e-01 -1.785416688412908570e-01 2.296003473597920674e-01 4.991014614364530644e-02 1.898514184510986524e-01 -2.416309475727871359e-01 -2.096826382994549931e-01 1.828286278147857047e-01 -3.857866639006033438e-01 7.046995711357340042e-02 3.489009010459085403e-01 -2.517756027826294485e-01 -2.062047343954418466e-01
-9.105465057373294258e-01 -5.223333235499580951e-01 -3.076500819793750452e-01 -2.185969025240410701e-01 -1.760395604055133845e-01 -3.545716647846575142e-02 3.511541559107058674e-01 1.614169963564222599e-01 2.816506622826864259e-02 1.793262239941100233e-01 5.649276588439988700e-01 1.022034935277247314e-01 9.824128457086089838e-02 1.730994913805261604e-01 3.897684669099703569e-01 3.421450978338498317e-01 2.570066030309021698e-01 9.022803185774819212e-02 2.847849992691067200e-01 -1.890412804989409778e-01 -2.189578695699196942e-01 1.750478979186027573e-01 -2.565321742120545423e-01 -2.311470262559964794e-01 -2.051090026226916052e-01 -1.793831362843434363e-01 2.564207263850448726e-02 -9.644695310447559677e-02 1.668776950182859764e-01 1.572042356741008007e-01
-8.722113112135048141e-01 -1.594526718421775513e+00 -5.621581366085024456e-01 -8.699716006537983048e-02 -1.338850627093393086e-01 7.295853945971089161e-01 1.614169963564222599e-01 1.130993049148969476e+00 4.062366972111703944e-01 2.353393363164286711e-01 1.014773010274723219e+00 -4.089541526093967150e-01 2.412720881574159648e-02 1.964201803971263871e-01 5.138351928575843885e-01 2.872009511986561847e-02 5.761212860306272887e-01 -4.807104250323845918e-02 -3.319700289864613296e-02 1.356448492227286806e-01 -1.084778965196164791e-01 1.430376867918425887e-01 -3.777061207520659991e-01 -3.117067982545336235e-01 6.222972307301688488e-02 -6.061652522263898391e-01 1.506399912307756495e-01 3.375355036790779195e-01 -3.416693997078255052e-01 -3.609285247682691988e-01
-6.432664394895368787e-01 -5.702627888173879001e-01 -1.069828708962972996e+00 -6.234912203336762104e-02 -2.142635020547913882e-01 1.364424764006457735e-01 2.816506622826864259e-02 4.062366972111703944e-01 7.348573944543659309e-01 1.056037208711018138e-01 8.149311090345463526e-01 1.452391602652483016e-01 1.320383456575768832e-01 -1.122625474807250612e-01 1.881338988395100387e-01 3.492044533169860188e-01 -1.025255189194353989e-01 9.063963556673115818e-02 2.223771714449469528e-01 -3.920328047206567135e-02 -1.834855687070557906e-01 -8.637166397363671422e-02 1.993347593707994747e-02 -4.448054162890002772e-02 -6.545773898113793621e-02 -9.167786546441902829e-02 1.305507651172206351e-01 2.005579712323424246e-02 -1.109063118986455265e-01 -1.280686580640804095e-01
-7.436802878501111991e-01 -4.516423833123326403e-01 -3.681157987948040500e-01 -1.910199737534412634e-01 -5.401193241550572566e-02 1.101711660481328181e-01 1.793262239941100233e-01 2.353393363164286711e-01 1.056037208711018138e-01 2.747183726814341753e-01 4.110850539823331928e-01 -6.936258520443061570e-02 1.513260026579246187e-01 8.450946435954165281e-02 3.148646033882869233e-01 3.068958152084633184e-01 1.819104560673849846e-01 5.848996748625268083e-02 1.840489613798865776e-01 -3.010390804149665200e-02 -1.404558793240084924e-01 3.576464302238946402e-02 -1.889169665745953353e-01 -1.257492922423466553e-01 -1.409826789848693807e-01 -2.041735088394034392e-01 7.785314272337018338e-02 -5.639658270354175329e-02 1.600447058120835209e-02 3.670027392644215070e-02
-2.368852917951016934e+00 -2.136635666351196505e+00 -1.470754842193969125e+00 -5.000525276415714870e-01 -5.385492978300590039e-01 2.887944308112082581e-01 5.649276588439988700e-01 1.014773010274723219e+00 8.149311090345463526e-01 4.110850539823331928e-01 2.236538608552393725e+00 1.393695289963829964e-01 2.696736916462327827e-01 2.997946533184290274e-01 9.208263812923291880e-01 8.521567668749412405e-01 5.818232407834216247e-01 2.085217995489188070e-01 7.001692195257760432e-01 -3.044566841883806774e-01 -5.085136964888761213e-01 3.514866906429006121e-01 -5.174484811888646618e-01 -5.588949909641769409e-01 -2.973993064981073076e-01 -6.307625609069305028e-01 2.224992218555712498e-01 1.680618108576936720e-02 -5.077915606705118989e-03 -5.677875428511924838e-02
-5.415232355927059871e-01 1.702144187117937690e-01 -5.618115524061408905e-01 -1.340825005948431681e-01 -2.862527453640950625e-02 -3.769568329953472130e-01 1.022034935277247314e-01 -4.089541526093967150e-01 1.452391602652483016e-01 -6.936258520443061570e-02 1.393695289963829964e-01 6.524588647997120461e-01 2.050685427339544731e-01 -1.455249804563436555e-01 -4.206106245260343712e-02 3.880021668197741747e-01 -2.090631660166764050e-01 7.703856990553958894e-02 4.055520781833479305e-01 -2.008097275224827172e-01 -1.930320204797340011e-01 6.733430787789984606e-02 8.844479047826325768e-02 -4.947571924202520677e-02 -1.861345086625760814e-01 2.517194386812207085e-01 -3.850451221694584092e-03 -2.370572631228924365e-01 3.432284407336965160e-01 3.524503838721670945e-01
-9.833650993274432039e-01 -2.264497160186351721e-01 -5.448765861798392507e-01 -2.532898694777259152e-01 7.119917558054567053e-02 2.779048973320641380e-02 9.824128457086089838e-02 2.412720881574159648e-02 1.320383456575768832e-01 1.513260026579246187e-01 2.696736916462327827e-01 2.050685427339544731e-01 5.091242480517053082e-01 -3.157476704828923175e-01 5.579518288323015440e-02 3.567219418096954087e-01 1.699639500611738185e-02 -6.253595284078983241e-03 3.417164379377766181e-01 1.010910892939591577e-01 -1.499617943421185373e-01 1.017813025949294570e-01 -3.625628640503464339e-02 -1.456778644108567278e-01 -1.661088235610463926e-01 -4.491189291411501472e-02 1.296138206071191235e-01 -1.561479628455231250e-01 1.402786800347826102e-01 2.964639868549738821e-01
-2.837775489774685411e-01 -6.650169063215116694e-01 7.522258062709852311e-02 -8.151075660208562113e-02 -1.953021057127557469e-01 8.559598843288540593e-02 1.730994913805261604e-01 1.964201803971263871e-01 -1.122625474807250612e-01 8.450946435954165281e-02 2.997946533184290274e-01 -1.455249804563436555e-01 -3.157476704828923175e-01 6.826173983949956892e-01 3.734200402932970064e-01 5.489781018445683003e-02 4.604212969932746091e-01 7.655127709256248636e-02 8.484235998676581403e-02 -3.003369607951071885e-01 -8.120680102842925407e-02 2.736454524217037942e-01 -3.307793697833290025e-01 -1.930834371271430427e-01 -4.956271830457126271e-02 -2.080610488998786423e-01 -4.988521176039739657e-02 5.960427760277298148e-02 6.024304106011868498e-02 -2.882796990883207400e-02
-1.284272876237594119e+00 -1.161550017772526644e+00 -6.632795487278713154e-01 -2.770093463068405981e-01 -2.132873179700141009e-01 1.428249063962425680e-01 3.897684669099703569e-01 5.138351928575843885e-01 1.881338988395100387e-01 3.148646033882869233e-01 9.208263812923291880e-01 -4.206106245260343712e-02 5.579518288323015440e-02 3.734200402932970064e-01 8.334804356103404643e-01 4.921715156903587740e-01 5.277224901206523100e-01 1.508165179559455282e-01 3.411114235229888436e-01 -2.191643037392623228e-01 -3.286966003567499683e-01 2.299040514366765819e-01 -4.237359176100312652e-01 -3.610147426636558521e-01 -2.318614821373330415e-01 -4.056453076231036903e-01 7.974281342336553280e-02 -3.047203113698060406e-02 8.757899560498572100e-02 5.376081179520042497e-05
-1.619596172766478048e+00 -4.853285926004105022e-01 -1.074950044296315355e+00 -4.569557499324901073e-01 -2.386188642234401414e-01 -2.530751055522273418e-01 3.421450978338498317e-01 2.872009511986561847e-02 3.492044533169860188e-01 3.068958152084633184e-01 8.521567668749412405e-01 3.880021668197741747e-01 3.567219418096954087e-01 5.489781018445683003e-02 4.921715156903587740e-01 9.641067473151281320e-01 2.548894258211475972e-03 2.219158860733330130e-01 7.298721276697222038e-01 -2.184366095329437485e-01 -4.221426874520943784e-01 8.201585216102103004e-02 -1.371377541674405620e-01 -2.041163570576145503e-01 -3.842652189350985736e-01 -1.015955718996792712e-01 1.923475330685278095e-01 -3.209401858405271923e-01 2.427936344574277427e-01 3.106439108846643649e-01
-1.160300021503530843e+00 -1.465822845415630127e+00 -1.215124699648413298e-01 -2.044703349851033636e-01 -5.407144243645234383e-02 4.658391662770782204e-01 2.570066030309021698e-01 5.761212860306272887e-01 -1.025255189194353989e-01 1.819104560673849846e-01 5.818232407834216247e-01 -2.090631660166764050e-01 1.699639500611738185e-02 4.604212969932746091e-01 5.277224901206523100e-01 2.548894258211475972e-03 9.331733368830441577e-01 -9.635365704417608868e-02 1.889833929879500829e-01 -1.303671500547238793e-01 -1.312291529767435350e-01 6.180602199953568743e-01 -5.949133024689103877e-01 -5.025075182839486843e-01 -6.842861636272346004e-02 -4.521360612967555426e-01 1.235469614317707965e-02 1.676922521758115181e-01 1.457717904481796722e-01 1.572761368442456842e-01
-9.660357357574866910e-02 7.787879461460534003e-02 -2.370563542609716023e-01 -7.984174696514401148e-02 -1.479953678468177714e-01 -1.746723020497711332e-01 9.022803185774819212e-02 -4.807104250323845918e-02 9.063963556673115818e-02 5.848996748625268083e-02 2.085217995489188070e-01 7.703856990553958894e-02 -6.253595284078983241e-03 7.655127709256248636e-02 1.508165179559455282e-01 2.219158860733330130e-01 -9.635365704417608868e-02 2.479345547687046292e-01 1.496068629160731689e-01 -1.441073847863094670e-01 -8.024750131551172672e-02 -9.367281892792789222e-02 4.363862335475232612e-02 -1.445834848180993504e-02 -1.198658574411979316e-01 8.145475419553349639e-03 -1.388571827862961072e-02 -1.240035970452026959e-01 2.179099120598948502e-02 -4.610892338774874588e-02
-1.671798111297505329e+00 -5.815932982973777143e-01 -8.687222351325374348e-01 -4.615915282212768034e-01 -2.332107525675723991e-01 -1.785416688412908570e-01 2.847849992691067200e-01 -3.319700289864613296e-02 2.223771714449469528e-01 1.840489613798865776e-01 7.001692195257760432e-01 4.055520781833479305e-01 3.417164379377766181e-01 8.484235998676581403e-02 3.411114235229888436e-01 7.298721276697222038e-01 1.889833929879500829e-01 1.496068629160731689e-01 7.931395833713850152e-01 -2.397616420306292184e-01 -3.666802372516997366e-01 3.948323128342678956e-01 -1.909363717044527675e-01 -3.327644976452575065e-01 -3.306474691203220573e-01 -6.197165311846219993e-02 1.278032083595235235e-01 -2.643575974145164764e-01 3.666753338672492646e-01 5.002579472980528408e-01
3.411590083739497459e-01 1.200835460128928389e-01 2.146303084341525391e-01 1.086807323256948621e-01 2.527814145043976168e-01 2.296003473597920674e-01 -1.890412804989409778e-01 1.356448492227286806e-01 -3.920328047206567135e-02 -3.010390804149665200e-02 -3.044566841883806774e-01 -2.008097275224827172e-01 1.010910892939591577e-01 -3.003369607951071885e-01 -2.191643037392623228e-01 -2.184366095329437485e-01 -1.303671500547238793e-01 -1.441073847863094670e-01 -2.397616420306292184e-01 3.822720770509704380e-01 1.644030993276714980e-01 -1.610985573381071845e-01 1.021326059282614551e-01 1.104468247045247153e-01 1.587779417346268929e-01 -4.717060663864458547e-02 4.080865583438253452e-02 1.287326673075313010e-01 -2.105826328418061166e-01 -1.566046108083014587e-01
9.806903825693211729e-01 4.548498477389557593e-01 5.330658501957259432e-01 2.182046228592753323e-01 1.391727178320252278e-01 4.991014614364530644e-02 -2.189578695699196942e-01 -1.084778965196164791e-01 -1.834855687070557906e-01 -1.404558793240084924e-01 -5.085136964888761213e-01 -1.930320204797340011e-01 -1.499617943421185373e-01 -8.120680102842925407e-02 -3.286966003567499683e-01 -4.221426874520943784e-01 -1.312291529767435350e-01 -8.024750131551172672e-02 -3.666802372516997366e-01 1.644030993276714980e-01 2.980779419094119476e-01 -1.373739544510215183e-01 1.138828931848934189e-01 1.726801887132864977e-01 1.547462133882504531e-01 9.687874278171193509e-02 -9.407971232786849214e-02 8.193078297603051396e-02 -1.397602948865710459e-01 -1.741932182305845345e-01
-1.223737028885352629e+00 -9.000822069301648298e-01 -1.301878669233360597e-01 -2.633135043014931398e-01 -1.113575138762143979e-01 1.898514184510986524e-01 1.750478979186027573e-01 1.430376867918425887e-01 -8.637166397363671422e-02 3.576464302238946402e-02 3.514866906429006121e-01 6.733430787789984606e-02 1.017813025949294570e-01 2.736454524217037942e-01 2.299040514366765819e-01 8.201585216102103004e-02 6.180602199953568743e-01 -9.367281892792789222e-02 3.948323128342678956e-01 -1.610985573381071845e-01 -1.373739544510215183e-01 7.569361276692347928e-01 -3.753671741739310619e-01 -4.608880954871210633e-01 -7.774203452279948579e-02 -1.603038044663946948e-01 -3.280388666502176420e-02 1.841502163352970456e-02 3.219798111789202721e-01 4.542083888046590801e-01
9.051805773177079573e-01 9.646693163604709298e-01 2.345205070442375472e-01 1.857606822788397949e-01 1.163761218175523027e-01 -2.416309475727871359e-01 -2.565321742120545423e-01 -3.777061207520659991e-01 1.993347593707994747e-02 -1.889169665745953353e-01 -5.174484811888646618e-01 8.844479047826325768e-02 -3.625628640503464339e-02 -3.307793697833290025e-01 -4.237359176100312652e-01 -1.371377541674405620e-01 -5.949133024689103877e-01 4.363862335475232612e-02 -1.909363717044527675e-01 1.021326059282614551e-01 1.138828931848934189e-01 -3.753671741739310619e-01 5.084115206865362779e-01 3.365824014979352796e-01 1.469021851632703601e-01 3.025596668251750998e-01 -5.031009314848233771e-03 -5.269540538228056903e-02 -1.733025126205234301e-01 -1.666047669742738435e-01
1.162767097367748192e+00 9.620906569059002322e-01 3.687399935581083810e-01 2.362705877056896497e-01 9.300105511198353270e-02 -2.096826382994549931e-01 -2.311470262559964794e-01 -3.117067982545336235e-01 -4.448054162890002772e-02 -1.257492922423466553e-01 -5.588949909641769409e-01 -4.947571924202520677e-02 -1.456778644108567278e-01 -1.930834371271430427e-01 -3.610147426636558521e-01 -2.041163570576145503e-01 -5.025075182839486843e-01 -1.445834848180993504e-02 -3.327644976452575065e-01 1.104468247045247153e-01 1.726801887132864977e-01 -4.608880954871210633e-01 3.365824014979352796e-01 4.249408238422915929e-01 1.291684390296836682e-01 2.555875202110087230e-01 -3.271101549216837157e-02 -2.786343903846955072e-02 -1.915154616879135574e-01 -2.545385496196104214e-01
5.440079343405841428e-01 8.650066181525062348e-02 5.254455563409123897e-01 1.907227451808921614e-01 1.687263706898534110e-01 1.828286278147857047e-01 -2.051090026226916052e-01 6.222972307301688488e-02 -6.545773898113793621e-02 -1.409826789848693807e-01 -2.973993064981073076e-01 -1.861345086625760814e-01 -1.661088235610463926e-01 -4.956271830457126271e-02 -2.318614821373330415e-01 -3.842652189350985736e-01 -6.842861636272346004e-02 -1.198658574411979316e-01 -3.306474691203220573e-01 1.587779417346268929e-01 1.547462133882504531e-01 -7.774203452279948579e-02 1.469021851632703601e-01 1.291684390296836682e-01 3.308683615100846964e-01 2.964209831861808198e-02 -1.080309397364089818e-01 2.392568795098668488e-01 -2.373887805268282136e-01 -2.808381910083994626e-01
7.287613185969803453e-01 1.041530539276152467e+00 2.310664412389655809e-01 1.349300555182821881e-01 5.288166697403084981e-02 -3.857866639006033438e-01 -1.793831362843434363e-01 -6.061652522263898391e-01 -9.167786546441902829e-02 -2.041735088394034392e-01 -6.307625609069305028e-01 2.517194386812207085e-01 -4.491189291411501472e-02 -2.080610488998786423e-01 -4.056453076231036903e-01 -1.015955718996792712e-01 -4.521360612967555426e-01 8.145475419553349639e-03 -6.197165311846219993e-02 -4.717060663864458547e-02 9.687874278171193509e-02 -1.603038044663946948e-01 3.025596668251750998e-01 2.555875202110087230e-01 2.964209831861808198e-02 4.512283768526685890e-01 -1.047149730509886467e-01 -1.409942334925631258e-01 9.609572134900190576e-02 1.444269658778694065e-01
-2.759579818884958513e-01 -2.025017093554311032e-01 -3.588537242480924760e-01 -9.381322180354345619e-02 -3.249150238684705982e-02 7.046995711357340042e-02 2.564207263850448726e-02 1.506399912307756495e-01 1.305507651172206351e-01 7.785314272337018338e-02 2.224992218555712498e-01 -3.850451221694584092e-03 1.296138206071191235e-01 -4.988521176039739657e-02 7.974281342336553280e-02 1.923475330685278095e-01 1.235469614317707965e-02 -1.388571827862961072e-02 1.278032083595235235e-01 4.080865583438253452e-02 -9.407971232786849214e-02 -3.280388666502176420e-02 -5.031009314848233771e-03 -3.271101549216837157e-02 -1.080309397364089818e-01 -1.047149730509886467e-01 2.226869556336055211e-01 -4.265266059718442193e-02 -3.167868107084359508e-02 -7.013246482756585465e-05
1.830450524599314122e-01 -3.957917190302850940e-01 2.764881841531519058e-01 1.324922435453004255e-01 8.419185121022110252e-02 3.489009010459085403e-01 -9.644695310447559677e-02 3.375355036790779195e-01 2.005579712323424246e-02 -5.639658270354175329e-02 1.680618108576936720e-02 -2.370572631228924365e-01 -1.561479628455231250e-01 5.960427760277298148e-02 -3.047203113698060406e-02 -3.209401858405271923e-01 1.676922521758115181e-01 -1.240035970452026959e-01 -2.643575974145164764e-01 1.287326673075313010e-01 8.193078297603051396e-02 1.841502163352970456e-02 -5.269540538228056903e-02 -2.786343903846955072e-02 2.392568795098668488e-01 -1.409942334925631258e-01 -4.265266059718442193e-02 3.210809306979740541e-01 -2.050812531138035411e-01 -2.653268933477193059e-01
-6.309447718328442534e-01 4.472326292523121083e-02 -2.223347962707293846e-01 -1.811941767341522791e-01 -1.035133861224153407e-01 -2.517756027826294485e-01 1.668776950182859764e-01 -3.416693997078255052e-01 -1.109063118986455265e-01 1.600447058120835209e-02 -5.077915606705118989e-03 3.432284407336965160e-01 1.402786800347826102e-01 6.024304106011868498e-02 8.757899560498572100e-02 2.427936344574277427e-01 1.457717904481796722e-01 2.179099120598948502e-02 3.666753338672492646e-01 -2.105826328418061166e-01 -1.397602948865710459e-01 3.219798111789202721e-01 -1.733025126205234301e-01 -1.915154616879135574e-01 -2.373887805268282136e-01 9.609572134900190576e-02 -3.167868107084359508e-02 -2.050812531138035411e-01 4.873115770062099728e-01 4.953718766400925233e-01
-9.309979250102742299e-01 5.674342337755433618e-02 -3.780041864029612952e-01 -2.783157473437540830e-01 -8.407386105056957604e-02 -2.062047343954418466e-01 1.572042356741008007e-01 -3.609285247682691988e-01 -1.280686580640804095e-01 3.670027392644215070e-02 -5.677875428511924838e-02 3.524503838721670945e-01 2.964639868549738821e-01 -2.882796990883207400e-02 5.376081179520042497e-05 3.106439108846643649e-01 1.572761368442456842e-01 -4.610892338774874588e-02 5.002579472980528408e-01 -1.566046108083014587e-01 -1.741932182305845345e-01 4.542083888046590801e-01 -1.666047669742738435e-01 -2.545385496196104214e-01 -2.808381910083994626e-01 1.444269658778694065e-01 -7.013246482756585465e-05 -2.653268933477193059e-01 4.953718766400925233e-01 8.346833667755504393e-01
