5.299827905151914820e+00 2.946797693541611807e+00 1.873115742577169840e+00 1.105377615099541799e+00 1.923629260450070433e-01 -4.862472457876947374e-01 -8.822879175813795882e-01 -9.791159954423847012e-01 -5.481062468929849274e-01 -7.624912007098600952e-01 -2.331520131543811658e+00 -3.642813576137768905e-01 -9.689117381020651010e-01 -2.501280829092706881e-01 -1.194988929074213502e+00 -1.648983218351304458e+00 -9.792590998201831098e-01 -3.397629369180776848e-02 -1.682785463451693886e+00 5.552506204232372511e-01 9.419100933034201262e-01 -1.228512461552838886e+00 1.003812643143419336e+00 1.051609477150975636e+00 5.812252356346334636e-01 6.389582554090225130e-01 -2.928855155599876525e-01 1.875409684868145632e-01 -7.971575528903258601e-01 -9.461490457607624194e-01
2.946797693541611807e+00 3.372327302394410253e+00 1.046616617466042953e+00 4.956016029793772759e-01 1.374653881407539302e-02 -1.036466753405932195e+00 -4.824662323195525460e-01 -1.591461471113120751e+00 -4.466559154724336622e-01 -4.688838506474439782e-01 -2.021674974153711446e+00 2.816554210309618611e-01 -1.958583534660647274e-01 -6.771504617526034053e-01 -1.027613029584074411e+00 -5.322459496193800987e-01 -1.263074633749170061e+00 1.398926504786572877e-01 -5.991656668044527123e-01 2.650042333663691352e-01 4.426403081209855372e-01 -8.773210450122803650e-01 9.901152278650897642e-01 8.314866455676224177e-01 1.036569714011079668e-01 9.415663952483441790e-01 -2.475441659291277574e-01 -3.901159016347151010e-01 -2.939751404454682415e-02 1.598840867364970109e-02
1.873115742577169840e+00 1.046616617466042953e+00 2.578039112301894420e+00 3.859327002829218145e-01 3.156270799501612601e-01 -1.935334071089300778e-01 -3.041035695653135917e-01 -5.344423815913614817e-01 -1.052634676296293037e+00 -3.595169825484276771e-01 -1.368051989325749673e+00 -5.486366463652530001e-01 -6.020691010625114359e-01 2.691230627187906066e-01 -5.555677843127000415e-01 -1.111328239529257189e+00 1.422644496377643009e-01 -2.485772896284856870e-01 -8.652871437330702520e-01 3.473922758187200088e-01 5.184182708030675713e-01 -4.190911618735526645e-02 1.808228159684404091e-01 2.694693236252874158e-01 6.276930178496513690e-01 3.399591803918156074e-02 -3.160075922914984403e-01 3.974729699107797387e-01 -4.333470362735170056e-01 -4.509691840142977526e-01
1.105377615099541799e+00 4.956016029793772759e-01 3.859327002829218145e-01 4.114321897145600815e-01 1.273559025650570220e-01 -2.161135478189635251e-02 -1.989965803812765444e-01 -1.218319852634976996e-01 -3.534156160645807176e-02 -1.921294097992358729e-01 -4.922590900140448866e-01 -6.821572292568589546e-02 -2.311204100722079602e-01 -1.080351510669288473e-01 -2.522366071584656311e-01 -4.499211062832273456e-01 -1.900290084446965011e-01 -7.137725790016702376e-02 -4.582275189748656885e-01 1.566280358308063114e-01 1.988684283700195010e-01 -2.757044218915325473e-01 2.103812869580110601e-01 2.173601936190721062e-01 1.778302027457243639e-01 1.259843904427953021e-01 -9.365771856539595319e-02 1.114588287271089939e-01 -2.037967161607525668e-01 -2.597216047300889841e-01
1.923629260450070433e-01 1.374653881407539302e-02 3.156270799501612601e-01 1.273559025650570220e-01 4.854691031893594300e-01 1.413842558154669860e-01 -1.542271545346238781e-01 -7.001824289517344369e-02 -1.925326638045135041e-01 -3.063340393185853827e-02 -4.587007163142970967e-01 -1.096994273098061967e-02 8.637118481766492550e-02 -1.789853738216038437e-01 -1.378385219088045233e-01 -2.180992771538967645e-01 1.826664667407840170e-02 -1.573795556760728687e-01 -2.125886454674343895e-01 2.845415592781250780e-01 9.395761918381140276e-02 -7.839412128419098735e-02 7.802375150737361764e-02 3.504481039323081859e-02 1.749682625688819826e-01 -1.663963650622690693e-02 -1.065065795245345726e-02 1.128837118856154120e-01 -1.557022770293770009e-01 -7.664382709475603406e-02
-4.862472457876947374e-01 -1.036466753405932195e+00 -1.935334071089300778e-01 -2.161135478189635251e-02 1.413842558154669860e-01 8.313920359163375906e-01 -3.341758695552243807e-02 7.321128426908671827e-01 8.188778531342677525e-02 1.270289949215452907e-01 2.831672192681935485e-01 -3.921796870445177774e-01 2.245553328236837842e-03 1.466993032349250825e-01 1.350657605306651021e-01 -2.123896732167622758e-01 4.461212827683880278e-01 -1.957992008748874468e-01 -1.407249456578938407e-01 1.895203222529744380e-01 1.105824502326413494e-02 2.156274626619847368e-01 -2.623004292267410165e-01 -2.021274509369845873e-01 1.859112353001250995e-01 -3.835438437318998695e-01 9.838022819536718089e-02 3.635770125403610109e-01 -2.566942485290724107e-01 -1.741437798636411571e-01
-8.822879175813795882e-01 -4.824662323195525460e-01 -3.041035695653135917e-01 -1.989965803812765444e-01 -1.542271545346238781e-01 -3.341758695552243807e-02 3.515300495067208431e-01 1.692622807232169180e-01 2.612068484575047478e-02 1.800721869551580312e-01 5.496965061961986976e-01 7.670718254536268432e-02 1.092395576806097779e-01 1.419278549284967994e-01 3.616680491491024441e-01 3.393857998943303755e-01 2.114293425282198768e-01 7.353728804315551315e-02 2.757142262654497245e-01 -2.258509785553428628e-01 -1.988050660365274780e-01 1.640998349884625895e-01 -2.704705641164650842e-01 -1.948655426903656007e-01 -2.265422195237078995e-01 -1.514186030201472022e-01 2.964101929893558918e-02 -1.122145590058494236e-01 2.121172549820471431e-01 1.635176624544669721e-01
-9.791159954423847012e-01 -1.591461471113120751e+00 -5.344423815913614817e-01 -1.218319852634976996e-01 -7.001824289517344369e-02 7.321128426908671827e-01 1.692622807232169180e-01 1.150635116022613147e+00 3.652842301266900904e-01 2.643139695614991069e-01 1.016614687703622621e+00 -4.318139554188178408e-01 3.938253406374769838e-02 1.996348267816188127e-01 4.909635621093002555e-01 9.624218410772300558e-02 4.954994938045160779e-01 -7.571751863679310190e-02 1.391812701336903046e-02 7.228154956521848362e-02 -1.462554029183138482e-01 1.477673338820864046e-01 -3.934499713492982664e-01 -2.765409358881356638e-01 4.141917549395657261e-02 -5.704956388203186179e-01 1.895296424368666521e-01 3.286415017155377427e-01 -3.092404402564739030e-01 -3.131198996767352583e-01
-5.481062468929849274e-01 -4.466559154724336622e-01 -1.052634676296293037e+00 -3.534156160645807176e-02 -1.925326638045135041e-01 8.188778531342677525e-02 2.612068484575047478e-02 3.652842301266900904e-01 7.139786106027941059e-01 9.770783623014267505e-02 7.441870117358462267e-01 1.536859236496184167e-01 1.554996563573354251e-01 -1.978508708325534826e-01 1.374748168836390505e-01 3.632972055170284875e-01 -2.258748458694412875e-01 1.076023874607585640e-01 2.278287735303194950e-01 -9.912701486064179335e-02 -1.752169844019135780e-01 -1.220991554672536950e-01 5.807450029141136838e-02 -9.762996737663343083e-04 -1.165482710397327537e-01 7.618781299811416829e-03 1.076759559846891534e-01 -4.835896525304406168e-02 -1.312370710701316057e-02 -7.347757526133591455e-02
-7.624912007098600952e-01 -4.688838506474439782e-01 -3.595169825484276771e-01 -1.921294097992358729e-01 -3.063340393185853827e-02 1.270289949215452907e-01 1.800721869551580312e-01 2.643139695614991069e-01 9.770783623014267505e-02 2.811212883149210029e-01 4.178031768408345670e-01 -9.512735369537494989e-02 1.512056605380962537e-01 8.809025797052072448e-02 3.062077479834215410e-01 3.156435800137273873e-01 1.629667626809805370e-01 4.770757774622325087e-02 1.908838099497245366e-01 -6.850538094573721537e-02 -1.412778277119741688e-01 4.357689751702764624e-02 -2.081770351009595288e-01 -1.127964122383104950e-01 -1.512679017247364754e-01 -1.952639906424451510e-01 8.650877650779875694e-02 -5.661552448412976446e-02 3.828927281193728049e-02 4.355742291636488517e-02
-2.331520131543811658e+00 -2.021674974153711446e+00 -1.368051989325749673e+00 -4.922590900140448866e-01 -4.587007163142970967e-01 2.831672192681935485e-01 5.496965061961986976e-01 1.016614687703622621e+00 7.441870117358462267e-01 4.178031768408345670e-01 2.164382939932124827e+00 5.698597219111434242e-02 2.829897584742298022e-01 2.438895330738546363e-01 8.225934990699101945e-01 8.849015508026241150e-01 4.114455064521393979e-01 1.908959608572331490e-01 7.204709404014977281e-01 -4.429821592594294088e-01 -4.797322755814548145e-01 3.353604367913476381e-01 -5.262036218535399712e-01 -4.679316088187306377e-01 -3.414467481167093865e-01 -5.159099376776907775e-01 2.256216904980306026e-01 -2.599465914425991286e-02 1.291376617137984795e-01 -7.735840884606659529e-03
-3.642813576137768905e-01 2.816554210309618611e-01 -5.486366463652530001e-01 -6.821572292568589546e-02 -1.096994273098061967e-02 -3.921796870445177774e-01 7.670718254536268432e-02 -4.318139554188178408e-01 1.536859236496184167e-01 -9.512735369537494989e-02 5.698597219111434242e-02 6.442314855418089792e-01 2.174784742106794511e-01 -2.413126513973793408e-01 -8.442689346765064329e-02 3.364954002123567989e-01 -2.754787355557368755e-01 8.082938016889329447e-02 3.497389097800294167e-01 -2.004363372979014457e-01 -1.471909138609248657e-01 2.053966485058822400e-02 1.184954733749350453e-01 -1.535553370990783151e-02 -2.036153276792447286e-01 3.079140818002770175e-01 -3.960798422292555188e-02 -2.697202535171072668e-01 3.949600747899921771e-01 3.486511786597361606e-01
-9.689117381020651010e-01 -1.958583534660647274e-01 -6.020691010625114359e-01 -2.311204100722079602e-01 8.637118481766492550e-02 2.245553328236837842e-03 1.092395576806097779e-01 3.938253406374769838e-02 1.554996563573354251e-01 1.512056605380962537e-01 2.829897584742298022e-01 2.174784742106794511e-01 5.342294782457202018e-01 -3.846434485936924830e-01 7.408340562108151062e-02 3.763882333989272411e-01 -3.827542395566752020e-02 -4.463050619904151972e-03 3.506734003264568855e-01 5.727206604086632069e-02 -1.645459832468532113e-01 8.835733055985883766e-02 -5.017630433314934635e-02 -1.356289759306719134e-01 -2.144225249215310214e-01 -5.958312058908177278e-03 1.294668270591614601e-01 -1.956402025573424908e-01 2.088960446822056838e-01 3.279333531143038272e-01
-2.501280829092706881e-01 -6.771504617526034053e-01 2.691230627187906066e-01 -1.080351510669288473e-01 -1.789853738216038437e-01 1.466993032349250825e-01 1.419278549284967994e-01 1.996348267816188127e-01 -1.978508708325534826e-01 8.809025797052072448e-02 2.438895330738546363e-01 -2.413126513973793408e-01 -3.846434485936924830e-01 8.050137216612824886e-01 3.124577759170961144e-01 1.963199477216903688e-02 4.970425280234280763e-01 5.188181862013152568e-02 5.723804291349665618e-02 -3.126048593487098515e-01 -3.784392654944213064e-02 2.939155680699627737e-01 -3.488471333054121715e-01 -1.628210477806533163e-01 1.637418957579939160e-02 -2.372674495919113724e-01 -5.009109041799320039e-02 1.256285915496277994e-01 9.275163762708871218e-03 -9.024244360057309677e-02
-1.194988929074213502e+00 -1.027613029584074411e+00 -5.555677843127000415e-01 -2.522366071584656311e-01 -1.378385219088045233e-01 1.350657605306651021e-01 3.616680491491024441e-01 4.909635621093002555e-01 1.374748168836390505e-01 3.062077479834215410e-01 8.225934990699101945e-01 -8.442689346765064329e-02 7.408340562108151062e-02 3.124577759170961144e-01 7.364966299812749639e-01 4.767251887657835141e-01 4.109952103374894250e-01 1.137143073936499604e-01 3.135318763714280976e-01 -2.495975709077811189e-01 -2.938455921787408442e-01 1.906165918913700352e-01 -4.020765107434840502e-01 -2.834338798146518457e-01 -2.327884887848767903e-01 -3.403822040903037305e-01 8.769287032214378996e-02 -4.281854639640414462e-02 1.204972253649430058e-01 6.828999644653777068e-03
-1.648983218351304458e+00 -5.322459496193800987e-01 -1.111328239529257189e+00 -4.499211062832273456e-01 -2.180992771538967645e-01 -2.123896732167622758e-01 3.393857998943303755e-01 9.624218410772300558e-02 3.632972055170284875e-01 3.156435800137273873e-01 8.849015508026241150e-01 3.364954002123567989e-01 3.763882333989272411e-01 1.963199477216903688e-02 4.767251887657835141e-01 9.910178216971985421e-01 -5.063473500433701702e-02 2.329251585000804425e-01 7.556757636774307230e-01 -3.116967860677846147e-01 -4.104980798016129029e-01 9.130458529514839938e-02 -1.683141485879104948e-01 -1.933739271811987237e-01 -4.259251989452934595e-01 -5.636205099648350370e-02 1.847324873266416034e-01 -3.445865219753159181e-01 3.365765966562435096e-01 3.334147476335829197e-01
-9.792590998201831098e-01 -1.263074633749170061e+00 1.422644496377643009e-01 -1.900290084446965011e-01 1.826664667407840170e-02 4.461212827683880278e-01 2.114293425282198768e-01 4.954994938045160779e-01 -2.258748458694412875e-01 1.629667626809805370e-01 4.114455064521393979e-01 -2.754787355557368755e-01 -3.827542395566752020e-02 4.970425280234280763e-01 4.109952103374894250e-01 -5.063473500433701702e-02 8.520467989176268020e-01 -1.496741852645300241e-01 1.295279441301318002e-01 -1.450623591639441656e-01 -8.023183574863423928e-02 5.829083344625018981e-01 -5.813956770078334557e-01 -4.035513520318545488e-01 -2.276270351541143100e-02 -4.137091840977404900e-01 1.798446349431515046e-02 1.941280922409873710e-01 1.289402283288723083e-01 1.174464178173479922e-01
-3.397629369180776848e-02 1.398926504786572877e-01 -2.485772896284856870e-01 -7.137725790016702376e-02 -1.573795556760728687e-01 -1.957992008748874468e-01 7.353728804315551315e-02 -7.571751863679310190e-02 1.076023874607585640e-01 4.770757774622325087e-02 1.908959608572331490e-01 8.082938016889329447e-02 -4.463050619904151972e-03 5.188181862013152568e-02 1.137143073936499604e-01 2.329251585000804425e-01 -1.496741852645300241e-01 2.756557949724935952e-01 1.516628161467679092e-01 -1.595127536707536819e-01 -6.072742446997381194e-02 -1.308224269371862647e-01 8.138303323650575294e-02 1.047771637234973241e-02 -1.223637081035064966e-01 4.675414601047123142e-02 -2.470309481014965058e-02 -1.428305291082097028e-01 3.147558109503734158e-02 -5.847265672883850129e-02
-1.682785463451693886e+00 -5.991656668044527123e-01 -8.652871437330702520e-01 -4.582275189748656885e-01 -2.125886454674343895e-01 -1.407249456578938407e-01 2.757142262654497245e-01 1.391812701336903046e-02 2.278287735303194950e-01 1.908838099497245366e-01 7.204709404014977281e-01 3.497389097800294167e-01 3.506734003264568855e-01 5.723804291349665618e-02 3.135318763714280976e-01 7.556757636774307230e-01 1.295279441301318002e-01 1.516628161467679092e-01 8.107841346504471858e-01 -3.188560262893531672e-01 -3.470184350858005473e-01 3.908320701652030493e-01 -2.184089992167344008e-01 -3.065812623262615944e-01 -3.552051720150188885e-01 -2.148681605808633321e-02 1.194909989659436178e-01 -2.783451218840582442e-01 4.493504959813208188e-01 4.973582244359135984e-01
5.552506204232372511e-01 2.650042333663691352e-01 3.473922758187200088e-01 1.566280358308063114e-01 2.845415592781250780e-01 1.895203222529744380e-01 -2.258509785553428628e-01 7.228154956521848362e-02 -9.912701486064179335e-02 -6.850538094573721537e-02 -4.429821592594294088e-01 -2.004363372979014457e-01 5.727206604086632069e-02 -3.126048593487098515e-01 -2.495975709077811189e-01 -3.116967860677846147e-01 -1.450623591639441656e-01 -1.595127536707536819e-01 -3.188560262893531672e-01 4.462216767519748828e-01 1.824127677303977180e-01 -1.914208717788028480e-01 1.439980904993944932e-01 1.336449117716256296e-01 2.000358975971607833e-01 -3.554002261842015287e-02 3.176238652497431758e-02 1.471423578494182038e-01 -2.758569276820139748e-01 -1.760583274380564944e-01
9.419100933034201262e-01 4.426403081209855372e-01 5.184182708030675713e-01 1.988684283700195010e-01 9.395761918381140276e-02 1.105824502326413494e-02 -1.988050660365274780e-01 -1.462554029183138482e-01 -1.752169844019135780e-01 -1.412778277119741688e-01 -4.797322755814548145e-01 -1.471909138609248657e-01 -1.645459832468532113e-01 -3.784392654944213064e-02 -2.938455921787408442e-01 -4.104980798016129029e-01 -8.023183574863423928e-02 -6.072742446997381194e-02 -3.470184350858005473e-01 1.824127677303977180e-01 2.732437277830968014e-01 -1.209209951833827290e-01 1.182584157592714291e-01 1.457828682470108106e-01 1.600206688870002836e-01 7.279442885544540331e-02 -9.819352898028910204e-02 8.226654812233391567e-02 -1.660001875688408290e-01 -1.733282520602870136e-01
-1.228512461552838886e+00 -8.773210450122803650e-01 -4.190911618735526645e-02 -2.757044218915325473e-01 -7.839412128419098735e-02 2.156274626619847368e-01 1.640998349884625895e-01 1.477673338820864046e-01 -1.220991554672536950e-01 4.357689751702764624e-02 3.353604367913476381e-01 2.053966485058822400e-02 8.835733055985883766e-02 2.939155680699627737e-01 1.906165918913700352e-01 9.130458529514839938e-02 5.829083344625018981e-01 -1.308224269371862647e-01 3.908320701652030493e-01 -1.914208717788028480e-01 -1.209209951833827290e-01 7.543201567062567392e-01 -4.037399611019623080e-01 -4.162110833441374780e-01 -6.361940475349570079e-02 -1.558174986375320259e-01 -2.209754366487004518e-02 3.534491354082547332e-02 3.467409224916480071e-01 4.272763389124634159e-01
1.003812643143419336e+00 9.901152278650897642e-01 1.808228159684404091e-01 2.103812869580110601e-01 7.802375150737361764e-02 -2.623004292267410165e-01 -2.704705641164650842e-01 -3.934499713492982664e-01 5.807450029141136838e-02 -2.081770351009595288e-01 -5.262036218535399712e-01 1.184954733749350453e-01 -5.017630433314934635e-02 -3.488471333054121715e-01 -4.020765107434840502e-01 -1.683141485879104948e-01 -5.813956770078334557e-01 8.138303323650575294e-02 -2.184089992167344008e-01 1.439980904993944932e-01 1.182584157592714291e-01 -4.037399611019623080e-01 5.513084480135148624e-01 3.137000122512745293e-01 1.594805456089716245e-01 3.042580710687161627e-01 -2.285770195578606945e-02 -5.438715253677628425e-02 -2.178067326537984627e-01 -1.835003912357251465e-01
1.051609477150975636e+00 8.314866455676224177e-01 2.694693236252874158e-01 2.173601936190721062e-01 3.504481039323081859e-02 -2.021274509369845873e-01 -1.948655426903656007e-01 -2.765409358881356638e-01 -9.762996737663343083e-04 -1.127964122383104950e-01 -4.679316088187306377e-01 -1.535553370990783151e-02 -1.356289759306719134e-01 -1.628210477806533163e-01 -2.834338798146518457e-01 -1.933739271811987237e-01 -4.035513520318545488e-01 1.047771637234973241e-02 -3.065812623262615944e-01 1.336449117716256296e-01 1.457828682470108106e-01 -4.162110833441374780e-01 3.137000122512745293e-01 3.531258754128430155e-01 1.167318553606264686e-01 2.051229819529112319e-01 -4.166463318370006164e-02 -2.624393496029142625e-02 -2.081528405186077180e-01 -2.352981965659637353e-01
5.812252356346334636e-01 1.036569714011079668e-01 6.276930178496513690e-01 1.778302027457243639e-01 1.749682625688819826e-01 1.859112353001250995e-01 -2.265422195237078995e-01 4.141917549395657261e-02 -1.165482710397327537e-01 -1.512679017247364754e-01 -3.414467481167093865e-01 -2.036153276792447286e-01 -2.144225249215310214e-01 1.637418957579939160e-02 -2.327884887848767903e-01 -4.259251989452934595e-01 -2.276270351541143100e-02 -1.223637081035064966e-01 -3.552051720150188885e-01 2.000358975971607833e-01 1.600206688870002836e-01 -6.361940475349570079e-02 1.594805456089716245e-01 1.167318553606264686e-01 3.906014900498462339e-01 -8.498035519835411833e-03 -1.091559060731128739e-01 2.873254656531685214e-01 -3.232269357500854312e-01 -3.058853405228774136e-01
6.389582554090225130e-01 9.415663952483441790e-01 3.399591803918156074e-02 1.259843904427953021e-01 -1.663963650622690693e-02 -3.835438437318998695e-01 -1.514186030201472022e-01 -5.704956388203186179e-01 7.618781299811416829e-03 -1.952639906424451510e-01 -5.159099376776907775e-01 3.079140818002770175e-01 -5.958312058908177278e-03 -2.372674495919113724e-01 -3.403822040903037305e-01 -5.636205099648350370e-02 -4.137091840977404900e-01 4.675414601047123142e-02 -2.148681605808633321e-02 -3.554002261842015287e-02 7.279442885544540331e-02 -1.558174986375320259e-01 3.042580710687161627e-01 2.051229819529112319e-01 -8.498035519835411833e-03 4.289010999452784745e-01 -1.083842674333936884e-01 -1.701369576681486251e-01 1.148363730317214504e-01 1.581095711246689461e-01
-2.928855155599876525e-01 -2.475441659291277574e-01 -3.160075922914984403e-01 -9.365771856539595319e-02 -1.065065795245345726e-02 9.838022819536718089e-02 2.964101929893558918e-02 1.895296424368666521e-01 1.076759559846891534e-01 8.650877650779875694e-02 2.256216904980306026e-01 -3.960798422292555188e-02 1.294668270591614601e-01 -5.009109041799320039e-02 8.769287032214378996e-02 1.847324873266416034e-01 1.798446349431515046e-02 -2.470309481014965058e-02 1.194909989659436178e-01 3.176238652497431758e-02 -9.819352898028910204e-02 -2.209754366487004518e-02 -2.285770195578606945e-02 -4.166463318370006164e-02 -1.091559060731128739e-01 -1.083842674333936884e-01 2.275427402970535695e-01 -3.204306122859179595e-02 -2.537004572354817356e-02 -1.114306704266709858e-03
1.875409684868145632e-01 -3.901159016347151010e-01 3.974729699107797387e-01 1.114588287271089939e-01 1.128837118856154120e-01 3.635770125403610109e-01 -1.122145590058494236e-01 3.286415017155377427e-01 -4.835896525304406168e-02 -5.661552448412976446e-02 -2.599465914425991286e-02 -2.697202535171072668e-01 -1.956402025573424908e-01 1.256285915496277994e-01 -4.281854639640414462e-02 -3.445865219753159181e-01 1.941280922409873710e-01 -1.428305291082097028e-01 -2.783451218840582442e-01 1.471423578494182038e-01 8.226654812233391567e-02 3.534491354082547332e-02 -5.438715253677628425e-02 -2.624393496029142625e-02 2.873254656531685214e-01 -1.701369576681486251e-01 -3.204306122859179595e-02 3.657305694171668620e-01 -2.677901558068356280e-01 -2.813012130350784901e-01
-7.971575528903258601e-01 -2.939751404454682415e-02 -4.333470362735170056e-01 -2.037967161607525668e-01 -1.557022770293770009e-01 -2.566942485290724107e-01 2.121172549820471431e-01 -3.092404402564739030e-01 -1.312370710701316057e-02 3.828927281193728049e-02 1.291376617137984795e-01 3.949600747899921771e-01 2.088960446822056838e-01 9.275163762708871218e-03 1.204972253649430058e-01 3.365765966562435096e-01 1.289402283288723083e-01 3.147558109503734158e-02 4.493504959813208188e-01 -2.758569276820139748e-01 -1.660001875688408290e-01 3.467409224916480071e-01 -2.178067326537984627e-01 -2.081528405186077180e-01 -3.232269357500854312e-01 1.148363730317214504e-01 -2.537004572354817356e-02 -2.677901558068356280e-01 6.058135870083560803e-01 5.557555716802653478e-01
-9.461490457607624194e-01 1.598840867364970109e-02 -4.509691840142977526e-01 -2.597216047300889841e-01 -7.664382709475603406e-02 -1.741437798636411571e-01 1.635176624544669721e-01 -3.131198996767352583e-01 -7.347757526133591455e-02 4.355742291636488517e-02 -7.735840884606659529e-03 3.486511786597361606e-01 3.279333531143038272e-01 -9.024244360057309677e-02 6.828999644653777068e-03 3.334147476335829197e-01 1.174464178173479922e-01 -5.847265672883850129e-02 4.973582244359135984e-01 -1.760583274380564944e-01 -1.733282520602870136e-01 4.272763389124634159e-01 -1.835003912357251465e-01 -2.352981965659637353e-01 -3.058853405228774136e-01 1.581095711246689461e-01 -1.114306704266709858e-03 -2.813012130350784901e-01 5.557555716802653478e-01 8.113244637426078043e-01
