2.450660682285274561e+00 8.892054584802053796e-01 -5.540652391570688451e-01 5.110678188572137515e-01 3.390616767824212729e-01 2.161770911153553243e-01 -6.902477698580469223e-01 -2.012328972908221658e-01 4.910189483424005630e-01 -2.482442867770373596e-01 -7.731004054741674736e-01 4.295268795885931468e-01 -1.958805800589402679e-01 -2.030989791704769232e-01 -2.728998407017684258e-01 -4.156136447319340732e-01 -2.422257712702844401e-01 -4.300043187299706915e-02 -5.516133091196593341e-01 2.996259792045066206e-01 1.796880360609520721e-02 -5.240009095023765440e-01 3.286628890881502230e-01 -4.474633630462676592e-02 -1.241309900145779466e-01 7.554704017786662007e-02 6.218645356000251923e-03 -2.119997147034382579e-01 -5.124479483782806710e-01 -2.461984775478640586e-01
8.892054584802053796e-01 2.779214503440869066e+00 1.154035567429332332e+00 5.775460385456199219e-02 9.105845684433120368e-01 -1.911769752723557758e+00 -1.601824431225509215e-01 -3.019368467844003590e+00 -1.515954307888421226e+00 -3.050061413106277541e-01 -2.393346704065720587e+00 1.617188458801194884e+00 5.926028462108092754e-01 -1.032767604684181606e-01 4.421966354789219622e-02 -9.249910675208639077e-02 7.216328093292077028e-01 -9.842188547622754413e-02 -2.491553329620899149e-01 1.171656916701124374e+00 4.078146154114392630e-02 -2.900680952229208742e-01 4.143238267852780154e-01 -2.281274544416191929e-01 1.337540541813950767e-01 1.309730065216854200e-01 -3.228946743877258996e-02 -5.764059774817269499e-01 -6.123996622226286490e-01 9.303346467459050473e-01
-5.540652391570688451e-01 1.154035567429332332e+00 1.610400655856494723e+00 -1.465451667339152664e-01 7.731480667671917217e-01 -1.200005082721588678e+00 2.948315218981178987e-01 -1.640492772010929912e+00 -1.570343419094228921e+00 -1.042309114221211530e-01 -1.410908751103818304e+00 6.351684944390285636e-01 3.800895881737460513e-01 1.469026247434612742e-02 1.637317844346739548e-01 -1.775220031959747757e-01 6.639433638139280447e-01 -6.100226906119132764e-02 -1.356480175821843659e-01 6.492953630776696627e-01 1.199563729780379617e-01 3.881605714764191362e-02 3.975633167829073500e-02 -1.427175739880226502e-01 3.117855907180455688e-01 -3.217353900936359423e-03 -7.076211179793290285e-02 9.249183412975980900e-02 -2.402510258747270200e-01 5.155708242565424371e-01
5.110678188572137515e-01 5.775460385456199219e-02 -1.465451667339152664e-01 2.873251725310410620e-01 -2.854826431303081335e-03 2.112543485347941896e-01 -1.226756927507040018e-01 1.259559804286709550e-01 2.828548692997401304e-01 -9.173358462970782057e-02 -4.354405241730319176e-02 3.936692384115758614e-02 -1.770306884905608058e-01 -1.416021993878757712e-02 -1.036435820945484920e-01 -1.640602399878048345e-01 -1.062089663680012563e-01 -4.343307353593672815e-02 -1.765473197528990568e-01 -6.327811109412095902e-02 -8.307701768842434831e-03 -1.192503559711326488e-01 1.775535761839819315e-02 -1.804442393051886029e-02 -2.662414356183262498e-02 4.397266702602564692e-02 -4.202489871852321812e-02 7.952855970472683111e-02 -1.539330684516926340e-02 -1.714771491303963558e-01
3.390616767824212729e-01 9.105845684433120368e-01 7.731480667671917217e-01 -2.854826431303081335e-03 7.894059673062088223e-01 -6.317573289606457365e-01 -2.576840925246415281e-02 -9.487017562307187291e-01 -8.897507138465243770e-01 -4.990774122330776663e-02 -1.139611729951354846e+00 4.500454926352404073e-01 3.034801083153411128e-01 -1.851694814599795791e-01 6.476802297714812084e-02 -1.438123366870627251e-01 2.659123609988682801e-01 1.337777595608713455e-03 -2.953742971479869084e-01 6.692116246952082292e-01 6.291694722227703096e-02 -2.993174437395396126e-01 1.837509514385828879e-01 -9.006862245786351195e-02 1.807355667627348339e-01 -3.312773763389031956e-02 3.398032844199860847e-02 -6.242276302202753868e-03 -5.122567406402822598e-01 2.253772549941004399e-01
2.161770911153553243e-01 -1.911769752723557758e+00 -1.200005082721588678e+00 2.112543485347941896e-01 -6.317573289606457365e-01 1.978164153008037829e+00 -6.765277836052518978e-02 2.569326524961297764e+00 1.586392689983370019e+00 1.640742485350870083e-01 1.628902791144923867e+00 -1.342932405170643051e+00 -6.052467428179966191e-01 -5.791382185753946032e-02 -3.153404582537291390e-01 -2.156914605182578271e-01 -8.302081554652431805e-01 3.413838945618863363e-03 -1.570113106972428341e-01 -8.081312255807802103e-01 1.454420416825996654e-02 -6.006620660440376014e-02 -1.749689517682782025e-01 1.924582830558279056e-01 -7.210298833263095730e-02 -3.233459006116845558e-02 2.406084809348385534e-02 5.862661408870621926e-01 2.488580266112307982e-01 -9.407563787079880058e-01
-6.902477698580469223e-01 -1.601824431225509215e-01 2.948315218981178987e-01 -1.226756927507040018e-01 -2.576840925246415281e-02 -6.765277836052518978e-02 3.353283295567734967e-01 -2.652112332145861728e-02 -2.748568972457974269e-01 7.338931682130578338e-02 1.010533457000519775e-01 -1.126220952393737207e-01 6.449866225244704765e-02 5.189488198385561191e-02 8.608274161389317669e-02 4.428863572320551611e-02 1.091097835375194336e-01 7.694112907756789355e-03 8.397058806775703488e-02 -5.352802620558350100e-02 1.290207520236208438e-02 9.530011836199037134e-02 -1.186045794037227097e-01 1.069605271152340720e-02 1.971187306310184795e-02 -2.004335797136036490e-02 -8.533039100996120396e-03 9.643359336212142807e-02 1.425905495241295284e-01 5.145722119721085619e-02
-2.012328972908221658e-01 -3.019368467844003590e+00 -1.640492772010929912e+00 1.259559804286709550e-01 -9.487017562307187291e-01 2.569326524961297764e+00 -2.652112332145861728e-02 3.800784605142496275e+00 2.097352170125077464e+00 3.520239623207999102e-01 2.656648409228182572e+00 -1.981864582770469951e+00 -7.289380565910619225e-01 -1.120692692852003347e-01 -2.265856486880011289e-01 -2.442378169251924191e-02 -1.157777249925175056e+00 1.342532404416374447e-01 -2.117501574144853294e-02 -1.174059993061007390e+00 -3.738718764822124285e-02 -6.392820922241071457e-02 -2.844428239533840497e-01 3.020397551243263479e-01 -1.340013766390484307e-01 -1.246071286710161985e-01 9.064674820263007859e-02 7.222419513651061607e-01 3.635948963794817246e-01 -1.307285757202180321e+00
4.910189483424005630e-01 -1.515954307888421226e+00 -1.570343419094228921e+00 2.828548692997401304e-01 -8.897507138465243770e-01 1.586392689983370019e+00 -2.748568972457974269e-01 2.097352170125077464e+00 1.906835787274872018e+00 7.837532691155502107e-02 1.706017494420393632e+00 -8.815201634340610326e-01 -6.253384161298640720e-01 2.830253171765662046e-02 -3.161540386657861745e-01 -1.978033525347200339e-03 -8.507530726866434634e-01 -2.414463676120703894e-02 5.080982097325659197e-03 -8.656967884814434910e-01 -9.772818684422190927e-02 -5.255948044646174822e-02 -7.084005294728967783e-02 1.898113732910360341e-01 -1.750910676335024618e-01 6.724897501800342070e-02 -1.255096302554647991e-02 2.724937105282947414e-01 2.940724967964456482e-01 -7.805989585725683355e-01
-2.482442867770373596e-01 -3.050061413106277541e-01 -1.042309114221211530e-01 -9.173358462970782057e-02 -4.990774122330776663e-02 1.640742485350870083e-01 7.338931682130578338e-02 3.520239623207999102e-01 7.837532691155502107e-02 1.584649432128344415e-01 3.014789999203344451e-01 -2.538124034283555375e-01 6.297899571012521847e-02 -6.354805791363560274e-02 4.309635533479649894e-02 8.599727183360528215e-02 -1.219782696599622795e-01 4.183135020360850831e-02 9.043065922014648095e-03 -3.642289106574025936e-02 -1.097089370801995756e-02 -6.570523170285014203e-02 -1.114833886975930000e-02 6.324021210633645751e-02 -1.912117780767630393e-02 -3.431183770572943104e-02 5.863914025309213685e-02 3.493198299378263982e-02 -3.117768389466846202e-02 -8.024207639942915193e-02
-7.731004054741674736e-01 -2.393346704065720587e+00 -1.410908751103818304e+00 -4.354405241730319176e-02 -1.139611729951354846e+00 1.628902791144923867e+00 1.010533457000519775e-01 2.656648409228182572e+00 1.706017494420393632e+00 3.014789999203344451e-01 2.536997829806239224e+00 -1.347035147537837929e+00 -5.274301964833512102e-01 8.317977395472553326e-02 -6.382424448855772425e-02 3.086185313741225400e-01 -8.397874557831528364e-01 1.180012970984876119e-01 3.404721453748322801e-01 -1.139960473271798946e+00 -1.234601582891059479e-01 1.616551516152640033e-01 -2.735823307945679517e-01 2.753179848891136317e-01 -1.985086307911956283e-01 -5.457813435879188546e-02 4.834562285839183460e-02 3.293073775014931925e-01 5.640418643249063280e-01 -8.313561995695977203e-01
4.295268795885931468e-01 1.617188458801194884e+00 6.351684944390285636e-01 3.936692384115758614e-02 4.500454926352404073e-01 -1.342932405170643051e+00 -1.126220952393737207e-01 -1.981864582770469951e+00 -8.815201634340610326e-01 -2.538124034283555375e-01 -1.347035147537837929e+00 1.252414024899849210e+00 2.664778419407980437e-01 9.727443698983506692e-02 1.167335687299555502e-01 3.138629680660187660e-02 5.488056935285499094e-01 -8.766890837904384171e-02 -1.013791020290000233e-02 5.434862028938596268e-01 -5.366018936041427878e-02 -3.906812898421208047e-02 1.877187733522305280e-01 -1.631301810858758472e-01 4.622011241031032114e-02 9.852402168701246410e-02 -8.916585655163089541e-02 -3.973396661669426067e-01 -2.141441335911054011e-01 6.137603611281861049e-01
-1.958805800589402679e-01 5.926028462108092754e-01 3.800895881737460513e-01 -1.770306884905608058e-01 3.034801083153411128e-01 -6.052467428179966191e-01 6.449866225244704765e-02 -7.289380565910619225e-01 -6.253384161298640720e-01 6.297899571012521847e-02 -5.274301964833512102e-01 2.664778419407980437e-01 4.015611350831704840e-01 -1.301164340624723081e-01 1.363013758964939370e-01 1.401091602305086781e-01 2.288904144766092941e-01 7.619750773380928877e-02 2.957040726928994445e-02 4.247918135241093296e-01 2.024331929027312071e-02 -9.244631967743544010e-02 7.540613324158584874e-02 -4.458434589849957774e-02 2.156598880333149282e-03 -5.511492434629872150e-02 8.869506703769047817e-02 -2.355189107105388757e-01 -1.835721096096563087e-01 3.071652380708087549e-01
-2.030989791704769232e-01 -1.032767604684181606e-01 1.469026247434612742e-02 -1.416021993878757712e-02 -1.851694814599795791e-01 -5.791382185753946032e-02 5.189488198385561191e-02 -1.120692692852003347e-01 2.830253171765662046e-02 -6.354805791363560274e-02 8.317977395472553326e-02 9.727443698983506692e-02 -1.301164340624723081e-01 2.670160028362715821e-01 -2.608416494717857859e-02 -2.364974469105618482e-02 1.334833343295827035e-01 -7.440046534020439140e-02 1.583004368286538011e-01 -2.512759204913663780e-01 -6.273870949485171877e-03 2.743084326568805409e-01 -1.132576709258614756e-01 6.001543330228287232e-03 -2.849842853180462043e-02 4.454336402682201879e-02 -8.454172637027568271e-02 -2.143356792095119090e-02 2.368252377089561378e-01 1.029474634551093004e-01
-2.728998407017684258e-01 4.421966354789219622e-02 1.637317844346739548e-01 -1.036435820945484920e-01 6.476802297714812084e-02 -3.153404582537291390e-01 8.608274161389317669e-02 -2.265856486880011289e-01 -3.161540386657861745e-01 4.309635533479649894e-02 -6.382424448855772425e-02 1.167335687299555502e-01 1.363013758964939370e-01 -2.608416494717857859e-02 2.775535440574117274e-01 1.547943065929189288e-01 1.834429848649392625e-01 9.960065025740050260e-02 9.741967165959408703e-02 4.642207921591534614e-02 -5.363803585140658470e-02 1.686748302373075603e-02 -5.406650474452590061e-02 -4.548892175449736897e-02 -5.553163423701334978e-02 -4.265773803268757547e-02 -2.051912581237047561e-03 -1.024864255799684543e-01 7.436458250100486111e-02 7.505152931747716138e-02
-4.156136447319340732e-01 -9.249910675208639077e-02 -1.775220031959747757e-01 -1.640602399878048345e-01 -1.438123366870627251e-01 -2.156914605182578271e-01 4.428863572320551611e-02 -2.442378169251924191e-02 -1.978033525347200339e-03 8.599727183360528215e-02 3.086185313741225400e-01 3.138629680660187660e-02 1.401091602305086781e-01 -2.364974469105618482e-02 1.547943065929189288e-01 3.737035864472773028e-01 -4.035387095586884243e-02 1.123071210328703273e-01 2.240110137960016345e-01 8.784220618167637440e-03 -8.399797656733198892e-02 -2.904291892645005646e-02 2.068256764087550437e-02 3.654476505596448987e-02 -7.151663092480475825e-02 -2.611927592869278669e-02 7.494382442325786542e-02 -1.878777053602220803e-01 1.277475500387481588e-02 6.921395469970548220e-02
-2.422257712702844401e-01 7.216328093292077028e-01 6.639433638139280447e-01 -1.062089663680012563e-01 2.659123609988682801e-01 -8.302081554652431805e-01 1.091097835375194336e-01 -1.157777249925175056e+00 -8.507530726866434634e-01 -1.219782696599622795e-01 -8.397874557831528364e-01 5.488056935285499094e-01 2.288904144766092941e-01 1.334833343295827035e-01 1.834429848649392625e-01 -4.035387095586884243e-02 6.121940129141307807e-01 -1.703450077962997966e-02 1.390495001069211867e-01 2.242743915329015181e-01 5.070279420448287055e-02 2.991537939554973491e-01 -9.222156619387078536e-02 -1.566057641622364827e-01 -1.265775239068034352e-02 -1.955903039487338901e-02 -7.697189449788766069e-02 -2.527806686087501475e-01 1.518479402736829798e-01 4.846774168649403691e-01
-4.300043187299706915e-02 -9.842188547622754413e-02 -6.100226906119132764e-02 -4.343307353593672815e-02 1.337777595608713455e-03 3.413838945618863363e-03 7.694112907756789355e-03 1.342532404416374447e-01 -2.414463676120703894e-02 4.183135020360850831e-02 1.180012970984876119e-01 -8.766890837904384171e-02 7.619750773380928877e-02 -7.440046534020439140e-02 9.960065025740050260e-02 1.123071210328703273e-01 -1.703450077962997966e-02 2.056086293954990651e-01 6.406252268828893648e-02 1.417720537995137420e-02 -3.942004505603335929e-03 -7.777781952341911165e-02 1.555668981222879665e-02 -5.645925124781570048e-03 -1.780343487956770332e-02 -7.457416436676567173e-02 -1.152184159496982829e-02 -1.200778147825758424e-01 -1.889551731522942646e-02 -1.146993621290448573e-01
-5.516133091196593341e-01 -2.491553329620899149e-01 -1.356480175821843659e-01 -1.765473197528990568e-01 -2.953742971479869084e-01 -1.570113106972428341e-01 8.397058806775703488e-02 -2.117501574144853294e-02 5.080982097325659197e-03 9.043065922014648095e-03 3.404721453748322801e-01 -1.013791020290000233e-02 2.957040726928994445e-02 1.583004368286538011e-01 9.741967165959408703e-02 2.240110137960016345e-01 1.390495001069211867e-01 6.406252268828893648e-02 4.005073040070783463e-01 -2.170175499718993706e-01 -1.839385474440291546e-02 3.381209609947006811e-01 -1.061861836312232299e-01 5.226787721966275058e-03 -1.088148322677398028e-01 -3.838093422027100132e-02 -6.147476162254861265e-03 -2.482474055854311246e-01 2.894675840916249854e-01 1.555499219810485556e-01
2.996259792045066206e-01 1.171656916701124374e+00 6.492953630776696627e-01 -6.327811109412095902e-02 6.692116246952082292e-01 -8.081312255807802103e-01 -5.352802620558350100e-02 -1.174059993061007390e+00 -8.656967884814434910e-01 -3.642289106574025936e-02 -1.139960473271798946e+00 5.434862028938596268e-01 4.247918135241093296e-01 -2.512759204913663780e-01 4.642207921591534614e-02 8.784220618167637440e-03 2.242743915329015181e-01 1.417720537995137420e-02 -2.170175499718993706e-01 8.242719186814611021e-01 6.856861983948192574e-02 -3.046884625729262552e-01 2.165829308941056297e-01 -9.528530417640013184e-02 1.340381992490051744e-01 -3.831645135107919486e-02 7.097526631969230948e-02 -1.923032654827352417e-01 -5.023845818260497254e-01 3.761876185806158901e-01
1.796880360609520721e-02 4.078146154114392630e-02 1.199563729780379617e-01 -8.307701768842434831e-03 6.291694722227703096e-02 1.454420416825996654e-02 1.290207520236208438e-02 -3.738718764822124285e-02 -9.772818684422190927e-02 -1.097089370801995756e-02 -1.234601582891059479e-01 -5.366018936041427878e-02 2.024331929027312071e-02 -6.273870949485171877e-03 -5.363803585140658470e-02 -8.399797656733198892e-02 5.070279420448287055e-02 -3.942004505603335929e-03 -1.839385474440291546e-02 6.856861983948192574e-02 9.336945192950452110e-02 8.446729804578012590e-02 -3.416789617989479666e-02 -1.728189037459060273e-02 1.574711720286359196e-02 -2.779764828045472314e-02 -2.709646474198734722e-02 -2.965599022900278214e-02 6.117112648098554928e-03 2.547671090371750324e-02
-5.240009095023765440e-01 -2.900680952229208742e-01 3.881605714764191362e-02 -1.192503559711326488e-01 -2.993174437395396126e-01 -6.006620660440376014e-02 9.530011836199037134e-02 -6.392820922241071457e-02 -5.255948044646174822e-02 -6.570523170285014203e-02 1.616551516152640033e-01 -3.906812898421208047e-02 -9.244631967743544010e-02 2.743084326568805409e-01 1.686748302373075603e-02 -2.904291892645005646e-02 2.991537939554973491e-01 -7.777781952341911165e-02 3.381209609947006811e-01 -3.046884625729262552e-01 8.446729804578012590e-02 6.591661054156645605e-01 -2.462729223545920831e-01 -7.286256009763292241e-02 -1.001718380137788245e-01 -2.335023640733879802e-02 -8.962015483899676838e-02 -1.619715315119378829e-01 4.925079825470675132e-01 2.518048986324856742e-01
3.286628890881502230e-01 4.143238267852780154e-01 3.975633167829073500e-02 1.775535761839819315e-02 1.837509514385828879e-01 -1.749689517682782025e-01 -1.186045794037227097e-01 -2.844428239533840497e-01 -7.084005294728967783e-02 -1.114833886975930000e-02 -2.735823307945679517e-01 1.877187733522305280e-01 7.540613324158584874e-02 -1.132576709258614756e-01 -5.406650474452590061e-02 2.068256764087550437e-02 -9.222156619387078536e-02 1.555668981222879665e-02 -1.061861836312232299e-01 2.165829308941056297e-01 -3.416789617989479666e-02 -2.462729223545920831e-01 2.543579699559472829e-01 2.244828838564671969e-02 8.746080672435141423e-02 4.046636680368465022e-02 5.237993572200139170e-02 -4.775316410319874194e-02 -3.459783517781716000e-01 1.618484153533472636e-02
-4.474633630462676592e-02 -2.281274544416191929e-01 -1.427175739880226502e-01 -1.804442393051886029e-02 -9.006862245786351195e-02 1.924582830558279056e-01 1.069605271152340720e-02 3.020397551243263479e-01 1.898113732910360341e-01 6.324021210633645751e-02 2.753179848891136317e-01 -1.631301810858758472e-01 -4.458434589849957774e-02 6.001543330228287232e-03 -4.548892175449736897e-02 3.654476505596448987e-02 -1.566057641622364827e-01 -5.645925124781570048e-03 5.226787721966275058e-03 -9.528530417640013184e-02 -1.728189037459060273e-02 -7.286256009763292241e-02 2.244828838564671969e-02 9.628130860488681719e-02 1.974254198898961477e-03 1.980978820756718051e-02 2.121344060304863888e-02 6.255680228071014426e-02 -5.553411008952480188e-02 -1.254997307239591464e-01
-1.241309900145779466e-01 1.337540541813950767e-01 3.117855907180455688e-01 -2.662414356183262498e-02 1.807355667627348339e-01 -7.210298833263095730e-02 1.971187306310184795e-02 -1.340013766390484307e-01 -1.750910676335024618e-01 -1.912117780767630393e-02 -1.985086307911956283e-01 4.622011241031032114e-02 2.156598880333149282e-03 -2.849842853180462043e-02 -5.553163423701334978e-02 -7.151663092480475825e-02 -1.265775239068034352e-02 -1.780343487956770332e-02 -1.088148322677398028e-01 1.340381992490051744e-01 1.574711720286359196e-02 -1.001718380137788245e-01 8.746080672435141423e-02 1.974254198898961477e-03 2.458019242849047714e-01 1.799521286778826834e-02 -7.138509541061921482e-02 1.827078572891878139e-01 -1.803175517391082394e-01 1.618793176169219805e-02
7.554704017786662007e-02 1.309730065216854200e-01 -3.217353900936359423e-03 4.397266702602564692e-02 -3.312773763389031956e-02 -3.233459006116845558e-02 -2.004335797136036490e-02 -1.246071286710161985e-01 6.724897501800342070e-02 -3.431183770572943104e-02 -5.457813435879188546e-02 9.852402168701246410e-02 -5.511492434629872150e-02 4.454336402682201879e-02 -4.265773803268757547e-02 -2.611927592869278669e-02 -1.955903039487338901e-02 -7.457416436676567173e-02 -3.838093422027100132e-02 -3.831645135107919486e-02 -2.779764828045472314e-02 -2.335023640733879802e-02 4.046636680368465022e-02 1.980978820756718051e-02 1.799521286778826834e-02 1.012423676565390451e-01 -2.242684924743798547e-02 5.980395190334775180e-02 -4.703667622476359611e-02 1.742845392942626859e-02
6.218645356000251923e-03 -3.228946743877258996e-02 -7.076211179793290285e-02 -4.202489871852321812e-02 3.398032844199860847e-02 2.406084809348385534e-02 -8.533039100996120396e-03 9.064674820263007859e-02 -1.255096302554647991e-02 5.863914025309213685e-02 4.834562285839183460e-02 -8.916585655163089541e-02 8.869506703769047817e-02 -8.454172637027568271e-02 -2.051912581237047561e-03 7.494382442325786542e-02 -7.697189449788766069e-02 -1.152184159496982829e-02 -6.147476162254861265e-03 7.097526631969230948e-02 -2.709646474198734722e-02 -8.962015483899676838e-02 5.237993572200139170e-02 2.121344060304863888e-02 -7.138509541061921482e-02 -2.242684924743798547e-02 1.776105935234681965e-01 -1.078591844679976930e-02 -8.009494639060221743e-02 -9.739421721803864784e-03
-2.119997147034382579e-01 -5.764059774817269499e-01 9.249183412975980900e-02 7.952855970472683111e-02 -6.242276302202753868e-03 5.862661408870621926e-01 9.643359336212142807e-02 7.222419513651061607e-01 2.724937105282947414e-01 3.493198299378263982e-02 3.293073775014931925e-01 -3.973396661669426067e-01 -2.355189107105388757e-01 -2.143356792095119090e-02 -1.024864255799684543e-01 -1.878777053602220803e-01 -2.527806686087501475e-01 -1.200778147825758424e-01 -2.482474055854311246e-01 -1.923032654827352417e-01 -2.965599022900278214e-02 -1.619715315119378829e-01 -4.775316410319874194e-02 6.255680228071014426e-02 1.827078572891878139e-01 5.980395190334775180e-02 -1.078591844679976930e-02 6.520128193687924067e-01 -1.443330549227539450e-02 -3.534618132244986555e-01
-5.124479483782806710e-01 -6.123996622226286490e-01 -2.402510258747270200e-01 -1.539330684516926340e-02 -5.122567406402822598e-01 2.488580266112307982e-01 1.425905495241295284e-01 3.635948963794817246e-01 2.940724967964456482e-01 -3.117768389466846202e-02 5.640418643249063280e-01 -2.141441335911054011e-01 -1.835721096096563087e-01 2.368252377089561378e-01 7.436458250100486111e-02 1.277475500387481588e-02 1.518479402736829798e-01 -1.889551731522942646e-02 2.894675840916249854e-01 -5.023845818260497254e-01 6.117112648098554928e-03 4.925079825470675132e-01 -3.459783517781716000e-01 -5.553411008952480188e-02 -1.803175517391082394e-01 -4.703667622476359611e-02 -8.009494639060221743e-02 -1.443330549227539450e-02 7.037465328317011881e-01 -1.449528523846765893e-02
-2.461984775478640586e-01 9.303346467459050473e-01 5.155708242565424371e-01 -1.714771491303963558e-01 2.253772549941004399e-01 -9.407563787079880058e-01 5.145722119721085619e-02 -1.307285757202180321e+00 -7.805989585725683355e-01 -8.024207639942915193e-02 -8.313561995695977203e-01 6.137603611281861049e-01 3.071652380708087549e-01 1.029474634551093004e-01 7.505152931747716138e-02 6.921395469970548220e-02 4.846774168649403691e-01 -1.146993621290448573e-01 1.555499219810485556e-01 3.761876185806158901e-01 2.547671090371750324e-02 2.518048986324856742e-01 1.618484153533472636e-02 -1.254997307239591464e-01 1.618793176169219805e-02 1.742845392942626859e-02 -9.739421721803864784e-03 -3.534618132244986555e-01 -1.449528523846765893e-02 7.414314658136618164e-01
