5.342123419564472897e+00 2.649273183942455034e+00 2.404703452428464061e+00 1.037208359675219072e+00 7.694858560842021689e-01 -1.475554194318533519e-01 -1.105903809724168241e+00 -3.313110679385431467e-01 -1.052803137108071496e+00 -8.024030543722346920e-01 -2.299096788638451017e+00 -1.326152383762632780e+00 -1.188521340426063944e+00 -1.456045279551290150e-01 -1.518758278264499495e+00 -1.555800697033703273e+00 -1.722329824593259673e+00 -3.245045923541738375e-01 -1.496335128090890976e+00 -5.057881344091015308e-01 1.134150581801407043e+00 -9.668324634698137743e-01 4.723085899984198477e-01 1.663019961008558312e+00 5.299336872344611038e-01 1.070292199555638035e+00 -9.616250167016460182e-02 2.065307302307815007e-01 4.277006106997305324e-02 -7.359376871964968814e-01
2.649273183942455034e+00 3.762395331594120762e+00 1.312135515350746573e+00 3.448128938011336686e-01 6.291945462746184603e-01 -1.014699491078204119e+00 -5.056702263987062906e-01 -1.396898802102782611e+00 -7.700338236106745171e-01 -3.392959105171939882e-01 -2.151645089671944788e+00 -7.571885887671214732e-03 -1.377736074173299130e-01 -8.127317852335522730e-01 -1.473013113107185745e+00 -1.154034292649726012e-01 -2.079137982419524633e+00 -3.373614040443158046e-01 -3.116632244106938288e-01 -3.711439833587064641e-01 2.526167002181409771e-01 -8.316947998009709409e-01 6.752056583856642646e-01 1.360195669602603630e+00 -1.864615625353280848e-01 1.317065685279658283e+00 1.265852637329771824e-01 -5.661237149044495709e-01 4.276964507243974367e-01 5.511466059651297655e-01
2.404703452428464061e+00 1.312135515350746573e+00 2.830963892927115921e+00 3.435072205936648970e-01 5.829779059232578220e-01 -2.114836985188048857e-01 -5.279972227102120996e-01 -4.062875702607584572e-01 -1.397068902715602690e+00 -4.105153006784121317e-01 -1.695432331756364874e+00 -9.678170630550084752e-01 -6.417597530216880841e-01 9.456581432687016786e-03 -9.528647185419458765e-01 -8.736049778002552557e-01 -9.044949810262892242e-01 -2.174686585846075104e-01 -6.850363945567607971e-01 -3.743324770394451662e-01 5.468984085642887294e-01 -1.615539889376407245e-01 3.032839455154316965e-01 7.717247632699013593e-01 4.213560882255933393e-01 8.342132526498744483e-01 -3.248668268728920339e-01 1.309004792694850039e-01 3.384798557779618022e-01 -7.801740156889991340e-02
1.037208359675219072e+00 3.448128938011336686e-01 3.435072205936648970e-01 4.133950454323667145e-01 2.046643168879427321e-01 1.078540364317746025e-01 -2.244958252973674462e-01 4.851084517872550350e-02 -6.605610932956551551e-02 -1.928690938831323365e-01 -4.173183544284029267e-01 -2.840212886896438249e-01 -2.544892635123119362e-01 -8.528666167751453031e-02 -3.071554485753722474e-01 -4.458734730333162588e-01 -2.624081412270129476e-01 -9.783530166384935001e-02 -4.240104843170797722e-01 -5.408418209759702222e-02 2.826562013544844376e-01 -2.101425543019672659e-01 7.266144838575883114e-02 3.176658802138945248e-01 1.697835912158893734e-01 1.774065279931278383e-01 -4.636223071565837017e-02 1.314925661214942920e-01 -2.896028242554393728e-02 -2.502516104876804093e-01
7.694858560842021689e-01 6.291945462746184603e-01 5.829779059232578220e-01 2.046643168879427321e-01 5.352331789368349746e-01 -5.867339877346466892e-02 -2.405566916623911311e-01 -3.371534228960513246e-01 -3.632843432861250221e-01 -1.318459440856827314e-01 -8.196477229869856274e-01 -1.051521070602916552e-01 -9.802383934299996326e-03 -2.547513383195223469e-01 -4.969539790895396436e-01 -2.093872909769629587e-01 -4.664239562461034438e-01 -1.868445109093954670e-01 -2.061673764637816930e-01 1.205733123072150192e-03 2.103292658923692215e-01 -2.054454077376703935e-01 1.873517364497843118e-01 3.832871012327245808e-01 9.342395880617004877e-02 3.746920512108999901e-01 -1.869889014307091202e-02 -6.436936436864471034e-02 1.503000544572614672e-01 5.301341810286430700e-02
-1.475554194318533519e-01 -1.014699491078204119e+00 -2.114836985188048857e-01 1.078540364317746025e-01 -5.867339877346466892e-02 8.611852993045658877e-01 -1.342602452419896508e-01 6.587561933581014273e-01 1.348381858118159471e-01 3.456317477531456461e-02 2.007209429343674856e-01 -5.057363275064972186e-01 -3.796735542152873677e-02 1.369713716017031402e-01 7.979832364816275003e-02 -3.872702951889550604e-01 4.739373486517592937e-01 -1.844232211863072735e-02 -2.596705056244275056e-01 2.365845543852174160e-01 2.574160101625579955e-01 1.416699001744063935e-01 -1.168743044146367538e-01 -1.723895250349869457e-01 2.948022449138534284e-01 -3.162209163465945494e-01 -5.323587388500072848e-02 3.878349934685729750e-01 -2.005020462157744987e-01 -3.719503964915134020e-01
-1.105903809724168241e+00 -5.056702263987062906e-01 -5.279972227102120996e-01 -2.244958252973674462e-01 -2.405566916623911311e-01 -1.342602452419896508e-01 4.433789741077021063e-01 6.749587525581546288e-02 1.998002932289750788e-01 2.265925996756550376e-01 6.546163312148109981e-01 3.690882256190661792e-01 2.358030830185384730e-01 5.813974252453135705e-02 4.924635411400117846e-01 4.056354577602405698e-01 4.056460480697410276e-01 1.265157199731561377e-01 2.953850647580793520e-01 3.093137577121751747e-02 -3.181274256846791104e-01 1.210683253012803107e-01 -1.897110468454457077e-01 -3.954778447295552724e-01 -2.557516323660138369e-01 -2.922629684861703936e-01 1.821522465814950920e-02 -1.417125278819639789e-01 1.137119817923348819e-02 1.697802391654477105e-01
-3.313110679385431467e-01 -1.396898802102782611e+00 -4.062875702607584572e-01 4.851084517872550350e-02 -3.371534228960513246e-01 6.587561933581014273e-01 6.749587525581546288e-02 9.314205226812077854e-01 3.820924210915563890e-01 9.262262085559314073e-02 8.098863932488598039e-01 -4.281016818442822114e-01 -1.014337955313067141e-01 2.565174375565675291e-01 4.747576018507970730e-01 -2.402983659923734194e-01 6.936171336275265276e-01 1.268700315009709811e-01 -2.164585582348763637e-01 2.330978372884260352e-01 1.337518389966589893e-01 9.443862365043287355e-02 -2.366700192528696789e-01 -3.315746772411216625e-01 2.016363144896899939e-01 -5.924078031782755716e-01 -3.473519393327251237e-02 3.847972671337629436e-01 -3.614101659641164588e-01 -5.755299155931652422e-01
-1.052803137108071496e+00 -7.700338236106745171e-01 -1.397068902715602690e+00 -6.605610932956551551e-02 -3.632843432861250221e-01 1.348381858118159471e-01 1.998002932289750788e-01 3.820924210915563890e-01 9.924801500846456292e-01 1.619030368963194633e-01 1.102164400663809829e+00 3.877491179135859056e-01 2.383097046557054455e-01 -7.059695747028627011e-02 4.170522774856522119e-01 3.295514216629840121e-01 3.722693677135566759e-01 9.047642604474503969e-02 1.913148069698991094e-01 2.519555455552335843e-01 -1.926455528889619018e-01 -4.131065563001357077e-02 -9.571878754661611310e-02 -2.727338402107193360e-01 -4.409006912874247064e-02 -4.655187392392576839e-01 1.434635458683146680e-01 8.338058934845093972e-02 -3.433294404537150513e-01 -3.036114077410729806e-01
-8.024030543722346920e-01 -3.392959105171939882e-01 -4.105153006784121317e-01 -1.928690938831323365e-01 -1.318459440856827314e-01 3.456317477531456461e-02 2.265925996756550376e-01 9.262262085559314073e-02 1.619030368963194633e-01 2.764923494190725251e-01 4.042681359496214100e-01 9.731068396501996176e-02 2.251438261385487749e-01 1.401543625797785353e-02 3.206710974661746150e-01 3.305076308228080961e-01 2.407448593195908870e-01 7.766459559366012400e-02 1.938981869507472311e-01 9.891832271301836954e-02 -1.771030316412520733e-01 7.238205451869816898e-03 -1.172072417375034092e-01 -2.085362090234070820e-01 -1.637166039446356081e-01 -2.284644320052393596e-01 3.936835054724951988e-02 -1.008853674869101269e-01 -3.375555107271566158e-02 6.467308525299131361e-02
-2.299096788638451017e+00 -2.151645089671944788e+00 -1.695432331756364874e+00 -4.173183544284029267e-01 -8.196477229869856274e-01 2.007209429343674856e-01 6.546163312148109981e-01 8.098863932488598039e-01 1.102164400663809829e+00 4.042681359496214100e-01 2.313942688911708956e+00 5.232123186946751048e-01 3.062889493587590550e-01 3.578523490711518207e-01 1.226876090818109333e+00 6.485173847451619622e-01 1.196835701467762192e+00 3.512840587611663068e-01 4.823181288566900093e-01 2.611700723212493358e-01 -4.697698646942285450e-01 2.708079488842258797e-01 -4.201088168543947177e-01 -9.073346295817827922e-01 -1.689273693531276876e-01 -1.067536971862864448e+00 9.102824841778556220e-02 1.185261560502226530e-01 -4.807483944397290543e-01 -4.227499592356025460e-01
-1.326152383762632780e+00 -7.571885887671214732e-03 -9.678170630550084752e-01 -2.840212886896438249e-01 -1.051521070602916552e-01 -5.057363275064972186e-01 3.690882256190661792e-01 -4.281016818442822114e-01 3.877491179135859056e-01 9.731068396501996176e-02 5.232123186946751048e-01 1.066357775893379767e+00 4.045719738348338979e-01 -1.499043789731899778e-01 2.186292487973560128e-01 6.416873683580774923e-01 1.140652607300580712e-01 4.200609408178479498e-02 5.886737159137283015e-01 -2.311717440704796900e-03 -4.747511359832969902e-01 1.311452000916801808e-01 -2.012946959786177104e-02 -3.201578885926323892e-01 -3.300012402119136823e-01 -5.096344551901665909e-02 1.103317492384690013e-01 -2.923026319040218368e-01 1.268562306463536515e-01 4.433871715884265541e-01
-1.188521340426063944e+00 -1.377736074173299130e-01 -6.417597530216880841e-01 -2.544892635123119362e-01 -9.802383934299996326e-03 -3.796735542152873677e-02 2.358030830185384730e-01 -1.014337955313067141e-01 2.383097046557054455e-01 2.251438261385487749e-01 3.062889493587590550e-01 4.045719738348338979e-01 6.234881500913616037e-01 -3.551028496771095888e-01 1.809771293613948728e-02 4.253132392847192023e-01 1.495611232083433606e-01 -3.471379007106634162e-02 3.573134544086826736e-01 2.456406733616063320e-01 -2.050793830935049300e-01 5.767138378359959461e-02 -1.300888514367670723e-02 -2.326163616370990894e-01 -2.528212566464844713e-01 -1.380650800310831983e-01 1.339904562369724772e-01 -2.289012177943163806e-01 5.369536375360439706e-02 3.571660571279267060e-01
-1.456045279551290150e-01 -8.127317852335522730e-01 9.456581432687016786e-03 -8.528666167751453031e-02 -2.547513383195223469e-01 1.369713716017031402e-01 5.813974252453135705e-02 2.565174375565675291e-01 -7.059695747028627011e-02 1.401543625797785353e-02 3.578523490711518207e-01 -1.499043789731899778e-01 -3.551028496771095888e-01 6.996554665125245265e-01 5.224001538870197692e-01 -3.110252612185604448e-02 5.024731724709567970e-01 1.848494406498844000e-01 4.268872992545880152e-02 -2.064788521337845850e-01 -8.398566609201907340e-02 2.741617224320975765e-01 -2.319527913905972127e-01 -2.898641237736114817e-01 7.109148086328787031e-02 -2.433928918246124340e-01 -9.792549088547275460e-02 1.569981625256673397e-01 -6.719133227250040363e-02 -1.614015185862172075e-01
-1.518758278264499495e+00 -1.473013113107185745e+00 -9.528647185419458765e-01 -3.071554485753722474e-01 -4.969539790895396436e-01 7.979832364816275003e-02 4.924635411400117846e-01 4.747576018507970730e-01 4.170522774856522119e-01 3.206710974661746150e-01 1.226876090818109333e+00 2.186292487973560128e-01 1.809771293613948728e-02 5.224001538870197692e-01 1.249557222703799653e+00 4.997679149423106537e-01 9.763130057464763922e-01 3.486669161353574964e-01 3.544881666919366126e-01 1.127183228345529642e-02 -4.401825337891409617e-01 2.914971559562786751e-01 -4.070856584850730542e-01 -7.173768857313120861e-01 -1.836398730828818771e-01 -6.817676650740054356e-01 -3.116860221865636049e-02 3.256770026820277053e-02 -1.527986654387518684e-01 -1.721111850347938343e-01
-1.555800697033703273e+00 -1.154034292649726012e-01 -8.736049778002552557e-01 -4.458734730333162588e-01 -2.093872909769629587e-01 -3.872702951889550604e-01 4.056354577602405698e-01 -2.402983659923734194e-01 3.295514216629840121e-01 3.305076308228080961e-01 6.485173847451619622e-01 6.416873683580774923e-01 4.253132392847192023e-01 -3.110252612185604448e-02 4.997679149423106537e-01 9.250372297236708619e-01 1.200495366955465215e-01 1.238879098351617358e-01 6.384535889874598524e-01 1.033668779435288343e-01 -5.059286081695688608e-01 7.089197680159031734e-04 -4.144117235969702051e-02 -2.891582486116703876e-01 -3.749722296153947809e-01 -2.334895236879219738e-01 1.658831082765459541e-01 -3.490099082691813237e-01 -8.118827413170492946e-04 2.951835168925640573e-01
-1.722329824593259673e+00 -2.079137982419524633e+00 -9.044949810262892242e-01 -2.624081412270129476e-01 -4.664239562461034438e-01 4.739373486517592937e-01 4.056460480697410276e-01 6.936171336275265276e-01 3.722693677135566759e-01 2.407448593195908870e-01 1.196835701467762192e+00 1.140652607300580712e-01 1.495611232083433606e-01 5.024731724709567970e-01 9.763130057464763922e-01 1.200495366955465215e-01 1.418434112921545420e+00 2.070225429733341116e-01 2.931338681595434537e-01 1.079487051898695427e-01 -2.587727861877056057e-01 6.534004977096969924e-01 -5.380671014057725188e-01 -9.509921725508547752e-01 -8.612495463097502579e-02 -7.477322890528625976e-01 -5.588765167027531788e-02 2.083264694534818773e-01 -8.794781573578802636e-02 2.653925437527959730e-02
-3.245045923541738375e-01 -3.373614040443158046e-01 -2.174686585846075104e-01 -9.783530166384935001e-02 -1.868445109093954670e-01 -1.844232211863072735e-02 1.265157199731561377e-01 1.268700315009709811e-01 9.047642604474503969e-02 7.766459559366012400e-02 3.512840587611663068e-01 4.200609408178479498e-02 -3.471379007106634162e-02 1.848494406498844000e-01 3.486669161353574964e-01 1.238879098351617358e-01 2.070225429733341116e-01 2.371877071316248475e-01 1.127805537272195124e-01 -6.177984351438681188e-02 -1.248924247267950705e-01 7.060829782102473473e-02 -6.294971124037829213e-02 -2.055185202934808331e-01 -5.340323673129887538e-02 -1.648570341862409805e-01 -5.959099099339937311e-02 -1.000441530948137370e-03 -5.623379979522269423e-02 -9.242494572634996075e-02
-1.496335128090890976e+00 -3.116632244106938288e-01 -6.850363945567607971e-01 -4.240104843170797722e-01 -2.061673764637816930e-01 -2.596705056244275056e-01 2.953850647580793520e-01 -2.164585582348763637e-01 1.913148069698991094e-01 1.938981869507472311e-01 4.823181288566900093e-01 5.886737159137283015e-01 3.573134544086826736e-01 4.268872992545880152e-02 3.544881666919366126e-01 6.384535889874598524e-01 2.931338681595434537e-01 1.127805537272195124e-01 6.619370163542441787e-01 5.410054986384693620e-02 -4.313413033900133087e-01 3.023575505127951146e-01 -5.734325167233578213e-02 -4.288647863950245664e-01 -2.909469725108522198e-01 -1.629033945033313557e-01 9.747861803862178931e-02 -2.380525601486453979e-01 8.229497051775069849e-02 4.601776143841789235e-01
-5.057881344091015308e-01 -3.711439833587064641e-01 -3.743324770394451662e-01 -5.408418209759702222e-02 1.205733123072150192e-03 2.365845543852174160e-01 3.093137577121751747e-02 2.330978372884260352e-01 2.519555455552335843e-01 9.891832271301836954e-02 2.611700723212493358e-01 -2.311717440704796900e-03 2.456406733616063320e-01 -2.064788521337845850e-01 1.127183228345529642e-02 1.033668779435288343e-01 1.079487051898695427e-01 -6.177984351438681188e-02 5.410054986384693620e-02 3.071927304720247776e-01 3.128950748703118734e-02 -3.804363707897095992e-02 -1.821529936165688923e-02 -8.443679447418617201e-02 1.456226960755202526e-02 -2.055088296515350521e-01 7.188276188986719717e-02 5.039576419187596912e-02 -1.092676248281918561e-01 -8.012289610473999346e-02
1.134150581801407043e+00 2.526167002181409771e-01 5.468984085642887294e-01 2.826562013544844376e-01 2.103292658923692215e-01 2.574160101625579955e-01 -3.181274256846791104e-01 1.337518389966589893e-01 -1.926455528889619018e-01 -1.771030316412520733e-01 -4.697698646942285450e-01 -4.747511359832969902e-01 -2.050793830935049300e-01 -8.398566609201907340e-02 -4.401825337891409617e-01 -5.059286081695688608e-01 -2.587727861877056057e-01 -1.248924247267950705e-01 -4.313413033900133087e-01 3.128950748703118734e-02 4.497930174341604470e-01 -1.525745580805448753e-01 6.284093543587232489e-02 3.142998605752040930e-01 2.186835176258341562e-01 1.626051582567811238e-01 -6.995578495906329408e-02 1.546646259149611069e-01 -4.090542864497592745e-02 -2.659802415909098272e-01
-9.668324634698137743e-01 -8.316947998009709409e-01 -1.615539889376407245e-01 -2.101425543019672659e-01 -2.054454077376703935e-01 1.416699001744063935e-01 1.210683253012803107e-01 9.443862365043287355e-02 -4.131065563001357077e-02 7.238205451869816898e-03 2.708079488842258797e-01 1.311452000916801808e-01 5.767138378359959461e-02 2.741617224320975765e-01 2.914971559562786751e-01 7.089197680159031734e-04 6.534004977096969924e-01 7.060829782102473473e-02 3.023575505127951146e-01 -3.804363707897095992e-02 -1.525745580805448753e-01 6.456587227072816404e-01 -1.870738451341082964e-01 -5.583927544843731994e-01 -2.772028893352285195e-02 -1.487819311689122515e-01 -9.005116380785693764e-02 6.999205963444410372e-02 1.182305159990733046e-01 3.689625238459939283e-01
4.723085899984198477e-01 6.752056583856642646e-01 3.032839455154316965e-01 7.266144838575883114e-02 1.873517364497843118e-01 -1.168743044146367538e-01 -1.897110468454457077e-01 -2.366700192528696789e-01 -9.571878754661611310e-02 -1.172072417375034092e-01 -4.201088168543947177e-01 -2.012946959786177104e-02 -1.300888514367670723e-02 -2.319527913905972127e-01 -4.070856584850730542e-01 -4.144117235969702051e-02 -5.380671014057725188e-01 -6.294971124037829213e-02 -5.734325167233578213e-02 -1.821529936165688923e-02 6.284093543587232489e-02 -1.870738451341082964e-01 3.333624232506053886e-01 3.355579905856984624e-01 1.040855892578633757e-01 2.660948031165730754e-01 3.474509970715189411e-02 -4.327067301841225344e-02 -1.699977059837465276e-02 -3.367033242477646127e-02
1.663019961008558312e+00 1.360195669602603630e+00 7.717247632699013593e-01 3.176658802138945248e-01 3.832871012327245808e-01 -1.723895250349869457e-01 -3.954778447295552724e-01 -3.315746772411216625e-01 -2.727338402107193360e-01 -2.085362090234070820e-01 -9.073346295817827922e-01 -3.201578885926323892e-01 -2.326163616370990894e-01 -2.898641237736114817e-01 -7.173768857313120861e-01 -2.891582486116703876e-01 -9.509921725508547752e-01 -2.055185202934808331e-01 -4.288647863950245664e-01 -8.443679447418617201e-02 3.142998605752040930e-01 -5.583927544843731994e-01 3.355579905856984624e-01 8.253886349143044754e-01 1.811665232337418274e-01 4.942795263796710969e-01 4.046172609838549761e-02 -4.880549176863269167e-02 -9.117723796407517511e-03 -2.636982966035361642e-01
5.299336872344611038e-01 -1.864615625353280848e-01 4.213560882255933393e-01 1.697835912158893734e-01 9.342395880617004877e-02 2.948022449138534284e-01 -2.557516323660138369e-01 2.016363144896899939e-01 -4.409006912874247064e-02 -1.637166039446356081e-01 -1.689273693531276876e-01 -3.300012402119136823e-01 -2.528212566464844713e-01 7.109148086328787031e-02 -1.836398730828818771e-01 -3.749722296153947809e-01 -8.612495463097502579e-02 -5.340323673129887538e-02 -2.909469725108522198e-01 1.456226960755202526e-02 2.186835176258341562e-01 -2.772028893352285195e-02 1.040855892578633757e-01 1.811665232337418274e-01 3.775340012411732005e-01 7.186065860946655448e-02 -1.221625034475550819e-01 2.886768305818918634e-01 -1.151466985066917914e-01 -3.827120048393908291e-01
1.070292199555638035e+00 1.317065685279658283e+00 8.342132526498744483e-01 1.774065279931278383e-01 3.746920512108999901e-01 -3.162209163465945494e-01 -2.922629684861703936e-01 -5.924078031782755716e-01 -4.655187392392576839e-01 -2.284644320052393596e-01 -1.067536971862864448e+00 -5.096344551901665909e-02 -1.380650800310831983e-01 -2.433928918246124340e-01 -6.817676650740054356e-01 -2.334895236879219738e-01 -7.477322890528625976e-01 -1.648570341862409805e-01 -1.629033945033313557e-01 -2.055088296515350521e-01 1.626051582567811238e-01 -1.487819311689122515e-01 2.660948031165730754e-01 4.942795263796710969e-01 7.186065860946655448e-02 6.823336492023486244e-01 -7.727160919728248700e-02 -1.155927818687700892e-01 2.163915438035814987e-01 2.655018015473729065e-01
-9.616250167016460182e-02 1.265852637329771824e-01 -3.248668268728920339e-01 -4.636223071565837017e-02 -1.869889014307091202e-02 -5.323587388500072848e-02 1.821522465814950920e-02 -3.473519393327251237e-02 1.434635458683146680e-01 3.936835054724951988e-02 9.102824841778556220e-02 1.103317492384690013e-01 1.339904562369724772e-01 -9.792549088547275460e-02 -3.116860221865636049e-02 1.658831082765459541e-01 -5.588765167027531788e-02 -5.959099099339937311e-02 9.747861803862178931e-02 7.188276188986719717e-02 -6.995578495906329408e-02 -9.005116380785693764e-02 3.474509970715189411e-02 4.046172609838549761e-02 -1.221625034475550819e-01 -7.727160919728248700e-02 2.150298107547996551e-01 -1.001972582891426100e-01 -3.972249097108715432e-02 2.953118870686921582e-02
2.065307302307815007e-01 -5.661237149044495709e-01 1.309004792694850039e-01 1.314925661214942920e-01 -6.436936436864471034e-02 3.878349934685729750e-01 -1.417125278819639789e-01 3.847972671337629436e-01 8.338058934845093972e-02 -1.008853674869101269e-01 1.185261560502226530e-01 -2.923026319040218368e-01 -2.289012177943163806e-01 1.569981625256673397e-01 3.256770026820277053e-02 -3.490099082691813237e-01 2.083264694534818773e-01 -1.000441530948137370e-03 -2.380525601486453979e-01 5.039576419187596912e-02 1.546646259149611069e-01 6.999205963444410372e-02 -4.327067301841225344e-02 -4.880549176863269167e-02 2.886768305818918634e-01 -1.155927818687700892e-01 -1.001972582891426100e-01 3.618688368941889166e-01 -1.296873668676425950e-01 -3.470421878518550329e-01
4.277006106997305324e-02 4.276964507243974367e-01 3.384798557779618022e-01 -2.896028242554393728e-02 1.503000544572614672e-01 -2.005020462157744987e-01 1.137119817923348819e-02 -3.614101659641164588e-01 -3.433294404537150513e-01 -3.375555107271566158e-02 -4.807483944397290543e-01 1.268562306463536515e-01 5.369536375360439706e-02 -6.719133227250040363e-02 -1.527986654387518684e-01 -8.118827413170492946e-04 -8.794781573578802636e-02 -5.623379979522269423e-02 8.229497051775069849e-02 -1.092676248281918561e-01 -4.090542864497592745e-02 1.182305159990733046e-01 -1.699977059837465276e-02 -9.117723796407517511e-03 -1.151466985066917914e-01 2.163915438035814987e-01 -3.972249097108715432e-02 -1.296873668676425950e-01 3.291763409673080787e-01 3.772739897011661014e-01
-7.359376871964968814e-01 5.511466059651297655e-01 -7.801740156889991340e-02 -2.502516104876804093e-01 5.301341810286430700e-02 -3.719503964915134020e-01 1.697802391654477105e-01 -5.755299155931652422e-01 -3.036114077410729806e-01 6.467308525299131361e-02 -4.227499592356025460e-01 4.433871715884265541e-01 3.571660571279267060e-01 -1.614015185862172075e-01 -1.721111850347938343e-01 2.951835168925640573e-01 2.653925437527959730e-02 -9.242494572634996075e-02 4.601776143841789235e-01 -8.012289610473999346e-02 -2.659802415909098272e-01 3.689625238459939283e-01 -3.367033242477646127e-02 -2.636982966035361642e-01 -3.827120048393908291e-01 2.655018015473729065e-01 2.953118870686921582e-02 -3.470421878518550329e-01 3.772739897011661014e-01 1.074876417650273197e+00
