5.284838792833170373e+00 2.941977327906954542e+00 1.674351302902039151e+00 1.087927500072396469e+00 1.774145803524334042e-01 -5.287128123379147837e-01 -9.241925895983058581e-01 -9.410379395969243888e-01 -5.041202503887802777e-01 -8.334816422573112504e-01 -2.252625100527325230e+00 -2.394356787695528510e-01 -1.014191331098970750e+00 -2.193249373304979599e-01 -1.102174199019486878e+00 -1.667249933663754291e+00 -8.497436518321137555e-01 4.029464019953366005e-02 -1.635334965099445981e+00 6.354720262809223641e-01 9.073970774468875788e-01 -1.144331609689231755e+00 1.001076868246570939e+00 9.446407576408546447e-01 6.248338313706653935e-01 4.815807323210492541e-01 -2.805547642548162912e-01 2.211828536635493947e-01 -9.747900751738143299e-01 -9.116866800357001921e-01
2.941977327906954542e+00 3.336787501767048525e+00 9.000379156151439020e-01 5.152106322629492752e-01 1.930128068397607422e-02 -1.066625844378961574e+00 -5.023933024720577123e-01 -1.585992108559480585e+00 -3.949597544198582000e-01 -5.169287171412975113e-01 -1.994537191846632140e+00 3.845566634860801969e-01 -2.019838811391423405e-01 -7.484062252040644125e-01 -9.580405664620457173e-01 -6.110298862400895814e-01 -1.212073266856464215e+00 1.831811073453764038e-01 -6.213250986093328265e-01 2.869079447242484093e-01 4.705140141107335694e-01 -7.956474367714179152e-01 9.890145448418365959e-01 7.811801071331387902e-01 1.478221285032077503e-01 8.869885019856269537e-01 -3.071772322801962218e-01 -3.557018721892291069e-01 2.200886946104674280e-02 7.333206409384729341e-03
1.674351302902039151e+00 9.000379156151439020e-01 2.585297681345537057e+00 2.992018993770670932e-01 3.113239698010374923e-01 -6.178842294173136906e-02 -3.389823942618477304e-01 -4.268288358156269169e-01 -1.039230026294035270e+00 -3.677687155011994946e-01 -1.235768068338700232e+00 -5.844245812284043495e-01 -7.100468133695017059e-01 5.031268719114905252e-01 -5.003470788532240476e-01 -1.073219622909846294e+00 2.953799816149285107e-01 -2.632987192141058586e-01 -7.861715931005903713e-01 3.290509912582137986e-01 4.677615213307149133e-01 9.482042562379433548e-02 6.727192149116945075e-02 1.791808957795524293e-01 6.996325382170880403e-01 -1.659027214541879403e-01 -2.813431249700215631e-01 5.081826316459796544e-01 -5.776919563855926754e-01 -5.018088004609353447e-01
1.087927500072396469e+00 5.152106322629492752e-01 2.992018993770670932e-01 4.320476487621363049e-01 1.465565838411180266e-01 -6.402067125588928320e-02 -1.939761270838289420e-01 -1.139933656278344642e-01 -1.140363855819259697e-02 -2.091419558647089616e-01 -4.721575061334988277e-01 -4.839711099464238941e-03 -2.136374104223932591e-01 -1.525664046006909302e-01 -2.150192102809569406e-01 -4.478257170841857260e-01 -1.749017928649436726e-01 -6.653238124948757104e-02 -4.488604104332125644e-01 1.942503181644497090e-01 1.779318508579308400e-01 -2.743923329950348489e-01 2.102522263278956416e-01 1.961557763622749917e-01 1.685479740327195941e-01 9.237570912995352046e-02 -8.139056121524390619e-02 9.931017520034401969e-02 -2.450266798137477053e-01 -2.300844849316945329e-01
1.774145803524334042e-01 1.930128068397607422e-02 3.113239698010374923e-01 1.465565838411180266e-01 5.199502737728494139e-01 1.533279840259638149e-01 -1.701261790207126978e-01 -2.382573873688897947e-02 -1.711957978895952692e-01 -5.008836429584562211e-02 -4.416216245712121236e-01 -3.084381488235976576e-03 5.459582826216546891e-02 -1.669658077638587201e-01 -1.115794544477921590e-01 -2.538850922608730798e-01 4.764160102547521092e-02 -1.802183264284735742e-01 -2.223384376743808843e-01 3.021258957131749412e-01 8.179427332959221530e-02 -4.530042809005863091e-02 3.810496863150092395e-02 1.497352121140238523e-02 2.054204324141437610e-01 -8.556858413379586636e-02 1.290414001630324492e-03 1.577506301999278548e-01 -2.091421692690573764e-01 -9.663122998892959004e-02
-5.287128123379147837e-01 -1.066625844378961574e+00 -6.178842294173136906e-02 -6.402067125588928320e-02 1.533279840259638149e-01 8.612676582411040727e-01 -3.412147464132431196e-02 7.646480165061575462e-01 1.847033712544998707e-02 1.303389763590416806e-01 3.062759320642385319e-01 -4.495552496697428069e-01 -5.600009913786152538e-02 2.867940049574713157e-01 1.460456711865276702e-01 -1.863163166054278008e-01 5.299731901999393813e-01 -2.164878283349480625e-01 -1.037778285185879668e-01 1.865218996683779551e-01 -2.924462988670484265e-02 2.480236821954235893e-01 -3.220207167975104312e-01 -2.369364494235242091e-01 2.008260620028750054e-01 -4.591700004884273767e-01 1.416092416874903392e-01 3.937612692728862385e-01 -3.797246029014331725e-01 -1.733801821467295667e-01
-9.241925895983058581e-01 -5.023933024720577123e-01 -3.389823942618477304e-01 -1.939761270838289420e-01 -1.701261790207126978e-01 -3.412147464132431196e-02 3.865546570844458074e-01 1.619082236258577723e-01 4.385469323045754209e-02 2.087778879457005132e-01 5.599005377052321819e-01 7.250008765930715526e-02 1.591850425386382994e-01 9.335984768244998122e-02 3.538849553569320960e-01 3.732218951932395612e-01 1.631398295628514461e-01 6.051339189752980019e-02 2.793026578007129501e-01 -2.520623876121135254e-01 -2.034057816222230031e-01 1.356145982706493669e-01 -2.617059924004934146e-01 -1.658369820879670442e-01 -2.724673216438873169e-01 -9.181735240417765453e-02 2.952983156126265385e-02 -1.520213216329580064e-01 2.997966558813232041e-01 1.820636104700952274e-01
-9.410379395969243888e-01 -1.585992108559480585e+00 -4.268288358156269169e-01 -1.139933656278344642e-01 -2.382573873688897947e-02 7.646480165061575462e-01 1.619082236258577723e-01 1.178962645045430691e+00 3.042203341618119339e-01 2.705960680363546089e-01 9.609763482214361829e-01 -4.936074316296412690e-01 3.440210808724941671e-02 2.391398771704302817e-01 4.685802026426699740e-01 9.268393432660104736e-02 5.303052267988732638e-01 -1.187613271712848473e-01 2.220519541538124031e-03 1.262384522057686809e-01 -1.733329332058701766e-01 1.151602317638662498e-01 -3.993190480564408062e-01 -2.776389010778643751e-01 4.455645507033523245e-02 -5.856723064197808526e-01 2.425378257615307120e-01 3.335027681836777447e-01 -4.408125057163374549e-01 -2.898175769225304066e-01
-5.041202503887802777e-01 -3.949597544198582000e-01 -1.039230026294035270e+00 -1.140363855819259697e-02 -1.711957978895952692e-01 1.847033712544998707e-02 4.385469323045754209e-02 3.042203341618119339e-01 6.678748035523653925e-01 1.009567117728238372e-01 6.648062422358975709e-01 1.780231798225031525e-01 2.140913054407747040e-01 -2.881945063753619252e-01 1.246091182469513114e-01 3.450472759477634099e-01 -2.410764943914500691e-01 1.158507035531215479e-01 2.101938240849676731e-01 -6.613296678722235811e-02 -1.574716316260378335e-01 -1.528501967947022422e-01 9.967323708838193852e-02 8.402468603378565604e-03 -1.432572307788291255e-01 7.388664635999475649e-02 9.536084427770674665e-02 -1.025129476113306737e-01 1.897316655742997682e-02 -1.188999357083275754e-02
-8.334816422573112504e-01 -5.169287171412975113e-01 -3.677687155011994946e-01 -2.091419558647089616e-01 -5.008836429584562211e-02 1.303389763590416806e-01 2.087778879457005132e-01 2.705960680363546089e-01 1.009567117728238372e-01 3.027121084624013747e-01 4.531768462902050487e-01 -1.088641139034507432e-01 1.698873996850238655e-01 1.008695317315186912e-01 3.120814241253242471e-01 3.542992696497435645e-01 1.569416439721749157e-01 4.866382211815789560e-02 2.191464153522133529e-01 -1.080148599876338267e-01 -1.549050821876107875e-01 4.801762939882792125e-02 -2.195470330635203027e-01 -1.127379186265216049e-01 -1.823205494529247517e-01 -1.718254003288279819e-01 9.293090807011594734e-02 -7.789620516183504151e-02 8.481986602953384136e-02 5.930337044190991946e-02
-2.252625100527325230e+00 -1.994537191846632140e+00 -1.235768068338700232e+00 -4.721575061334988277e-01 -4.416216245712121236e-01 3.062759320642385319e-01 5.599005377052321819e-01 9.609763482214361829e-01 6.648062422358975709e-01 4.531768462902050487e-01 2.027284517936720931e+00 -2.204601904122682754e-02 3.485609947828152144e-01 1.843634266976437175e-01 7.330149963460712570e-01 8.668990425643414710e-01 3.646449117754286817e-01 1.529764721965989338e-01 6.741013173313490370e-01 -4.122075294276328350e-01 -4.470491576000199530e-01 2.626700301124174075e-01 -4.690805949997525204e-01 -4.136958473924323698e-01 -3.680140787780032952e-01 -3.907127714021498832e-01 2.280249448639324328e-01 -7.251298478632861588e-02 1.708911878449157484e-01 3.346052797814991209e-02
-2.394356787695528510e-01 3.845566634860801969e-01 -5.844245812284043495e-01 -4.839711099464238941e-03 -3.084381488235976576e-03 -4.495552496697428069e-01 7.250008765930715526e-02 -4.936074316296412690e-01 1.780231798225031525e-01 -1.088641139034507432e-01 -2.204601904122682754e-02 6.847584033407088100e-01 2.612554752178084527e-01 -3.863052784427054576e-01 -1.158792209735679535e-01 2.746551273452269015e-01 -3.646690051394330112e-01 8.480694836111979384e-02 2.791751648475724323e-01 -1.880321423901705202e-01 -8.940775484626328762e-02 -2.621933116293462263e-02 1.725706148702101927e-01 3.847002390199349975e-02 -2.104880094008763081e-01 3.917365195692923407e-01 -8.708008340215656062e-02 -2.977389527366085531e-01 5.088807226665608141e-01 3.402879177293129942e-01
-1.014191331098970750e+00 -2.019838811391423405e-01 -7.100468133695017059e-01 -2.136374104223932591e-01 5.459582826216546891e-02 -5.600009913786152538e-02 1.591850425386382994e-01 3.440210808724941671e-02 2.140913054407747040e-01 1.698873996850238655e-01 3.485609947828152144e-01 2.612554752178084527e-01 5.691997036763609685e-01 -4.601166752803464988e-01 1.119681083224008944e-01 4.048903082995138902e-01 -8.501079676562994791e-02 6.571790150644574169e-03 3.644320546945607475e-01 5.108197433571604051e-03 -1.778696298734416814e-01 7.215580097212637156e-02 -5.963739077031959823e-02 -1.186154112619419720e-01 -2.710131677283129648e-01 4.472443565998673876e-02 1.217995170262611282e-01 -2.409078004286584473e-01 3.193567788524660500e-01 3.468454770014091082e-01
-2.193249373304979599e-01 -7.484062252040644125e-01 5.031268719114905252e-01 -1.525664046006909302e-01 -1.669658077638587201e-01 2.867940049574713157e-01 9.335984768244998122e-02 2.391398771704302817e-01 -2.881945063753619252e-01 1.008695317315186912e-01 1.843634266976437175e-01 -3.863052784427054576e-01 -4.601166752803464988e-01 9.762294006727643136e-01 2.457124879975367548e-01 -2.817965431063385040e-04 5.569503367830179741e-01 2.008280536779238901e-02 3.376764352304917338e-02 -3.070723961172916461e-01 -1.076398814944923288e-02 3.143851710105991515e-01 -3.673177578596096282e-01 -1.606433462056315875e-01 8.705599124095897423e-02 -2.821918346329539418e-01 -4.618939292322465917e-02 2.028514714427274157e-01 -8.472830933067143633e-02 -1.636198292918038533e-01
-1.102174199019486878e+00 -9.580405664620457173e-01 -5.003470788532240476e-01 -2.150192102809569406e-01 -1.115794544477921590e-01 1.460456711865276702e-01 3.538849553569320960e-01 4.685802026426699740e-01 1.246091182469513114e-01 3.120814241253242471e-01 7.330149963460712570e-01 -1.158792209735679535e-01 1.119681083224008944e-01 2.457124879975367548e-01 6.671789606000970707e-01 4.593856917734342460e-01 3.229709817524621940e-01 7.887313707385601447e-02 2.686514690635704028e-01 -2.263054450194204037e-01 -2.708250342874976013e-01 1.215115529649608561e-01 -3.519310419788439503e-01 -2.253339369898412770e-01 -2.446258322873973157e-01 -2.640887795019466466e-01 9.104804425982138127e-02 -6.566498989730007452e-02 1.416668916456842453e-01 4.629998513166810881e-03
-1.667249933663754291e+00 -6.110298862400895814e-01 -1.073219622909846294e+00 -4.478257170841857260e-01 -2.538850922608730798e-01 -1.863163166054278008e-01 3.732218951932395612e-01 9.268393432660104736e-02 3.450472759477634099e-01 3.542992696497435645e-01 8.668990425643414710e-01 2.746551273452269015e-01 4.048903082995138902e-01 -2.817965431063385040e-04 4.593856917734342460e-01 9.863487137023980722e-01 -8.913542127282880756e-02 2.381450534146267728e-01 7.391136589709503824e-01 -3.658817739729443019e-01 -3.812956482209983733e-01 8.219941588012602551e-02 -1.501253694575837017e-01 -1.690747504492264852e-01 -4.555042296173894556e-01 3.806306010937987594e-02 1.545657851449391273e-01 -3.694931688438600759e-01 4.726931579642723591e-01 3.381078121068981091e-01
-8.497436518321137555e-01 -1.212073266856464215e+00 2.953799816149285107e-01 -1.749017928649436726e-01 4.764160102547521092e-02 5.299731901999393813e-01 1.631398295628514461e-01 5.303052267988732638e-01 -2.410764943914500691e-01 1.569416439721749157e-01 3.646449117754286817e-01 -3.646690051394330112e-01 -8.501079676562994791e-02 5.569503367830179741e-01 3.229709817524621940e-01 -8.913542127282880756e-02 8.339911194991032062e-01 -2.024623306312491877e-01 7.463887699577753665e-02 -1.186255916264258303e-01 -5.516558828338702369e-02 5.365568443668848886e-01 -5.874910380371147767e-01 -3.577857944299012161e-01 2.101190687278631231e-02 -4.371862515206430544e-01 3.921626757494323101e-02 2.465024863523126442e-01 2.184384945678630174e-02 3.361902960671159235e-02
4.029464019953366005e-02 1.831811073453764038e-01 -2.632987192141058586e-01 -6.653238124948757104e-02 -1.802183264284735742e-01 -2.164878283349480625e-01 6.051339189752980019e-02 -1.187613271712848473e-01 1.158507035531215479e-01 4.866382211815789560e-02 1.529764721965989338e-01 8.480694836111979384e-02 6.571790150644574169e-03 2.008280536779238901e-02 7.887313707385601447e-02 2.381450534146267728e-01 -2.024623306312491877e-01 3.056006489949822935e-01 1.417931882603511440e-01 -1.633357526285976746e-01 -3.774436422514781952e-02 -1.730354417324804217e-01 1.407022900123422460e-01 3.498299392833814636e-02 -1.276384651268926973e-01 1.093873354463426040e-01 -4.333178838368212382e-02 -1.687750043952291890e-01 5.844743732433244077e-02 -5.925226443611109062e-02
-1.635334965099445981e+00 -6.213250986093328265e-01 -7.861715931005903713e-01 -4.488604104332125644e-01 -2.223384376743808843e-01 -1.037778285185879668e-01 2.793026578007129501e-01 2.220519541538124031e-03 2.101938240849676731e-01 2.191464153522133529e-01 6.741013173313490370e-01 2.791751648475724323e-01 3.644320546945607475e-01 3.376764352304917338e-02 2.686514690635704028e-01 7.391136589709503824e-01 7.463887699577753665e-02 1.417931882603511440e-01 7.704961716867728683e-01 -3.425618728777806155e-01 -3.043287705382908825e-01 3.536470094548747056e-01 -1.946116274911560140e-01 -2.640113121456408862e-01 -3.591818100418606718e-01 5.751037191802765847e-02 9.445723561248087208e-02 -2.827610145098162775e-01 5.385984818583438027e-01 4.640181555841422778e-01
6.354720262809223641e-01 2.869079447242484093e-01 3.290509912582137986e-01 1.942503181644497090e-01 3.021258957131749412e-01 1.865218996683779551e-01 -2.520623876121135254e-01 1.262384522057686809e-01 -6.613296678722235811e-02 -1.080148599876338267e-01 -4.122075294276328350e-01 -1.880321423901705202e-01 5.108197433571604051e-03 -3.070723961172916461e-01 -2.263054450194204037e-01 -3.658817739729443019e-01 -1.186255916264258303e-01 -1.633357526285976746e-01 -3.425618728777806155e-01 4.918805792735838622e-01 1.689662722782259152e-01 -1.887974715899645162e-01 1.360906125475480621e-01 1.164684164025970858e-01 2.356442508153122617e-01 -1.057434791259765916e-01 5.283462836547414554e-02 1.868437939367026956e-01 -3.995948428199085356e-01 -2.100357162713635262e-01
9.073970774468875788e-01 4.705140141107335694e-01 4.677615213307149133e-01 1.779318508579308400e-01 8.179427332959221530e-02 -2.924462988670484265e-02 -2.034057816222230031e-01 -1.733329332058701766e-01 -1.574716316260378335e-01 -1.549050821876107875e-01 -4.470491576000199530e-01 -8.940775484626328762e-02 -1.778696298734416814e-01 -1.076398814944923288e-02 -2.708250342874976013e-01 -3.812956482209983733e-01 -5.516558828338702369e-02 -3.774436422514781952e-02 -3.043287705382908825e-01 1.689662722782259152e-01 2.500789529720464088e-01 -9.763914204171442179e-02 1.073420167707013206e-01 1.243215430743020988e-01 1.580364655041535116e-01 4.320309492999285794e-02 -9.981052195234951796e-02 7.607823576825012424e-02 -1.855085096839275138e-01 -1.576576095671384792e-01
-1.144331609689231755e+00 -7.956474367714179152e-01 9.482042562379433548e-02 -2.743923329950348489e-01 -4.530042809005863091e-02 2.480236821954235893e-01 1.356145982706493669e-01 1.151602317638662498e-01 -1.528501967947022422e-01 4.801762939882792125e-02 2.626700301124174075e-01 -2.621933116293462263e-02 7.215580097212637156e-02 3.143851710105991515e-01 1.215115529649608561e-01 8.219941588012602551e-02 5.365568443668848886e-01 -1.730354417324804217e-01 3.536470094548747056e-01 -1.887974715899645162e-01 -9.763914204171442179e-02 7.125323326762895704e-01 -4.053435796791973189e-01 -3.646004409678198499e-01 -4.088474155051358139e-02 -1.380261381132186216e-01 -2.213642297869000686e-02 5.544145730374339109e-02 3.443428287424978862e-01 3.721253147144807372e-01
1.001076868246570939e+00 9.890145448418365959e-01 6.727192149116945075e-02 2.102522263278956416e-01 3.810496863150092395e-02 -3.220207167975104312e-01 -2.617059924004934146e-01 -3.993190480564408062e-01 9.967323708838193852e-02 -2.195470330635203027e-01 -4.690805949997525204e-01 1.725706148702101927e-01 -5.963739077031959823e-02 -3.673177578596096282e-01 -3.519310419788439503e-01 -1.501253694575837017e-01 -5.874910380371147767e-01 1.407022900123422460e-01 -1.946116274911560140e-01 1.360906125475480621e-01 1.073420167707013206e-01 -4.053435796791973189e-01 5.816747755085316385e-01 2.898729818576271100e-01 1.531645491565996053e-01 3.016721404392228578e-01 -3.089283914175666723e-02 -7.352274822954996125e-02 -2.233486685620391654e-01 -1.725890856778846683e-01
9.446407576408546447e-01 7.811801071331387902e-01 1.791808957795524293e-01 1.961557763622749917e-01 1.497352121140238523e-02 -2.369364494235242091e-01 -1.658369820879670442e-01 -2.776389010778643751e-01 8.402468603378565604e-03 -1.127379186265216049e-01 -4.136958473924323698e-01 3.847002390199349975e-02 -1.186154112619419720e-01 -1.606433462056315875e-01 -2.253339369898412770e-01 -1.690747504492264852e-01 -3.577857944299012161e-01 3.498299392833814636e-02 -2.640113121456408862e-01 1.164684164025970858e-01 1.243215430743020988e-01 -3.646004409678198499e-01 2.898729818576271100e-01 3.120598439782042988e-01 9.641543099417049234e-02 1.808739772352510045e-01 -4.965814970285009622e-02 -4.233588741192306770e-02 -1.736055876908721984e-01 -1.854897342398089677e-01
6.248338313706653935e-01 1.478221285032077503e-01 6.996325382170880403e-01 1.685479740327195941e-01 2.054204324141437610e-01 2.008260620028750054e-01 -2.724673216438873169e-01 4.455645507033523245e-02 -1.432572307788291255e-01 -1.823205494529247517e-01 -3.680140787780032952e-01 -2.104880094008763081e-01 -2.710131677283129648e-01 8.705599124095897423e-02 -2.446258322873973157e-01 -4.555042296173894556e-01 2.101190687278631231e-02 -1.276384651268926973e-01 -3.591818100418606718e-01 2.356442508153122617e-01 1.580364655041535116e-01 -4.088474155051358139e-02 1.531645491565996053e-01 9.641543099417049234e-02 4.512310598544218010e-01 -7.882659380203449473e-02 -9.982965507890639856e-02 3.367593511150630547e-01 -4.478362055086790861e-01 -3.290714381087695983e-01
4.815807323210492541e-01 8.869885019856269537e-01 -1.659027214541879403e-01 9.237570912995352046e-02 -8.556858413379586636e-02 -4.591700004884273767e-01 -9.181735240417765453e-02 -5.856723064197808526e-01 7.388664635999475649e-02 -1.718254003288279819e-01 -3.907127714021498832e-01 3.917365195692923407e-01 4.472443565998673876e-02 -2.821918346329539418e-01 -2.640887795019466466e-01 3.806306010937987594e-02 -4.371862515206430544e-01 1.093873354463426040e-01 5.751037191802765847e-02 -1.057434791259765916e-01 4.320309492999285794e-02 -1.380261381132186216e-01 3.016721404392228578e-01 1.808739772352510045e-01 -7.882659380203449473e-02 4.534057696059790032e-01 -1.193657676393513611e-01 -2.337592738695661865e-01 2.450084738883901991e-01 2.094387670671835622e-01
-2.805547642548162912e-01 -3.071772322801962218e-01 -2.813431249700215631e-01 -8.139056121524390619e-02 1.290414001630324492e-03 1.416092416874903392e-01 2.952983156126265385e-02 2.425378257615307120e-01 9.536084427770674665e-02 9.293090807011594734e-02 2.280249448639324328e-01 -8.708008340215656062e-02 1.217995170262611282e-01 -4.618939292322465917e-02 9.104804425982138127e-02 1.545657851449391273e-01 3.921626757494323101e-02 -4.333178838368212382e-02 9.445723561248087208e-02 5.283462836547414554e-02 -9.981052195234951796e-02 -2.213642297869000686e-02 -3.089283914175666723e-02 -4.965814970285009622e-02 -9.982965507890639856e-02 -1.193657676393513611e-01 2.473104817905209529e-01 -9.372752334741107916e-03 -6.027927661102694401e-02 -1.410511282364268482e-02
2.211828536635493947e-01 -3.557018721892291069e-01 5.081826316459796544e-01 9.931017520034401969e-02 1.577506301999278548e-01 3.937612692728862385e-01 -1.520213216329580064e-01 3.335027681836777447e-01 -1.025129476113306737e-01 -7.789620516183504151e-02 -7.251298478632861588e-02 -2.977389527366085531e-01 -2.409078004286584473e-01 2.028514714427274157e-01 -6.566498989730007452e-02 -3.694931688438600759e-01 2.465024863523126442e-01 -1.687750043952291890e-01 -2.827610145098162775e-01 1.868437939367026956e-01 7.607823576825012424e-02 5.544145730374339109e-02 -7.352274822954996125e-02 -4.233588741192306770e-02 3.367593511150630547e-01 -2.337592738695661865e-01 -9.372752334741107916e-03 4.103852080324372764e-01 -3.919546099617718937e-01 -2.916214326884869479e-01
-9.747900751738143299e-01 2.200886946104674280e-02 -5.776919563855926754e-01 -2.450266798137477053e-01 -2.091421692690573764e-01 -3.797246029014331725e-01 2.997966558813232041e-01 -4.408125057163374549e-01 1.897316655742997682e-02 8.481986602953384136e-02 1.708911878449157484e-01 5.088807226665608141e-01 3.193567788524660500e-01 -8.472830933067143633e-02 1.416668916456842453e-01 4.726931579642723591e-01 2.184384945678630174e-02 5.844743732433244077e-02 5.385984818583438027e-01 -3.995948428199085356e-01 -1.855085096839275138e-01 3.443428287424978862e-01 -2.233486685620391654e-01 -1.736055876908721984e-01 -4.478362055086790861e-01 2.450084738883901991e-01 -6.027927661102694401e-02 -3.919546099617718937e-01 8.978739373385451472e-01 6.488409922193341117e-01
-9.116866800357001921e-01 7.333206409384729341e-03 -5.018088004609353447e-01 -2.300844849316945329e-01 -9.663122998892959004e-02 -1.733801821467295667e-01 1.820636104700952274e-01 -2.898175769225304066e-01 -1.188999357083275754e-02 5.930337044190991946e-02 3.346052797814991209e-02 3.402879177293129942e-01 3.468454770014091082e-01 -1.636198292918038533e-01 4.629998513166810881e-03 3.381078121068981091e-01 3.361902960671159235e-02 -5.925226443611109062e-02 4.640181555841422778e-01 -2.100357162713635262e-01 -1.576576095671384792e-01 3.721253147144807372e-01 -1.725890856778846683e-01 -1.854897342398089677e-01 -3.290714381087695983e-01 2.094387670671835622e-01 -1.410511282364268482e-02 -2.916214326884869479e-01 6.488409922193341117e-01 7.586663080525113401e-01
