5.276526134339860619e+00 2.781836011360724115e+00 2.022656449912290100e+00 1.060616769041530461e+00 3.267532652404838700e-01 -2.901103355435452613e-01 -9.838219086182107276e-01 -7.925254066985871759e-01 -5.679970828554701257e-01 -7.818319986741926186e-01 -2.276114236922694545e+00 -5.026448197273793994e-01 -1.060990127238255809e+00 -1.458227059795262903e-01 -1.200385788672463150e+00 -1.608265449956149951e+00 -9.826352236440811794e-01 -7.026535254254895335e-02 -1.579041410238687604e+00 3.917011166838619829e-01 9.097420637879736205e-01 -1.093558772130393208e+00 8.747850931405309893e-01 1.014559815475479354e+00 5.807125600609310823e-01 5.752616695256733692e-01 -3.435884278513867685e-01 1.896548545027485488e-01 -7.532387089681265024e-01 -9.719659976200318852e-01
2.781836011360724115e+00 3.505823035718378833e+00 8.678014355474488184e-01 4.458200703402326326e-01 1.882108712184731303e-01 -1.112546016562589557e+00 -4.768875417601634581e-01 -1.509010117144498508e+00 -3.991938573910829291e-01 -4.435969899819269813e-01 -1.932119315467389242e+00 3.432492478734161523e-01 -1.458991355349326113e-01 -8.258791805612872849e-01 -1.026544412865462164e+00 -4.109531146655740486e-01 -1.441833678510135996e+00 1.025514119768331511e-01 -4.916176218869736658e-01 7.208628962763441450e-02 3.910080242861795341e-01 -8.141164703405081582e-01 8.786001432751504581e-01 8.887292699480440206e-01 3.585443018948808458e-03 9.521690063696723882e-01 -2.004162810269463080e-01 -4.481703591673067422e-01 1.119531662835129282e-01 1.453619268950774313e-01
2.022656449912290100e+00 8.678014355474488184e-01 2.992750530022419753e+00 3.222288245468121204e-01 3.595200023935944955e-01 1.276822301415450056e-01 -4.738011253709260018e-01 -4.133876623070023015e-01 -1.103218590275275801e+00 -3.777214594333599962e-01 -1.415829445240660789e+00 -7.373058157163541182e-01 -7.692310232024510697e-01 5.150340104727320067e-01 -6.012673948275732982e-01 -1.087259729596382840e+00 1.562669124681974608e-01 -2.423273367712113213e-01 -8.002213264568922568e-01 2.506930545222303408e-01 4.570458105469015209e-01 1.959942765685696031e-02 1.674222472714177457e-01 1.568324535704732625e-01 6.987964229455201348e-01 5.536280582873587264e-03 -4.584796104414863294e-01 4.449548906109157542e-01 -4.930569065265899553e-01 -5.917132565339784378e-01
1.060616769041530461e+00 4.458200703402326326e-01 3.222288245468121204e-01 4.314728645864533974e-01 1.627306845626890208e-01 6.959243041364970850e-03 -1.922399581637819210e-01 -7.014768080034627928e-02 6.603978885664218978e-03 -1.869627230115042948e-01 -4.579095692474766111e-01 -6.716053091560070243e-02 -2.057626030129426908e-01 -1.512500973019541561e-01 -2.427470330459868819e-01 -4.281670815181541911e-01 -1.977739157086944033e-01 -8.030718020268068358e-02 -4.309177259922876146e-01 1.377652226028658333e-01 1.865396611576102259e-01 -2.658560841098278615e-01 1.819539851467197877e-01 2.064519949561827161e-01 1.392866488395156921e-01 1.222784569464465676e-01 -9.720661617984660552e-02 7.852921112367994283e-02 -1.734669433656108595e-01 -2.413619528039134821e-01
3.267532652404838700e-01 1.882108712184731303e-01 3.595200023935944955e-01 1.627306845626890208e-01 5.021223746982172997e-01 9.823692997298394403e-02 -1.838938206581701706e-01 -1.318341261621185367e-01 -1.783950429576179886e-01 -5.739732717484002933e-02 -5.402340976855271037e-01 5.379149331758981134e-03 7.297517948131826415e-02 -2.377076713327710422e-01 -2.047669183259586134e-01 -2.112578936352065284e-01 -9.420637441326107364e-02 -1.428857207270084473e-01 -2.003138009601173053e-01 2.601771392362479673e-01 1.058135881710882131e-01 -1.223259511639298580e-01 1.300015450709679499e-01 7.853920731645303022e-02 1.549249914708639153e-01 4.820023668372641623e-02 -4.765972082503822094e-02 5.780466870231748544e-02 -1.247301950629093881e-01 -7.378147012968838681e-02
-2.901103355435452613e-01 -1.112546016562589557e+00 1.276822301415450056e-01 6.959243041364970850e-03 9.823692997298394403e-02 9.619629083433096639e-01 -1.141539919845513396e-01 7.242840433390256294e-01 6.207903187203100970e-03 8.097995296145654720e-02 1.883581311786315382e-01 -5.197416503250451569e-01 -1.098007673358551983e-01 3.108415419774246402e-01 8.842743956466847521e-02 -3.211040006958683080e-01 5.491946344468487951e-01 -1.792529885668727729e-01 -2.013227369112371434e-01 2.574442010964048677e-01 6.410784396337021462e-02 2.175257498249152377e-01 -2.214489402348363001e-01 -2.431741130149021046e-01 2.982252321293685782e-01 -4.182138939674473477e-01 1.735247276553764095e-02 4.328013798110532662e-01 -3.761506577732802725e-01 -3.235724836303006668e-01
-9.838219086182107276e-01 -4.768875417601634581e-01 -4.738011253709260018e-01 -1.922399581637819210e-01 -1.838938206581701706e-01 -1.141539919845513396e-01 4.129688360527552504e-01 1.451748286497149820e-01 7.940245131590017991e-02 2.037353586206336331e-01 6.039656267411714907e-01 1.596302013143713339e-01 1.917278568101323799e-01 5.294930538019571031e-02 3.937762567348386256e-01 3.763005333894398063e-01 2.030687369726820179e-01 8.067516024487986215e-02 2.817409913770347885e-01 -2.040180200131089805e-01 -2.168000215532970287e-01 1.359384569811368237e-01 -2.621196637279581410e-01 -1.930762914344086312e-01 -2.777013211087364652e-01 -1.305233968423067381e-01 6.545049181028161911e-02 -1.486495718537526045e-01 2.522841641526269996e-01 2.188963967331574167e-01
-7.925254066985871759e-01 -1.509010117144498508e+00 -4.133876623070023015e-01 -7.014768080034627928e-02 -1.318341261621185367e-01 7.242840433390256294e-01 1.451748286497149820e-01 1.040658429124675877e+00 3.296541898627651790e-01 2.214642331254594865e-01 8.887154991860484188e-01 -4.375153110736960116e-01 2.273641703038720152e-02 2.212131026249721799e-01 4.375714113762114721e-01 2.461827659510618105e-02 5.257992090743073277e-01 -5.416762170682432043e-02 -4.139067202106616605e-02 1.700129326046067035e-01 -9.567907395853580965e-02 9.262475151172111509e-02 -3.082403329365774880e-01 -2.712203484079509508e-01 8.226791991205573140e-02 -5.375981296553504762e-01 1.469449505224247332e-01 3.151775791266118176e-01 -3.597173335572279029e-01 -3.664844984996307176e-01
-5.679970828554701257e-01 -3.991938573910829291e-01 -1.103218590275275801e+00 6.603978885664218978e-03 -1.783950429576179886e-01 6.207903187203100970e-03 7.940245131590017991e-02 3.296541898627651790e-01 6.993974007970109596e-01 9.395765729937011201e-02 7.162022483702799036e-01 1.938584256747049039e-01 2.085404100712366926e-01 -2.861218992019871621e-01 1.298571327726563140e-01 2.957700666866003303e-01 -1.946086687665911086e-01 7.511339857353505067e-02 1.632149139329328591e-01 -2.774328093028088915e-02 -1.336137486596271629e-01 -1.308829011412626642e-01 5.708745520672664497e-02 3.653946793565410189e-02 -1.074750248025111432e-01 1.609700429582971992e-03 1.425903750488259902e-01 -4.113427170801742250e-02 -1.849194569911105646e-02 -4.673230844622366931e-02
-7.818319986741926186e-01 -4.435969899819269813e-01 -3.777214594333599962e-01 -1.869627230115042948e-01 -5.739732717484002933e-02 8.097995296145654720e-02 2.037353586206336331e-01 2.214642331254594865e-01 9.395765729937011201e-02 2.748666883207420142e-01 4.203914251951914594e-01 -6.113280791936404057e-02 1.672713610283267371e-01 7.319277689020964317e-02 3.053086265919091602e-01 3.087356534148284481e-01 1.710345379929094634e-01 5.491741164877339543e-02 1.872135234249014957e-01 -5.947622296110921525e-02 -1.350918441116846225e-01 4.265437161791396647e-02 -1.963626361373940199e-01 -1.111719987813444277e-01 -1.533968264782856750e-01 -1.823543747524922765e-01 9.110186860846170021e-02 -6.228471506750565823e-02 5.310455677994241341e-02 5.885322294773231988e-02
-2.276114236922694545e+00 -1.932119315467389242e+00 -1.415829445240660789e+00 -4.579095692474766111e-01 -5.402340976855271037e-01 1.883581311786315382e-01 6.039656267411714907e-01 8.887154991860484188e-01 7.162022483702799036e-01 4.203914251951914594e-01 2.075731311709148486e+00 1.184603782710951236e-01 3.467442754621856693e-01 1.873325272464398950e-01 8.066056785281148223e-01 8.074426711642672672e-01 4.684593284401898927e-01 1.818511602238004343e-01 6.227146297841557043e-01 -2.950219971344267833e-01 -4.359992410701920562e-01 2.728041458119605522e-01 -4.531081615255061479e-01 -4.341704292719441582e-01 -3.178412557514320724e-01 -4.912714383080469815e-01 2.637716276068431398e-01 -2.219728638226570183e-02 9.151560318360907331e-02 1.074903591586462426e-02
-5.026448197273793994e-01 3.432492478734161523e-01 -7.373058157163541182e-01 -6.716053091560070243e-02 5.379149331758981134e-03 -5.197416503250451569e-01 1.596302013143713339e-01 -4.375153110736960116e-01 1.938584256747049039e-01 -6.113280791936404057e-02 1.184603782710951236e-01 7.339390856546970099e-01 3.068115247089053810e-01 -3.823499314113973924e-01 -6.268577071085701391e-02 3.624842939261725405e-01 -3.209703375662229519e-01 5.931586205872463324e-02 3.451473724549600774e-01 -2.024298942194491246e-01 -1.567698581366130384e-01 9.916789853093632701e-03 9.809741948561168101e-02 3.061146169454787014e-02 -2.572919489206242361e-01 3.240696395691884391e-01 2.240010824476712514e-02 -2.957601341661870720e-01 4.540104694485762593e-01 4.363783755972008294e-01
-1.060990127238255809e+00 -1.458991355349326113e-01 -7.692310232024510697e-01 -2.057626030129426908e-01 7.297517948131826415e-02 -1.098007673358551983e-01 1.917278568101323799e-01 2.273641703038720152e-02 2.085404100712366926e-01 1.672713610283267371e-01 3.467442754621856693e-01 3.068115247089053810e-01 6.002864753790504437e-01 -4.960925755165135342e-01 8.252765625860547516e-02 3.868219187659178715e-01 -5.613952527659193947e-02 -9.474744094234210934e-03 3.438122281519895296e-01 4.793217323549470166e-02 -1.598633415235326538e-01 7.243399932892202742e-02 -7.039700614149069224e-02 -1.051964883694722630e-01 -2.689424015551935554e-01 6.525433432045701920e-03 1.658319948353437212e-01 -2.266584850836466103e-01 2.716147864739468787e-01 3.898539850691236097e-01
-1.458227059795262903e-01 -8.258791805612872849e-01 5.150340104727320067e-01 -1.512500973019541561e-01 -2.377076713327710422e-01 3.108415419774246402e-01 5.294930538019571031e-02 2.212131026249721799e-01 -2.861218992019871621e-01 7.319277689020964317e-02 1.873325272464398950e-01 -3.823499314113973924e-01 -4.960925755165135342e-01 1.024254310549224556e+00 3.280735967836676537e-01 -3.139934300668301148e-02 6.041916411121519559e-01 7.250746963535448231e-02 2.978378693092054164e-02 -2.629352884031845861e-01 -3.404008147151671437e-02 3.206818735117167307e-01 -3.155536264920897338e-01 -2.276081748559022344e-01 1.280959825185163936e-01 -2.802165830736385033e-01 -9.052474115389941289e-02 2.198602028998379865e-01 -1.146997020759386032e-01 -2.058120177748605784e-01
-1.200385788672463150e+00 -1.026544412865462164e+00 -6.012673948275732982e-01 -2.427470330459868819e-01 -2.047669183259586134e-01 8.842743956466847521e-02 3.937762567348386256e-01 4.375714113762114721e-01 1.298571327726563140e-01 3.053086265919091602e-01 8.066056785281148223e-01 -6.268577071085701391e-02 8.252765625860547516e-02 3.280735967836676537e-01 7.643900739813034306e-01 4.682825252000384353e-01 4.442147956572171097e-01 1.349071863636481794e-01 2.957131993304074058e-01 -2.026140931130271383e-01 -2.833291563870830032e-01 1.705200938729944937e-01 -3.696606357327141268e-01 -2.867722239768681902e-01 -2.292973260561552706e-01 -3.237449693491498692e-01 9.780766222763759288e-02 -4.369880955806593192e-02 1.108650266720019317e-01 1.866535351962284039e-02
-1.608265449956149951e+00 -4.109531146655740486e-01 -1.087259729596382840e+00 -4.281670815181541911e-01 -2.112578936352065284e-01 -3.211040006958683080e-01 3.763005333894398063e-01 2.461827659510618105e-02 2.957700666866003303e-01 3.087356534148284481e-01 8.074426711642672672e-01 3.624842939261725405e-01 3.868219187659178715e-01 -3.139934300668301148e-02 4.682825252000384353e-01 9.095191250603420485e-01 -5.574743754186783917e-02 2.081988129492344797e-01 6.679969683339948006e-01 -2.467541547738392183e-01 -3.649324702198555315e-01 7.026475645065488607e-02 -1.360867536170644598e-01 -1.351890510395605816e-01 -3.814301184947623824e-01 -4.956753422305837375e-02 2.262990344107720375e-01 -3.017759919105742483e-01 3.097047470072311626e-01 3.474502846979703463e-01
-9.826352236440811794e-01 -1.441833678510135996e+00 1.562669124681974608e-01 -1.977739157086944033e-01 -9.420637441326107364e-02 5.491946344468487951e-01 2.030687369726820179e-01 5.257992090743073277e-01 -1.946086687665911086e-01 1.710345379929094634e-01 4.684593284401898927e-01 -3.209703375662229519e-01 -5.613952527659193947e-02 6.041916411121519559e-01 4.442147956572171097e-01 -5.574743754186783917e-02 9.577012960486968041e-01 -1.083998054974131264e-01 1.270542416939690611e-01 -1.016780804138761596e-01 -9.313357606976069292e-02 5.770132855824670060e-01 -5.611136337052471390e-01 -4.837900827903922618e-01 -4.296010462894628290e-03 -4.344755197992640205e-01 -1.118386575319618714e-02 2.184211224191017209e-01 7.715582913237994944e-02 6.241007286604371984e-02
-7.026535254254895335e-02 1.025514119768331511e-01 -2.423273367712113213e-01 -8.030718020268068358e-02 -1.428857207270084473e-01 -1.792529885668727729e-01 8.067516024487986215e-02 -5.416762170682432043e-02 7.511339857353505067e-02 5.491741164877339543e-02 1.818511602238004343e-01 5.931586205872463324e-02 -9.474744094234210934e-03 7.250746963535448231e-02 1.349071863636481794e-01 2.081988129492344797e-01 -1.083998054974131264e-01 2.419924611214696597e-01 1.251918779055074538e-01 -1.472388259767853924e-01 -5.866797152862091025e-02 -9.920188441728328144e-02 5.290663621551061624e-02 1.532625461442194137e-02 -1.012246255931472660e-01 2.189720122180460748e-02 -2.393044744451344741e-03 -1.085098306137979307e-01 2.097861126264888298e-02 -4.401430867306999062e-02
-1.579041410238687604e+00 -4.916176218869736658e-01 -8.002213264568922568e-01 -4.309177259922876146e-01 -2.003138009601173053e-01 -2.013227369112371434e-01 2.817409913770347885e-01 -4.139067202106616605e-02 1.632149139329328591e-01 1.872135234249014957e-01 6.227146297841557043e-01 3.451473724549600774e-01 3.438122281519895296e-01 2.978378693092054164e-02 2.957131993304074058e-01 6.679969683339948006e-01 1.270542416939690611e-01 1.251918779055074538e-01 7.005908697910570027e-01 -2.321722172707154641e-01 -3.029266048687020429e-01 3.441393253732201174e-01 -1.763188112093700965e-01 -2.576609724470699803e-01 -2.968996500668481531e-01 -2.008611457054598759e-02 1.526695513821891836e-01 -2.186354931411926827e-01 3.823465097842984051e-01 4.801946694126968396e-01
3.917011166838619829e-01 7.208628962763441450e-02 2.506930545222303408e-01 1.377652226028658333e-01 2.601771392362479673e-01 2.574442010964048677e-01 -2.040180200131089805e-01 1.700129326046067035e-01 -2.774328093028088915e-02 -5.947622296110921525e-02 -2.950219971344267833e-01 -2.024298942194491246e-01 4.793217323549470166e-02 -2.629352884031845861e-01 -2.026140931130271383e-01 -2.467541547738392183e-01 -1.016780804138761596e-01 -1.472388259767853924e-01 -2.321722172707154641e-01 3.811304283521508296e-01 1.496846668810007941e-01 -1.359441090655764128e-01 8.853629461805212486e-02 7.658780205872517399e-02 1.657612514303536955e-01 -7.209639083401953030e-02 2.019859003564761224e-02 1.352050104125055441e-01 -2.402115979292034353e-01 -1.745832597288767829e-01
9.097420637879736205e-01 3.910080242861795341e-01 4.570458105469015209e-01 1.865396611576102259e-01 1.058135881710882131e-01 6.410784396337021462e-02 -2.168000215532970287e-01 -9.567907395853580965e-02 -1.336137486596271629e-01 -1.350918441116846225e-01 -4.359992410701920562e-01 -1.567698581366130384e-01 -1.598633415235326538e-01 -3.404008147151671437e-02 -2.833291563870830032e-01 -3.649324702198555315e-01 -9.313357606976069292e-02 -5.866797152862091025e-02 -3.029266048687020429e-01 1.496846668810007941e-01 2.490096523879401502e-01 -1.127788006787397990e-01 9.763452900966740344e-02 1.289717067297146968e-01 1.335089177522377213e-01 6.472040540705847889e-02 -1.002854383522162607e-01 6.260173072865882204e-02 -1.500098177288009538e-01 -1.664692409864301226e-01
-1.093558772130393208e+00 -8.141164703405081582e-01 1.959942765685696031e-02 -2.658560841098278615e-01 -1.223259511639298580e-01 2.175257498249152377e-01 1.359384569811368237e-01 9.262475151172111509e-02 -1.308829011412626642e-01 4.265437161791396647e-02 2.728041458119605522e-01 9.916789853093632701e-03 7.243399932892202742e-02 3.206818735117167307e-01 1.705200938729944937e-01 7.026475645065488607e-02 5.770132855824670060e-01 -9.920188441728328144e-02 3.441393253732201174e-01 -1.359441090655764128e-01 -1.127788006787397990e-01 6.782477113074776298e-01 -3.386160176225416762e-01 -4.190967138378596246e-01 -3.837537000325141889e-02 -1.329658322065938592e-01 -3.441820435165254821e-02 5.411171142026205416e-02 2.808445948355426935e-01 3.788164879908890725e-01
8.747850931405309893e-01 8.786001432751504581e-01 1.674222472714177457e-01 1.819539851467197877e-01 1.300015450709679499e-01 -2.214489402348363001e-01 -2.621196637279581410e-01 -3.082403329365774880e-01 5.708745520672664497e-02 -1.963626361373940199e-01 -4.531081615255061479e-01 9.809741948561168101e-02 -7.039700614149069224e-02 -3.155536264920897338e-01 -3.696606357327141268e-01 -1.360867536170644598e-01 -5.611136337052471390e-01 5.290663621551061624e-02 -1.763188112093700965e-01 8.853629461805212486e-02 9.763452900966740344e-02 -3.386160176225416762e-01 4.800900868265216559e-01 3.035669512590288832e-01 1.576692908005554727e-01 2.574313063162207982e-01 -1.120257599859542097e-02 -3.450728953424686551e-02 -1.966440359979060304e-01 -1.744039957835070709e-01
1.014559815475479354e+00 8.887292699480440206e-01 1.568324535704732625e-01 2.064519949561827161e-01 7.853920731645303022e-02 -2.431741130149021046e-01 -1.930762914344086312e-01 -2.712203484079509508e-01 3.653946793565410189e-02 -1.111719987813444277e-01 -4.341704292719441582e-01 3.061146169454787014e-02 -1.051964883694722630e-01 -2.276081748559022344e-01 -2.867722239768681902e-01 -1.351890510395605816e-01 -4.837900827903922618e-01 1.532625461442194137e-02 -2.576609724470699803e-01 7.658780205872517399e-02 1.289717067297146968e-01 -4.190967138378596246e-01 3.035669512590288832e-01 3.820186428485499164e-01 7.232197415476093738e-02 2.237586832723650332e-01 -2.278058222316303727e-02 -7.194216455383184439e-02 -1.543932948214887801e-01 -1.975732378274983603e-01
5.807125600609310823e-01 3.585443018948808458e-03 6.987964229455201348e-01 1.392866488395156921e-01 1.549249914708639153e-01 2.982252321293685782e-01 -2.777013211087364652e-01 8.226791991205573140e-02 -1.074750248025111432e-01 -1.533968264782856750e-01 -3.178412557514320724e-01 -2.572919489206242361e-01 -2.689424015551935554e-01 1.280959825185163936e-01 -2.292973260561552706e-01 -3.814301184947623824e-01 -4.296010462894628290e-03 -1.012246255931472660e-01 -2.968996500668481531e-01 1.657612514303536955e-01 1.335089177522377213e-01 -3.837537000325141889e-02 1.576692908005554727e-01 7.232197415476093738e-02 4.057913238476089646e-01 -2.324221745919885507e-02 -1.515486495979416759e-01 2.909553521973293755e-01 -3.469248071268680178e-01 -3.560153739002203110e-01
5.752616695256733692e-01 9.521690063696723882e-01 5.536280582873587264e-03 1.222784569464465676e-01 4.820023668372641623e-02 -4.182138939674473477e-01 -1.305233968423067381e-01 -5.375981296553504762e-01 1.609700429582971992e-03 -1.823543747524922765e-01 -4.912714383080469815e-01 3.240696395691884391e-01 6.525433432045701920e-03 -2.802165830736385033e-01 -3.237449693491498692e-01 -4.956753422305837375e-02 -4.344755197992640205e-01 2.189720122180460748e-02 -2.008611457054598759e-02 -7.209639083401953030e-02 6.472040540705847889e-02 -1.329658322065938592e-01 2.574313063162207982e-01 2.237586832723650332e-01 -2.324221745919885507e-02 4.157553997743548280e-01 -8.873438372904729476e-02 -1.653257091249429322e-01 1.421017431927111829e-01 1.891012408224241881e-01
-3.435884278513867685e-01 -2.004162810269463080e-01 -4.584796104414863294e-01 -9.720661617984660552e-02 -4.765972082503822094e-02 1.735247276553764095e-02 6.545049181028161911e-02 1.469449505224247332e-01 1.425903750488259902e-01 9.110186860846170021e-02 2.637716276068431398e-01 2.240010824476712514e-02 1.658319948353437212e-01 -9.052474115389941289e-02 9.780766222763759288e-02 2.262990344107720375e-01 -1.118386575319618714e-02 -2.393044744451344741e-03 1.526695513821891836e-01 2.019859003564761224e-02 -1.002854383522162607e-01 -3.441820435165254821e-02 -1.120257599859542097e-02 -2.278058222316303727e-02 -1.515486495979416759e-01 -8.873438372904729476e-02 2.585881212355616299e-01 -7.459115387268866471e-02 1.880620846600322693e-02 4.520053977483939889e-02
1.896548545027485488e-01 -4.481703591673067422e-01 4.449548906109157542e-01 7.852921112367994283e-02 5.780466870231748544e-02 4.328013798110532662e-01 -1.486495718537526045e-01 3.151775791266118176e-01 -4.113427170801742250e-02 -6.228471506750565823e-02 -2.219728638226570183e-02 -2.957601341661870720e-01 -2.266584850836466103e-01 2.198602028998379865e-01 -4.369880955806593192e-02 -3.017759919105742483e-01 2.184211224191017209e-01 -1.085098306137979307e-01 -2.186354931411926827e-01 1.352050104125055441e-01 6.260173072865882204e-02 5.411171142026205416e-02 -3.450728953424686551e-02 -7.194216455383184439e-02 2.909553521973293755e-01 -1.653257091249429322e-01 -7.459115387268866471e-02 3.447537146493004911e-01 -2.762682930264759307e-01 -3.047220388930895751e-01
-7.532387089681265024e-01 1.119531662835129282e-01 -4.930569065265899553e-01 -1.734669433656108595e-01 -1.247301950629093881e-01 -3.761506577732802725e-01 2.522841641526269996e-01 -3.597173335572279029e-01 -1.849194569911105646e-02 5.310455677994241341e-02 9.151560318360907331e-02 4.540104694485762593e-01 2.716147864739468787e-01 -1.146997020759386032e-01 1.108650266720019317e-01 3.097047470072311626e-01 7.715582913237994944e-02 2.097861126264888298e-02 3.823465097842984051e-01 -2.402115979292034353e-01 -1.500098177288009538e-01 2.808445948355426935e-01 -1.966440359979060304e-01 -1.543932948214887801e-01 -3.469248071268680178e-01 1.421017431927111829e-01 1.880620846600322693e-02 -2.762682930264759307e-01 6.132765973740674781e-01 5.874427048461257073e-01
-9.719659976200318852e-01 1.453619268950774313e-01 -5.917132565339784378e-01 -2.413619528039134821e-01 -7.378147012968838681e-02 -3.235724836303006668e-01 2.188963967331574167e-01 -3.664844984996307176e-01 -4.673230844622366931e-02 5.885322294773231988e-02 1.074903591586462426e-02 4.363783755972008294e-01 3.898539850691236097e-01 -2.058120177748605784e-01 1.866535351962284039e-02 3.474502846979703463e-01 6.241007286604371984e-02 -4.401430867306999062e-02 4.801946694126968396e-01 -1.745832597288767829e-01 -1.664692409864301226e-01 3.788164879908890725e-01 -1.744039957835070709e-01 -1.975732378274983603e-01 -3.560153739002203110e-01 1.891012408224241881e-01 4.520053977483939889e-02 -3.047220388930895751e-01 5.874427048461257073e-01 8.698308082330186153e-01
