4.762911270186577894e+00 3.104570538527525514e+00 1.417758965424354756e+00 1.019166333443422445e+00 -1.022988814577843186e-01 -2.541915147447753043e-01 -7.878171417517023656e-01 -1.046567966757265822e+00 2.587935211730041374e-01 -6.071784207449582027e-01 -1.795296000992436802e+00 3.468233823692798978e-01 -8.568730088153984070e-01 -9.052708362406747256e-02 -8.791623966020551961e-01 -1.455338356815332190e+00 -3.046558901741605041e-01 -2.054052528702072777e-01 -1.574733328044430891e+00 9.462716196958922410e-01 2.315278920682999342e-01 -1.203236605869449249e+00 8.164034810711768841e-01 2.022081014230820983e-01 5.169879624715463251e-01 1.911364962512607235e-02 -3.407056605509524161e-01 1.861108972949523377e-01 -1.547013729908883306e+00 -7.776482542669782561e-01
3.104570538527525514e+00 3.448140903484215869e+00 1.008454764705163598e+00 6.089666589245439354e-01 -2.586643535281041295e-01 -7.569193733583006178e-01 -5.064742966799826718e-01 -1.454240128082858519e+00 1.701733517955972275e-01 -4.763946623875199293e-01 -1.616482881267302218e+00 5.425168946148346549e-01 -3.514784726729089925e-01 -2.727716283321228730e-01 -6.399666807502626398e-01 -8.365690817060453810e-01 -2.479193376293551410e-01 1.525183670480600995e-02 -8.556218489631817192e-01 7.632822805641694686e-01 1.697428446943263225e-01 -8.324197614242052623e-01 6.807550920343032885e-01 8.511389315827955215e-02 2.876404913293413301e-01 6.003301995457377416e-02 -3.149998872090691293e-01 -1.422194773853675542e-01 -1.102134020727135066e+00 -2.793665367836979385e-01
1.417758965424354756e+00 1.008454764705163598e+00 3.088776066899299622e+00 1.947859931854054594e-01 4.343941347144664178e-01 2.701835326368495771e-01 -3.798960520339278446e-01 -4.231219900592009253e-01 -9.306637081767235031e-01 -2.294327689247097624e-01 -1.172207068786860873e+00 -5.674700044428391266e-01 -8.605866458215700732e-01 9.118362307648339993e-01 -5.604889949301536944e-01 -1.191952307205156103e+00 8.773006700457131046e-01 -6.505296521602872417e-01 -8.650592888815253900e-01 6.516161041348027538e-01 1.860227580003765979e-01 2.034037220469144813e-01 -2.040272900115951416e-01 -1.935269359267408618e-01 9.071383020452117307e-01 -7.029465465006410341e-01 -9.260593308630404863e-02 8.038407391699138316e-01 -1.381298828697026693e+00 -5.496975351870787563e-01
1.019166333443422445e+00 6.089666589245439354e-01 1.947859931854054594e-01 4.332635941560738502e-01 3.162722822514751897e-02 -7.758442189538072853e-02 -1.487733248729909974e-01 -1.502579706951792105e-01 1.952789645594634749e-01 -1.675192618273513290e-01 -3.396738630507911694e-01 1.611100290716649397e-01 -1.575171116866158627e-01 -1.800235355548238658e-01 -1.543272513910096677e-01 -3.672586989372916833e-01 -1.710713321152184108e-01 -8.573352238704501360e-02 -4.156531086895824956e-01 2.046923920730705504e-01 1.762627421385332127e-02 -3.147980708877753386e-01 2.056913587124427067e-01 6.108166249407531723e-02 9.153848111066054116e-02 5.754575425436314617e-02 -1.291757881626836024e-01 2.754999279039793691e-02 -2.674968036115501491e-01 -1.830624275910395227e-01
-1.022988814577843186e-01 -2.586643535281041295e-01 4.343941347144664178e-01 3.162722822514751897e-02 6.943161970688720430e-01 2.381845929654673455e-01 -1.563198447481113362e-01 1.340896224227208222e-01 -3.171725322034149031e-01 5.268812167844316718e-02 -3.799428698981159869e-01 -5.987501308510445597e-02 8.419030854668108077e-02 -5.639425509372131273e-02 1.626785784264939139e-02 -2.313045037723782116e-01 2.050924591024454458e-01 -2.370896998523335242e-01 -2.110059571730857897e-01 3.627013246912156319e-01 -5.052393642631614057e-02 3.349730612683288200e-02 -6.864915652681702340e-02 -1.109376797546701710e-01 2.466120183368616381e-01 -2.204338612642686712e-01 9.575581916715236730e-02 2.523142748630107235e-01 -4.121145003744004498e-01 -9.003412789070353028e-03
-2.541915147447753043e-01 -7.569193733583006178e-01 2.701835326368495771e-01 -7.758442189538072853e-02 2.381845929654673455e-01 6.974733808368114296e-01 -7.525598420141932365e-02 4.928033999789818154e-01 -1.956959337044281710e-01 9.546986456030026602e-02 1.046694672254488978e-02 -4.365152201373234675e-01 -1.472018764007430036e-01 2.567272329185357194e-01 -9.630616286614213095e-02 -2.212206526543241125e-01 2.005763647875369315e-01 -2.523718409573803001e-01 -1.380102961171303377e-01 5.598375013846634829e-02 1.899399661891720825e-02 2.206711202089763901e-01 -1.842142418884122890e-01 -1.426435517538493514e-02 2.325367004160057149e-01 -1.793686508785299338e-01 1.156227596151211401e-01 3.647879049689777275e-01 -1.342395665632807322e-01 -1.071201390559508582e-01
-7.878171417517023656e-01 -5.064742966799826718e-01 -3.798960520339278446e-01 -1.487733248729909974e-01 -1.563198447481113362e-01 -7.525598420141932365e-02 3.610228368060575121e-01 1.789087635776809293e-01 -5.667346947518581146e-02 1.445640316855474339e-01 4.781469967497855578e-01 -1.359603427101774287e-02 1.363342446862247925e-01 2.770526906579107163e-02 3.020754261243610017e-01 3.257984337756170135e-01 3.170282145492819836e-02 1.113625739064332265e-01 2.712169158504025290e-01 -3.269602955381287757e-01 -4.756358159573892408e-02 1.416978317382699970e-01 -2.126582311585138996e-01 4.572911340517293866e-03 -2.722857988850364563e-01 1.946954120262489596e-02 2.186956991374700010e-02 -1.717578578962388747e-01 4.664797522293042675e-01 1.331047623262975321e-01
-1.046567966757265822e+00 -1.454240128082858519e+00 -4.231219900592009253e-01 -1.502579706951792105e-01 1.340896224227208222e-01 4.928033999789818154e-01 1.789087635776809293e-01 9.346468189541496940e-01 1.894689486113065868e-02 2.598838659382067817e-01 6.918628096614156675e-01 -4.342859695157699207e-01 1.585116092450107317e-01 -5.175598228504441067e-02 2.959425309169319007e-01 2.732374224624436465e-01 -1.034726846934859168e-01 -3.085916224335960578e-02 1.356604959490255169e-01 -1.862832742692148713e-01 -1.144586735222219431e-01 9.344558837415206654e-02 -1.843192800153019562e-01 7.528473283235825875e-02 -5.967733107388539793e-02 -3.893743015214568004e-02 1.882377654698643710e-01 1.568552296000689239e-01 2.584097155620384001e-01 -6.848999703208846768e-02
2.587935211730041374e-01 1.701733517955972275e-01 -9.306637081767235031e-01 1.952789645594634749e-01 -3.171725322034149031e-01 -1.956959337044281710e-01 -5.667346947518581146e-02 1.894689486113065868e-02 6.903538975709011538e-01 -8.268706875395537281e-02 3.202636576601776142e-01 2.635836599043841488e-01 1.394052239672873839e-01 -4.684895886287563371e-01 -6.350788643328542094e-02 1.866826508002077389e-01 -5.737169511859860904e-01 2.424097977843189256e-01 6.379060423091686971e-02 -1.273480303221390386e-01 -1.131554811854584841e-02 -3.167072761597751196e-01 3.527797168002848593e-01 1.658670354240143752e-01 -1.625689084081045621e-01 3.706808905336629323e-01 -1.152004967785842382e-01 -2.253151508023165661e-01 2.538826540416607713e-01 -4.583103625475359877e-02
-6.071784207449582027e-01 -4.763946623875199293e-01 -2.294327689247097624e-01 -1.675192618273513290e-01 5.268812167844316718e-02 9.546986456030026602e-02 1.445640316855474339e-01 2.598838659382067817e-01 -8.268706875395537281e-02 2.540580423117262399e-01 2.401541234155502025e-01 -2.095660480872538756e-01 1.081551061457730611e-01 8.034248440367264266e-02 2.163614304777752295e-01 2.549640934265084979e-01 4.386457492279305370e-02 6.073291724487717147e-02 1.462692755137595668e-01 -1.350623900054301885e-01 -3.289099087669455912e-02 3.534844067900166920e-02 -1.540371997440956875e-01 4.810189711122347944e-02 -1.269573323028794221e-01 -5.886101683000788398e-02 1.025642028897095770e-01 -4.170435095846869444e-02 1.474220331910487403e-01 3.134640221873041810e-02
-1.795296000992436802e+00 -1.616482881267302218e+00 -1.172207068786860873e+00 -3.396738630507911694e-01 -3.799428698981159869e-01 1.046694672254488978e-02 4.781469967497855578e-01 6.918628096614156675e-01 3.202636576601776142e-01 2.401541234155502025e-01 1.508994059330916571e+00 -1.155132285342688192e-01 3.635515700750602264e-01 -2.080665477056982127e-01 4.260066675377061074e-01 8.137406056979443747e-01 -3.252589168104123019e-01 3.437377351917803026e-01 6.828909954142545757e-01 -6.938202661897321377e-01 -1.008162949303255118e-01 2.049844981670503330e-01 -1.425317576338329673e-01 8.764885675174127755e-02 -4.115251854045141044e-01 2.398260411601995656e-01 7.426619154574609638e-02 -2.369733038692629634e-01 9.254202005687943711e-01 1.261463018515200929e-01
3.468233823692798978e-01 5.425168946148346549e-01 -5.674700044428391266e-01 1.611100290716649397e-01 -5.987501308510445597e-02 -4.365152201373234675e-01 -1.359603427101774287e-02 -4.342859695157699207e-01 2.635836599043841488e-01 -2.095660480872538756e-01 -1.155132285342688192e-01 6.687031052281326993e-01 1.687872480300143252e-01 -3.774704786872007389e-01 -3.143912428294015626e-02 5.305676208524801041e-02 -2.246338113262709157e-01 1.363850961143384666e-01 6.516133492385733916e-02 -6.127233889571925829e-03 -1.394334179235556803e-02 -1.435532678615345503e-01 2.152133122562531753e-01 -3.268178378283437269e-02 -1.552035795703545773e-01 2.488964017243233684e-01 -1.692496219133658997e-01 -2.730196293720723588e-01 2.112791255024148995e-01 1.826274286589182339e-01
-8.568730088153984070e-01 -3.514784726729089925e-01 -8.605866458215700732e-01 -1.575171116866158627e-01 8.419030854668108077e-02 -1.472018764007430036e-01 1.363342446862247925e-01 1.585116092450107317e-01 1.394052239672873839e-01 1.081551061457730611e-01 3.635515700750602264e-01 1.687872480300143252e-01 6.100915139629705664e-01 -5.515600823998738633e-01 2.545484176262107212e-01 3.671343718837647430e-01 -1.873355424476699227e-01 1.290339724258160459e-01 3.203352746468510759e-01 -3.545916827175688013e-02 -7.888197867572444011e-02 3.479070789441607303e-02 -2.267241001612774198e-02 -1.082175633320048291e-02 -2.931947157363765655e-01 1.247134004973986521e-01 1.149246418526672642e-01 -2.692563815991206866e-01 4.175379827581764403e-01 2.907923325203114473e-01
-9.052708362406747256e-02 -2.727716283321228730e-01 9.118362307648339993e-01 -1.800235355548238658e-01 -5.639425509372131273e-02 2.567272329185357194e-01 2.770526906579107163e-02 -5.175598228504441067e-02 -4.684895886287563371e-01 8.034248440367264266e-02 -2.080665477056982127e-01 -3.774704786872007389e-01 -5.515600823998738633e-01 9.929470001895310816e-01 -1.040969026628317806e-01 -1.088161363124413583e-01 5.766207005817136633e-01 -1.328270122388062191e-01 1.697363560157327811e-02 -2.125494328103627595e-01 8.759957790823591495e-02 3.601288007308198758e-01 -3.336619986566802254e-01 -6.684122133060554916e-02 1.898182198425502065e-01 -2.694534814466464923e-01 2.014095688991801580e-03 2.559584966305692433e-01 -1.649144556259329875e-01 -1.084511403195733692e-01
-8.791623966020551961e-01 -6.399666807502626398e-01 -5.604889949301536944e-01 -1.543272513910096677e-01 1.626785784264939139e-02 -9.630616286614213095e-02 3.020754261243610017e-01 2.959425309169319007e-01 -6.350788643328542094e-02 2.163614304777752295e-01 4.260066675377061074e-01 -3.143912428294015626e-02 2.545484176262107212e-01 -1.040969026628317806e-01 5.457357086484648789e-01 4.344249165518476730e-01 -3.657724483809943195e-02 1.495731800254702648e-01 2.683788572001049033e-01 -2.520431588603742057e-01 -1.409052756898176995e-01 4.794646726378459789e-02 -1.609329411983253522e-01 2.492696475314915006e-03 -2.923855460741151546e-01 3.318214787083206829e-02 6.177332907782329130e-02 -1.978612466725735430e-01 4.222174025375124984e-01 1.330727013236128187e-01
-1.455338356815332190e+00 -8.365690817060453810e-01 -1.191952307205156103e+00 -3.672586989372916833e-01 -2.313045037723782116e-01 -2.212206526543241125e-01 3.257984337756170135e-01 2.732374224624436465e-01 1.866826508002077389e-01 2.549640934265084979e-01 8.137406056979443747e-01 5.305676208524801041e-02 3.671343718837647430e-01 -1.088161363124413583e-01 4.344249165518476730e-01 9.253780465370766706e-01 -2.570557039098844143e-01 4.172753113316218787e-01 6.994806417519043862e-01 -4.726597645359049693e-01 -1.284112889363768772e-01 4.563683897933401568e-02 -5.376259109337411246e-02 6.222079506960653816e-02 -4.393532309838974470e-01 2.146667506733592745e-01 1.433035097982156003e-01 -3.564414984566610656e-01 6.585231101923909591e-01 2.446194560677668051e-01
-3.046558901741605041e-01 -2.479193376293551410e-01 8.773006700457131046e-01 -1.710713321152184108e-01 2.050924591024454458e-01 2.005763647875369315e-01 3.170282145492819836e-02 -1.034726846934859168e-01 -5.737169511859860904e-01 4.386457492279305370e-02 -3.252589168104123019e-01 -2.246338113262709157e-01 -1.873355424476699227e-01 5.766207005817136633e-01 -3.657724483809943195e-02 -2.570557039098844143e-01 7.192074033895892171e-01 -2.804418705929947464e-01 7.735740085621500839e-03 -1.188437927498853242e-02 9.028455331770146586e-02 5.058889095708707373e-01 -4.392984400150226065e-01 -1.841563219402360119e-01 1.317359808435867308e-01 -3.227932280972822809e-01 2.584281494756623943e-02 1.991904912295012764e-01 -5.029330355563388366e-02 1.055220264782406048e-01
-2.054052528702072777e-01 1.525183670480600995e-02 -6.505296521602872417e-01 -8.573352238704501360e-02 -2.370896998523335242e-01 -2.523718409573803001e-01 1.113625739064332265e-01 -3.085916224335960578e-02 2.424097977843189256e-01 6.073291724487717147e-02 3.437377351917803026e-01 1.363850961143384666e-01 1.290339724258160459e-01 -1.328270122388062191e-01 1.495731800254702648e-01 4.172753113316218787e-01 -2.804418705929947464e-01 4.276385270714797571e-01 2.597803767911273098e-01 -2.289931364638846389e-01 -3.455534266288395884e-02 -2.249852265623815128e-01 1.763166911460416486e-01 4.754263062022801023e-02 -2.159639770756882626e-01 1.808367545262399290e-01 -3.970501996104758291e-02 -2.460977977971765540e-01 1.940679738391395404e-01 -2.638681936991815746e-02
-1.574733328044430891e+00 -8.556218489631817192e-01 -8.650592888815253900e-01 -4.156531086895824956e-01 -2.110059571730857897e-01 -1.380102961171303377e-01 2.712169158504025290e-01 1.356604959490255169e-01 6.379060423091686971e-02 1.462692755137595668e-01 6.828909954142545757e-01 6.516133492385733916e-02 3.203352746468510759e-01 1.697363560157327811e-02 2.683788572001049033e-01 6.994806417519043862e-01 7.735740085621500839e-03 2.597803767911273098e-01 7.731866839686745152e-01 -4.475121510285759996e-01 -5.875162839191716557e-02 3.839933705550038212e-01 -1.804809345022135858e-01 -6.221574888360237310e-02 -3.384559095916301885e-01 1.399105405850207262e-01 1.096783932878224732e-01 -2.656393631919513609e-01 7.114495673745011572e-01 3.572478666774827616e-01
9.462716196958922410e-01 7.632822805641694686e-01 6.516161041348027538e-01 2.046923920730705504e-01 3.627013246912156319e-01 5.598375013846634829e-02 -3.269602955381287757e-01 -1.862832742692148713e-01 -1.273480303221390386e-01 -1.350623900054301885e-01 -6.938202661897321377e-01 -6.127233889571925829e-03 -3.545916827175688013e-02 -2.125494328103627595e-01 -2.520431588603742057e-01 -4.726597645359049693e-01 -1.188437927498853242e-02 -2.289931364638846389e-01 -4.475121510285759996e-01 6.323429521580692381e-01 3.842109145364247524e-02 -2.163898555276944080e-01 1.374660069868127721e-01 -2.273553334168809670e-02 2.891509545102053380e-01 -1.604397584637240470e-01 1.566298379071895397e-02 1.939289485514450462e-01 -6.308146339879954212e-01 -1.244369547729320402e-01
2.315278920682999342e-01 1.697428446943263225e-01 1.860227580003765979e-01 1.762627421385332127e-02 -5.052393642631614057e-02 1.899399661891720825e-02 -4.756358159573892408e-02 -1.144586735222219431e-01 -1.131554811854584841e-02 -3.289099087669455912e-02 -1.008162949303255118e-01 -1.394334179235556803e-02 -7.888197867572444011e-02 8.759957790823591495e-02 -1.409052756898176995e-01 -1.284112889363768772e-01 9.028455331770146586e-02 -3.455534266288395884e-02 -5.875162839191716557e-02 3.842109145364247524e-02 9.870329145377354507e-02 4.625606633015877378e-02 -3.710624203915813268e-02 -8.856330266041823052e-03 3.587735327454311118e-02 -3.130329941211584810e-02 -5.840905962190845457e-02 1.521161585799291061e-02 -5.184030407804129936e-02 -3.573454567435874196e-02
-1.203236605869449249e+00 -8.324197614242052623e-01 2.034037220469144813e-01 -3.147980708877753386e-01 3.349730612683288200e-02 2.206711202089763901e-01 1.416978317382699970e-01 9.344558837415206654e-02 -3.167072761597751196e-01 3.534844067900166920e-02 2.049844981670503330e-01 -1.435532678615345503e-01 3.479070789441607303e-02 3.601288007308198758e-01 4.794646726378459789e-02 4.563683897933401568e-02 5.058889095708707373e-01 -2.249852265623815128e-01 3.839933705550038212e-01 -2.163898555276944080e-01 4.625606633015877378e-02 8.046774996971635119e-01 -4.523205792463045327e-01 -2.057977678101678976e-01 -3.817442026218031970e-03 -1.453917904387935778e-01 4.426826781633508290e-02 7.570771868569181606e-02 4.485768102628355791e-01 3.284982703362970824e-01
8.164034810711768841e-01 6.807550920343032885e-01 -2.040272900115951416e-01 2.056913587124427067e-01 -6.864915652681702340e-02 -1.842142418884122890e-01 -2.126582311585138996e-01 -1.843192800153019562e-01 3.527797168002848593e-01 -1.540371997440956875e-01 -1.425317576338329673e-01 2.152133122562531753e-01 -2.267241001612774198e-02 -3.336619986566802254e-01 -1.609329411983253522e-01 -5.376259109337411246e-02 -4.392984400150226065e-01 1.763166911460416486e-01 -1.804809345022135858e-01 1.374660069868127721e-01 -3.710624203915813268e-02 -4.523205792463045327e-01 4.994470539411395293e-01 8.215269397817337449e-02 1.011663113065424113e-01 1.913633770987530625e-01 -4.858750232830288951e-02 -4.732970958019677710e-02 -3.405704195819794222e-01 -1.915945539695940170e-01
2.022081014230820983e-01 8.511389315827955215e-02 -1.935269359267408618e-01 6.108166249407531723e-02 -1.109376797546701710e-01 -1.426435517538493514e-02 4.572911340517293866e-03 7.528473283235825875e-02 1.658670354240143752e-01 4.810189711122347944e-02 8.764885675174127755e-02 -3.268178378283437269e-02 -1.082175633320048291e-02 -6.684122133060554916e-02 2.492696475314915006e-03 6.222079506960653816e-02 -1.841563219402360119e-01 4.754263062022801023e-02 -6.221574888360237310e-02 -2.273553334168809670e-02 -8.856330266041823052e-03 -2.057977678101678976e-01 8.215269397817337449e-02 1.511969022390076134e-01 -4.665521323994425984e-02 7.108273478439741666e-02 -1.213898316967743085e-02 -5.269463820491182560e-02 -1.661141557212886255e-02 -1.056307692041968949e-01
5.169879624715463251e-01 2.876404913293413301e-01 9.071383020452117307e-01 9.153848111066054116e-02 2.466120183368616381e-01 2.325367004160057149e-01 -2.722857988850364563e-01 -5.967733107388539793e-02 -1.625689084081045621e-01 -1.269573323028794221e-01 -4.115251854045141044e-01 -1.552035795703545773e-01 -2.931947157363765655e-01 1.898182198425502065e-01 -2.923855460741151546e-01 -4.393532309838974470e-01 1.317359808435867308e-01 -2.159639770756882626e-01 -3.384559095916301885e-01 2.891509545102053380e-01 3.587735327454311118e-02 -3.817442026218031970e-03 1.011663113065424113e-01 -4.665521323994425984e-02 4.825377011386251525e-01 -1.704063202117254150e-01 -7.792083047570486087e-02 3.830005971809669063e-01 -6.045153537740475258e-01 -2.248538173233782800e-01
1.911364962512607235e-02 6.003301995457377416e-02 -7.029465465006410341e-01 5.754575425436314617e-02 -2.204338612642686712e-01 -1.793686508785299338e-01 1.946954120262489596e-02 -3.893743015214568004e-02 3.706808905336629323e-01 -5.886101683000788398e-02 2.398260411601995656e-01 2.488964017243233684e-01 1.247134004973986521e-01 -2.694534814466464923e-01 3.318214787083206829e-02 2.146667506733592745e-01 -3.227932280972822809e-01 1.808367545262399290e-01 1.399105405850207262e-01 -1.604397584637240470e-01 -3.130329941211584810e-02 -1.453917904387935778e-01 1.913633770987530625e-01 7.108273478439741666e-02 -1.704063202117254150e-01 2.815217200391657570e-01 -5.565196955660667300e-02 -2.007609489108972411e-01 2.393121894900787083e-01 6.459183866746798230e-02
-3.407056605509524161e-01 -3.149998872090691293e-01 -9.260593308630404863e-02 -1.291757881626836024e-01 9.575581916715236730e-02 1.156227596151211401e-01 2.186956991374700010e-02 1.882377654698643710e-01 -1.152004967785842382e-01 1.025642028897095770e-01 7.426619154574609638e-02 -1.692496219133658997e-01 1.149246418526672642e-01 2.014095688991801580e-03 6.177332907782329130e-02 1.433035097982156003e-01 2.584281494756623943e-02 -3.970501996104758291e-02 1.096783932878224732e-01 1.566298379071895397e-02 -5.840905962190845457e-02 4.426826781633508290e-02 -4.858750232830288951e-02 -1.213898316967743085e-02 -7.792083047570486087e-02 -5.565196955660667300e-02 2.685450052631495055e-01 1.119294594127495657e-02 1.745977518976360443e-02 4.136858628186246278e-02
1.861108972949523377e-01 -1.422194773853675542e-01 8.038407391699138316e-01 2.754999279039793691e-02 2.523142748630107235e-01 3.647879049689777275e-01 -1.717578578962388747e-01 1.568552296000689239e-01 -2.253151508023165661e-01 -4.170435095846869444e-02 -2.369733038692629634e-01 -2.730196293720723588e-01 -2.692563815991206866e-01 2.559584966305692433e-01 -1.978612466725735430e-01 -3.564414984566610656e-01 1.991904912295012764e-01 -2.460977977971765540e-01 -2.656393631919513609e-01 1.939289485514450462e-01 1.521161585799291061e-02 7.570771868569181606e-02 -4.732970958019677710e-02 -5.269463820491182560e-02 3.830005971809669063e-01 -2.007609489108972411e-01 1.119294594127495657e-02 4.324300948375139342e-01 -4.309641728033284380e-01 -2.000450910153972472e-01
-1.547013729908883306e+00 -1.102134020727135066e+00 -1.381298828697026693e+00 -2.674968036115501491e-01 -4.121145003744004498e-01 -1.342395665632807322e-01 4.664797522293042675e-01 2.584097155620384001e-01 2.538826540416607713e-01 1.474220331910487403e-01 9.254202005687943711e-01 2.112791255024148995e-01 4.175379827581764403e-01 -1.649144556259329875e-01 4.222174025375124984e-01 6.585231101923909591e-01 -5.029330355563388366e-02 1.940679738391395404e-01 7.114495673745011572e-01 -6.308146339879954212e-01 -5.184030407804129936e-02 4.485768102628355791e-01 -3.405704195819794222e-01 -1.661141557212886255e-02 -6.045153537740475258e-01 2.393121894900787083e-01 1.745977518976360443e-02 -4.309641728033284380e-01 1.277699162073190564e+00 4.850826524291278474e-01
-7.776482542669782561e-01 -2.793665367836979385e-01 -5.496975351870787563e-01 -1.830624275910395227e-01 -9.003412789070353028e-03 -1.071201390559508582e-01 1.331047623262975321e-01 -6.848999703208846768e-02 -4.583103625475359877e-02 3.134640221873041810e-02 1.261463018515200929e-01 1.826274286589182339e-01 2.907923325203114473e-01 -1.084511403195733692e-01 1.330727013236128187e-01 2.446194560677668051e-01 1.055220264782406048e-01 -2.638681936991815746e-02 3.572478666774827616e-01 -1.244369547729320402e-01 -3.573454567435874196e-02 3.284982703362970824e-01 -1.915945539695940170e-01 -1.056307692041968949e-01 -2.248538173233782800e-01 6.459183866746798230e-02 4.136858628186246278e-02 -2.000450910153972472e-01 4.850826524291278474e-01 5.133324038170599124e-01
