4.853451843515017572e+00 3.266289094921091873e+00 1.245617552135570349e+00 1.001716672173074585e+00 -8.192587833622155813e-02 -1.374473614255862230e-01 -8.765312361721271373e-01 -8.855415592712461148e-01 7.475244746559610576e-01 -6.206469361416111497e-01 -1.415104682952119219e+00 6.565116557612782344e-01 -8.562942055279449960e-01 2.309027018782217056e-02 -7.521311523594818027e-01 -1.350865732696092891e+00 -3.686042319009175117e-02 -4.126770040604696987e-01 -1.490714949720711502e+00 9.888889533186215886e-01 -1.875066601215849005e-01 -1.196727420393585817e+00 5.484589951758493953e-01 -1.803758733763629607e-01 4.467645607819576981e-01 -4.002392970300547859e-01 -2.990216804578267329e-01 8.984583983266247742e-02 -2.007054654453213516e+00 -6.804941508862611954e-01
3.266289094921091873e+00 3.692233452993832543e+00 1.307875191341565824e+00 5.663598410666850214e-01 -1.132371732084607174e-01 -5.376973955886228396e-01 -6.434465398390898372e-01 -1.286049648146786240e+00 4.586935706188910444e-01 -5.005953496624897525e-01 -1.355593001836325584e+00 6.487183575250696776e-01 -5.275782227441823125e-01 1.246359938019168112e-01 -5.363324890098510878e-01 -9.494304517328373549e-01 2.859294434800858653e-01 -3.462772907314501936e-01 -8.988032352825143789e-01 8.049957921129475835e-01 -1.126461775133407173e-01 -6.607076436348222614e-01 1.740710243317380446e-01 -2.989012541994497951e-01 3.712356260551246123e-01 -6.021137267239282664e-01 -2.479288696265484759e-01 -2.332360194901639261e-02 -1.724871170022822753e+00 -3.355030913754148969e-01
1.245617552135570349e+00 1.307875191341565824e+00 3.140489192913378247e+00 1.455465291481914392e-01 5.842889478818733551e-01 3.163917694469091657e-01 -4.127667138492370213e-01 -4.028408012127897564e-01 -6.797188692288500533e-01 -2.337933595563868039e-01 -9.404443592886764236e-01 -4.025005502392673407e-01 -8.425688965894551075e-01 1.068379754250429414e+00 -6.061096078492482775e-01 -1.081726922785605893e+00 1.017169366858752255e+00 -9.421669286550695688e-01 -7.669948160349520094e-01 6.359757729748594102e-01 -8.861901090278934134e-02 2.667283201537316017e-01 -5.096932246299843428e-01 -3.576518717432577432e-01 8.731622108930991999e-01 -1.036257177229515491e+00 7.949691919350243552e-02 8.067952122984252128e-01 -1.724451948749845087e+00 -4.596106248505407166e-01
1.001716672173074585e+00 5.663598410666850214e-01 1.455465291481914392e-01 4.319927999925994300e-01 1.335646486370478669e-02 -5.748907713444850742e-02 -1.574963079035569535e-01 -8.774567542172917456e-02 2.775698291146682095e-01 -1.626681674253518395e-01 -2.328395991891625272e-01 2.077847769669460831e-01 -1.592018356151925218e-01 -1.533699568655038092e-01 -1.051784486950282371e-01 -3.523714234905810372e-01 -1.326833520623154072e-01 -1.173335771459278476e-01 -4.033531444390519027e-01 2.216520166919622170e-01 -6.612220748621666644e-02 -3.108423748761310890e-01 1.673211266882503878e-01 -1.588933893685862131e-03 8.740219607858534800e-02 -1.714018092877722665e-02 -1.156269614235725385e-01 2.482169417754676033e-02 -3.449105922005060165e-01 -1.675618649102261770e-01
-8.192587833622155813e-02 -1.132371732084607174e-01 5.842889478818733551e-01 1.335646486370478669e-02 7.743815012877348636e-01 2.014539615179273824e-01 -1.642678819065963580e-01 7.859551299162603755e-02 -3.874604472436544711e-01 6.262955982049334125e-02 -4.584826298355437757e-01 -2.933619253064989607e-02 4.433268250056698889e-02 3.583695700297084841e-02 -1.003335546710104609e-02 -2.710065892622992578e-01 2.499644889064711606e-01 -3.142255606146591163e-01 -2.268548405859860395e-01 3.851870032513033948e-01 -1.230197818612737137e-01 6.424966433985446201e-02 -1.319837641649996840e-01 -1.334512849344946517e-01 2.787125833791606055e-01 -2.920603465644830976e-01 1.501472435929258609e-01 2.807740674605838649e-01 -5.282016590837770309e-01 6.163786713887020596e-02
-1.374473614255862230e-01 -5.376973955886228396e-01 3.163917694469091657e-01 -5.748907713444850742e-02 2.014539615179273824e-01 5.748996730600879346e-01 -6.358363386385690319e-02 3.303678096905855455e-01 -2.227342193103254431e-01 6.184231205969581424e-02 -8.678455083179414942e-02 -3.757349062328785294e-01 -1.548900964787662815e-01 2.500944601577543835e-01 -1.793436601232087924e-01 -2.059036030245238180e-01 1.424515968615196471e-01 -2.247669609483295972e-01 -1.328329140257267227e-01 7.214519785850370681e-02 2.479386780839831772e-02 1.616284240792538185e-01 -1.171727218550131511e-01 2.200905479475068205e-02 2.097381601550978303e-01 -1.086221250264998162e-01 1.317078802410378557e-01 3.189375028136964829e-01 -1.462357950741193235e-01 -6.722262565904202347e-02
-8.765312361721271373e-01 -6.434465398390898372e-01 -4.127667138492370213e-01 -1.574963079035569535e-01 -1.642678819065963580e-01 -6.358363386385690319e-02 3.834106147857028191e-01 1.913945130607999090e-01 -1.466914496749041064e-01 1.555480620257867486e-01 4.414838884597998003e-01 -8.965537505400789087e-02 1.641455005091074781e-01 -2.296229748321820807e-02 2.819647797130073741e-01 3.345164113304122111e-01 -5.335113070964325743e-02 1.510554731923434701e-01 2.689719743761997961e-01 -3.430038578092649004e-01 3.855643561354327176e-02 1.419386068482140217e-01 -1.391001586605966622e-01 1.066873535986019306e-01 -2.654524678870302523e-01 1.314162193346533059e-01 2.456355252166986247e-02 -1.490501623958380151e-01 6.018380235083782281e-01 1.098702179618840091e-01
-8.855415592712461148e-01 -1.286049648146786240e+00 -4.028408012127897564e-01 -8.774567542172917456e-02 7.859551299162603755e-02 3.303678096905855455e-01 1.913945130607999090e-01 7.270893965675213622e-01 -1.162022496078520817e-01 2.344156234326533195e-01 4.364384339301068394e-01 -4.102532778372278699e-01 1.828917920258845697e-01 -1.624011356739174516e-01 2.246005568496798332e-01 2.411856447643003776e-01 -2.644817486138322238e-01 9.192460840915828157e-02 9.045350873151392079e-02 -1.259493173697592283e-01 -2.943426763619072517e-02 -1.608734069321826610e-02 3.912212705921547240e-02 1.933886106164663943e-01 -5.975570951306963252e-02 1.943365680620559033e-01 1.490706770918563961e-01 1.087900978380389461e-01 3.632999925933972918e-01 -3.062171857703788191e-02
7.475244746559610576e-01 4.586935706188910444e-01 -6.797188692288500533e-01 2.775698291146682095e-01 -3.874604472436544711e-01 -2.227342193103254431e-01 -1.466914496749041064e-01 -1.162022496078520817e-01 6.817503980809078712e-01 -1.502504351252014203e-01 1.318733642092979608e-01 2.742046266708371149e-01 1.428959378733907215e-02 -4.031678879887863332e-01 -1.037726706945818478e-01 8.311023096325698134e-04 -4.482592950554931122e-01 2.683317469881671968e-01 -8.236084260045117844e-02 4.426049476819571282e-03 4.799746525424097854e-02 -3.800972133729771940e-01 4.096976075064731049e-01 9.657515223460677589e-02 -8.268867679657887493e-02 2.969635614904291288e-01 -2.104128834814673610e-01 -1.981259446865806240e-01 5.343600036917450780e-02 -1.522198714720275348e-01
-6.206469361416111497e-01 -5.005953496624897525e-01 -2.337933595563868039e-01 -1.626681674253518395e-01 6.262955982049334125e-02 6.184231205969581424e-02 1.555480620257867486e-01 2.344156234326533195e-01 -1.502504351252014203e-01 2.413976407160021154e-01 1.751215242090893298e-01 -2.252710782293547709e-01 1.268486981533101243e-01 4.773717090347417980e-02 1.803387074994589057e-01 2.556482947802010131e-01 -1.191103815148153444e-02 8.997588961437941180e-02 1.438129633709195332e-01 -1.381764700989265293e-01 1.668132750592121738e-02 2.404679588545377555e-02 -9.158543456493362100e-02 1.097049553260376342e-01 -1.245534404629324854e-01 1.877799062958729337e-02 1.132839518570563087e-01 -3.943358408253061498e-02 2.035864894608607756e-01 3.748719711546755207e-02
-1.415104682952119219e+00 -1.355593001836325584e+00 -9.404443592886764236e-01 -2.328395991891625272e-01 -4.584826298355437757e-01 -8.678455083179414942e-02 4.414838884597998003e-01 4.364384339301068394e-01 1.318733642092979608e-01 1.751215242090893298e-01 1.112225607422431040e+00 -1.945988850800404180e-01 3.202807194022625481e-01 -3.273036123139831943e-01 2.924091231326428897e-01 6.315239233214242631e-01 -4.247622407036715231e-01 4.535053366931833807e-01 5.277264221255677512e-01 -5.559435382774609025e-01 1.228115963135678612e-01 1.029799159388176122e-01 1.064841065802966114e-01 2.321817864219610783e-01 -3.332481802437428087e-01 4.561022190819130628e-01 -4.306541904344385330e-02 -2.179229790551744372e-01 1.010834932455054513e+00 3.211218477110833192e-02
6.565116557612782344e-01 6.487183575250696776e-01 -4.025005502392673407e-01 2.077847769669460831e-01 -2.933619253064989607e-02 -3.757349062328785294e-01 -8.965537505400789087e-02 -4.102532778372278699e-01 2.742046266708371149e-01 -2.252710782293547709e-01 -1.945988850800404180e-01 6.681108061743543658e-01 6.784909115305026717e-02 -3.220111302442205670e-01 -1.326327600457943845e-02 -8.975230353362917413e-02 -1.322744492864558197e-01 8.495080096514584511e-02 -6.210198722160953366e-02 7.755266805310156997e-02 -3.492338100176084481e-02 -1.622806326572288071e-01 1.900270702894886199e-01 -1.002325644320762876e-01 -8.318984757752900805e-02 1.300147271210789768e-01 -2.139580709988422313e-01 -2.198936943296985191e-01 4.216119722599387387e-02 1.133464919651032687e-01
-8.562942055279449960e-01 -5.275782227441823125e-01 -8.425688965894551075e-01 -1.592018356151925218e-01 4.433268250056698889e-02 -1.548900964787662815e-01 1.641455005091074781e-01 1.828917920258845697e-01 1.428959378733907215e-02 1.268486981533101243e-01 3.202807194022625481e-01 6.784909115305026717e-02 5.611275955989185604e-01 -5.363962481030171148e-01 3.198474240350037689e-01 3.332451898297676962e-01 -2.192843596156421881e-01 2.396628581597610719e-01 3.037439495426212943e-01 -7.999662298340126654e-02 -9.244817955504913698e-04 4.270676434376241559e-02 4.431097944177508907e-02 4.012896560976741966e-02 -2.734085298527020313e-01 2.263290412483343061e-01 7.369837403501833251e-02 -2.429127087652318551e-01 5.451102228748823109e-01 2.429081055861956884e-01
2.309027018782217056e-02 1.246359938019168112e-01 1.068379754250429414e+00 -1.533699568655038092e-01 3.583695700297084841e-02 2.500944601577543835e-01 -2.296229748321820807e-02 -1.624011356739174516e-01 -4.031678879887863332e-01 4.773717090347417980e-02 -3.273036123139831943e-01 -3.220111302442205670e-01 -5.363962481030171148e-01 1.012359997841087988e+00 -2.785542148318427280e-01 -1.281805873082930702e-01 5.979045065079731103e-01 -3.126903445190691855e-01 -2.822824324721295852e-02 -1.413615839032331678e-01 7.756326274505909169e-02 3.347336034034924523e-01 -4.132070200909652158e-01 -3.763915546340967921e-02 1.991153732251973452e-01 -3.834524113935344758e-01 7.017774160021872376e-02 2.644605780735105327e-01 -3.430115736025527440e-01 -1.121522424807039897e-01
-7.521311523594818027e-01 -5.363324890098510878e-01 -6.061096078492482775e-01 -1.051784486950282371e-01 -1.003335546710104609e-02 -1.793436601232087924e-01 2.819647797130073741e-01 2.246005568496798332e-01 -1.037726706945818478e-01 1.803387074994589057e-01 2.924091231326428897e-01 -1.326327600457943845e-02 3.198474240350037689e-01 -2.785542148318427280e-01 5.298863057666380882e-01 3.805533888825607391e-01 -1.930806768121442474e-01 2.279358963152162687e-01 2.181433447127005820e-01 -1.944016484417261381e-01 -8.302302178378795361e-02 -2.555428986457286555e-02 3.966059714400671510e-03 8.057342853300042407e-02 -2.766795310767520277e-01 1.866876043504248628e-01 2.684891968880265267e-02 -2.213044602265767935e-01 5.047395820404290134e-01 1.202686890667905573e-01
-1.350865732696092891e+00 -9.494304517328373549e-01 -1.081726922785605893e+00 -3.523714234905810372e-01 -2.710065892622992578e-01 -2.059036030245238180e-01 3.345164113304122111e-01 2.411856447643003776e-01 8.311023096325698134e-04 2.556482947802010131e-01 6.315239233214242631e-01 -8.975230353362917413e-02 3.332451898297676962e-01 -1.281805873082930702e-01 3.805533888825607391e-01 8.590762956029038833e-01 -3.013512026179796521e-01 5.422962206394572604e-01 6.431932745627193526e-01 -4.933689037545150313e-01 5.305893859116395106e-02 2.544245525362498483e-02 7.508613996810709068e-02 1.627817850301198632e-01 -4.139433389899807025e-01 3.783985913926812827e-01 6.694865678633732387e-02 -3.339411737595128216e-01 8.171430022022718731e-01 1.709124211473067589e-01
-3.686042319009175117e-02 2.859294434800858653e-01 1.017169366858752255e+00 -1.326833520623154072e-01 2.499644889064711606e-01 1.424515968615196471e-01 -5.335113070964325743e-02 -2.644817486138322238e-01 -4.482592950554931122e-01 -1.191103815148153444e-02 -4.247622407036715231e-01 -1.322744492864558197e-01 -2.192843596156421881e-01 5.979045065079731103e-01 -1.930806768121442474e-01 -3.013512026179796521e-01 6.993314815855455890e-01 -3.979295768984343340e-01 -4.823554827908083098e-02 5.018975317000240466e-02 6.916855607050820254e-02 4.372137545544205750e-01 -4.802077593262765731e-01 -1.705979877028198644e-01 1.621196352624565407e-01 -4.357555555652652401e-01 6.502352939526190312e-02 2.043438673807145278e-01 -2.781122450542738989e-01 4.832869799457739646e-02
-4.126770040604696987e-01 -3.462772907314501936e-01 -9.421669286550695688e-01 -1.173335771459278476e-01 -3.142255606146591163e-01 -2.247669609483295972e-01 1.510554731923434701e-01 9.192460840915828157e-02 2.683317469881671968e-01 8.997588961437941180e-02 4.535053366931833807e-01 8.495080096514584511e-02 2.396628581597610719e-01 -3.126903445190691855e-01 2.279358963152162687e-01 5.422962206394572604e-01 -3.979295768984343340e-01 6.304466266990402801e-01 3.601253907293653356e-01 -3.158290733351236668e-01 3.535793463231584610e-02 -2.493628692111826695e-01 3.099298734181843429e-01 6.368301316774704901e-02 -2.829614137316696088e-01 3.727408078225380450e-01 -1.195218901105477016e-01 -3.207806060124198666e-01 4.588508852079371536e-01 -2.424965594320838136e-02
-1.490714949720711502e+00 -8.988032352825143789e-01 -7.669948160349520094e-01 -4.033531444390519027e-01 -2.268548405859860395e-01 -1.328329140257267227e-01 2.689719743761997961e-01 9.045350873151392079e-02 -8.236084260045117844e-02 1.438129633709195332e-01 5.277264221255677512e-01 -6.210198722160953366e-02 3.037439495426212943e-01 -2.822824324721295852e-02 2.181433447127005820e-01 6.431932745627193526e-01 -4.823554827908083098e-02 3.601253907293653356e-01 7.209484243250301461e-01 -4.546597924982052064e-01 1.148252597171506295e-01 3.589923635711897987e-01 -8.111728108488591715e-02 3.537754716623453533e-02 -3.086892283051270169e-01 2.720121694774206844e-01 4.688974891155339719e-02 -2.369051936359198862e-01 8.477074691727466416e-01 2.689288055177030401e-01
9.888889533186215886e-01 8.049957921129475835e-01 6.359757729748594102e-01 2.216520166919622170e-01 3.851870032513033948e-01 7.214519785850370681e-02 -3.430038578092649004e-01 -1.259493173697592283e-01 4.426049476819571282e-03 -1.381764700989265293e-01 -5.559435382774609025e-01 7.755266805310156997e-02 -7.999662298340126654e-02 -1.413615839032331678e-01 -1.944016484417261381e-01 -4.933689037545150313e-01 5.018975317000240466e-02 -3.158290733351236668e-01 -4.546597924982052064e-01 6.339954654860662231e-01 -1.132534821086892407e-01 -1.995540502659309823e-01 3.695288713521449608e-02 -1.135009389339529662e-01 2.968781676996741226e-01 -2.969350165953983378e-01 5.167097375027651651e-02 2.013407036376975157e-01 -7.911311701008116870e-01 -1.047845171837025191e-01
-1.875066601215849005e-01 -1.126461775133407173e-01 -8.861901090278934134e-02 -6.612220748621666644e-02 -1.230197818612737137e-01 2.479386780839831772e-02 3.855643561354327176e-02 -2.943426763619072517e-02 4.799746525424097854e-02 1.668132750592121738e-02 1.228115963135678612e-01 -3.492338100176084481e-02 -9.244817955504913698e-04 7.756326274505909169e-02 -8.302302178378795361e-02 5.305893859116395106e-02 6.916855607050820254e-02 3.535793463231584610e-02 1.148252597171506295e-01 -1.132534821086892407e-01 1.246456386726322307e-01 1.237667958488373188e-01 -8.307840504852492813e-02 1.948818025488208150e-02 -5.575904920090124506e-02 1.968568822036331767e-02 -5.065676257055429232e-02 -3.657642602706800972e-02 1.722028923056200256e-01 4.939623020050021296e-03
-1.196727420393585817e+00 -6.607076436348222614e-01 2.667283201537316017e-01 -3.108423748761310890e-01 6.424966433985446201e-02 1.616284240792538185e-01 1.419386068482140217e-01 -1.608734069321826610e-02 -3.800972133729771940e-01 2.404679588545377555e-02 1.029799159388176122e-01 -1.622806326572288071e-01 4.270676434376241559e-02 3.347336034034924523e-01 -2.555428986457286555e-02 2.544245525362498483e-02 4.372137545544205750e-01 -2.493628692111826695e-01 3.589923635711897987e-01 -1.995540502659309823e-01 1.237667958488373188e-01 7.914802325865366583e-01 -4.453446167495371810e-01 -1.047745952759555621e-01 1.731873053020649422e-02 -1.072878830511854176e-01 7.240064928072342809e-02 1.056436033334193780e-01 4.898050995763583160e-01 2.975451102661850200e-01
5.484589951758493953e-01 1.740710243317380446e-01 -5.096932246299843428e-01 1.673211266882503878e-01 -1.319837641649996840e-01 -1.171727218550131511e-01 -1.391001586605966622e-01 3.912212705921547240e-02 4.096976075064731049e-01 -9.158543456493362100e-02 1.064841065802966114e-01 1.900270702894886199e-01 4.431097944177508907e-02 -4.132070200909652158e-01 3.966059714400671510e-03 7.508613996810709068e-02 -4.802077593262765731e-01 3.099298734181843429e-01 -8.111728108488591715e-02 3.695288713521449608e-02 -8.307840504852492813e-02 -4.453446167495371810e-01 5.370344018594437330e-01 2.800486492878917488e-02 2.809309388374003902e-02 2.862420613960239280e-01 -8.897930736122816597e-02 -1.061225913553585087e-01 -1.545089831617474374e-01 -1.427020352335262032e-01
-1.803758733763629607e-01 -2.989012541994497951e-01 -3.576518717432577432e-01 -1.588933893685862131e-03 -1.334512849344946517e-01 2.200905479475068205e-02 1.066873535986019306e-01 1.933886106164663943e-01 9.657515223460677589e-02 1.097049553260376342e-01 2.321817864219610783e-01 -1.002325644320762876e-01 4.012896560976741966e-02 -3.763915546340967921e-02 8.057342853300042407e-02 1.627817850301198632e-01 -1.705979877028198644e-01 6.368301316774704901e-02 3.537754716623453533e-02 -1.135009389339529662e-01 1.948818025488208150e-02 -1.047745952759555621e-01 2.800486492878917488e-02 2.042972147610271350e-01 -1.070783453783974437e-01 1.096562943258163614e-01 1.658638019603131397e-02 -6.086266163060827239e-02 1.908594524551858740e-01 -4.532845256824202806e-02
4.467645607819576981e-01 3.712356260551246123e-01 8.731622108930991999e-01 8.740219607858534800e-02 2.787125833791606055e-01 2.097381601550978303e-01 -2.654524678870302523e-01 -5.975570951306963252e-02 -8.268867679657887493e-02 -1.245534404629324854e-01 -3.332481802437428087e-01 -8.318984757752900805e-02 -2.734085298527020313e-01 1.991153732251973452e-01 -2.766795310767520277e-01 -4.139433389899807025e-01 1.621196352624565407e-01 -2.829614137316696088e-01 -3.086892283051270169e-01 2.968781676996741226e-01 -5.575904920090124506e-02 1.731873053020649422e-02 2.809309388374003902e-02 -1.070783453783974437e-01 4.684265857629270613e-01 -2.561656739284217110e-01 -3.707158698983903378e-02 3.661347761047863969e-01 -6.869852505532776377e-01 -1.574714714037668273e-01
-4.002392970300547859e-01 -6.021137267239282664e-01 -1.036257177229515491e+00 -1.714018092877722665e-02 -2.920603465644830976e-01 -1.086221250264998162e-01 1.314162193346533059e-01 1.943365680620559033e-01 2.969635614904291288e-01 1.877799062958729337e-02 4.561022190819130628e-01 1.300147271210789768e-01 2.263290412483343061e-01 -3.834524113935344758e-01 1.866876043504248628e-01 3.783985913926812827e-01 -4.357555555652652401e-01 3.727408078225380450e-01 2.720121694774206844e-01 -2.969350165953983378e-01 1.968568822036331767e-02 -1.072878830511854176e-01 2.862420613960239280e-01 1.096562943258163614e-01 -2.561656739284217110e-01 4.771723662833551316e-01 -7.430872139951816280e-02 -2.461007463501800885e-01 5.964644534433318768e-01 1.034399277504576276e-01
-2.990216804578267329e-01 -2.479288696265484759e-01 7.949691919350243552e-02 -1.156269614235725385e-01 1.501472435929258609e-01 1.317078802410378557e-01 2.456355252166986247e-02 1.490706770918563961e-01 -2.104128834814673610e-01 1.132839518570563087e-01 -4.306541904344385330e-02 -2.139580709988422313e-01 7.369837403501833251e-02 7.017774160021872376e-02 2.684891968880265267e-02 6.694865678633732387e-02 6.502352939526190312e-02 -1.195218901105477016e-01 4.688974891155339719e-02 5.167097375027651651e-02 -5.065676257055429232e-02 7.240064928072342809e-02 -8.897930736122816597e-02 1.658638019603131397e-02 -3.707158698983903378e-02 -7.430872139951816280e-02 2.926511419814232795e-01 5.393603192152340853e-02 -3.180721049847079485e-02 4.725876441102627723e-02
8.984583983266247742e-02 -2.332360194901639261e-02 8.067952122984252128e-01 2.482169417754676033e-02 2.807740674605838649e-01 3.189375028136964829e-01 -1.490501623958380151e-01 1.087900978380389461e-01 -1.981259446865806240e-01 -3.943358408253061498e-02 -2.179229790551744372e-01 -2.198936943296985191e-01 -2.429127087652318551e-01 2.644605780735105327e-01 -2.213044602265767935e-01 -3.339411737595128216e-01 2.043438673807145278e-01 -3.207806060124198666e-01 -2.369051936359198862e-01 2.013407036376975157e-01 -3.657642602706800972e-02 1.056436033334193780e-01 -1.061225913553585087e-01 -6.086266163060827239e-02 3.661347761047863969e-01 -2.461007463501800885e-01 5.393603192152340853e-02 4.157959249162104243e-01 -4.662393766603258882e-01 -1.221248232328662198e-01
-2.007054654453213516e+00 -1.724871170022822753e+00 -1.724451948749845087e+00 -3.449105922005060165e-01 -5.282016590837770309e-01 -1.462357950741193235e-01 6.018380235083782281e-01 3.632999925933972918e-01 5.343600036917450780e-02 2.035864894608607756e-01 1.010834932455054513e+00 4.216119722599387387e-02 5.451102228748823109e-01 -3.430115736025527440e-01 5.047395820404290134e-01 8.171430022022718731e-01 -2.781122450542738989e-01 4.588508852079371536e-01 8.477074691727466416e-01 -7.911311701008116870e-01 1.722028923056200256e-01 4.898050995763583160e-01 -1.545089831617474374e-01 1.908594524551858740e-01 -6.869852505532776377e-01 5.964644534433318768e-01 -3.180721049847079485e-02 -4.662393766603258882e-01 1.849237086633536364e+00 4.802453594040798635e-01
-6.804941508862611954e-01 -3.355030913754148969e-01 -4.596106248505407166e-01 -1.675618649102261770e-01 6.163786713887020596e-02 -6.722262565904202347e-02 1.098702179618840091e-01 -3.062171857703788191e-02 -1.522198714720275348e-01 3.748719711546755207e-02 3.211218477110833192e-02 1.133464919651032687e-01 2.429081055861956884e-01 -1.121522424807039897e-01 1.202686890667905573e-01 1.709124211473067589e-01 4.832869799457739646e-02 -2.424965594320838136e-02 2.689288055177030401e-01 -1.047845171837025191e-01 4.939623020050021296e-03 2.975451102661850200e-01 -1.427020352335262032e-01 -4.532845256824202806e-02 -1.574714714037668273e-01 1.034399277504576276e-01 4.725876441102627723e-02 -1.221248232328662198e-01 4.802453594040798635e-01 4.628175622605681383e-01
