4.937424584975929065e+00 3.126522603723572047e+00 1.632806779530540098e+00 9.971058706563553642e-01 -1.151250290877214866e-02 1.286287070342950756e-03 -8.944464245793142254e-01 -9.207066201647648995e-01 6.613974763017154146e-01 -5.741808483676322794e-01 -1.570428683118961999e+00 5.025120509654357193e-01 -8.733902709943208720e-01 7.783498630453777878e-02 -7.961252839647841029e-01 -1.346922291739417687e+00 -4.034072097243779353e-02 -4.190034187648166153e-01 -1.483330989661453714e+00 9.806585800501466110e-01 -1.295414398315415383e-01 -1.208879108715848361e+00 5.949650946154747544e-01 -1.611374664088884856e-01 4.190242816765703537e-01 -3.354898390300036226e-01 -4.394765968103229170e-01 2.759425262252079847e-02 -1.901503416473360630e+00 -8.527192463320716342e-01
3.126522603723572047e+00 3.533829488021069665e+00 1.064428934041870889e+00 5.362436990761807465e-01 -1.381967404057604654e-01 -6.262172286500913287e-01 -5.839918992070352033e-01 -1.296885292535478129e+00 5.148629372582149699e-01 -4.522741222220929558e-01 -1.307428345449125118e+00 6.753915318881240637e-01 -3.601705271726132196e-01 -1.222629844613720707e-01 -5.054823425037966445e-01 -7.421708068854968587e-01 3.356287822504100404e-02 -1.637805564654968293e-01 -7.553591631530025552e-01 7.058519754405665481e-01 -7.470392169977912999e-02 -7.542099851997647875e-01 3.512885988204743626e-01 -2.190024358526443393e-01 1.942873932444513230e-01 -3.471262620417974176e-01 -3.308974599144676176e-01 -2.088777145240783284e-01 -1.412633419625933584e+00 -3.345996371500064015e-01
1.632806779530540098e+00 1.064428934041870889e+00 3.526407051930277703e+00 2.173641257886060885e-01 4.797899015387088184e-01 5.572328091784015669e-01 -4.853130052527490079e-01 -4.113209053899140599e-01 -7.054571269472944550e-01 -2.237479380443119226e-01 -1.124355488079913812e+00 -5.257920043187596093e-01 -8.529904138889037313e-01 1.046936449004704173e+00 -5.674643097542571013e-01 -1.128592439648173240e+00 9.971075767990669192e-01 -7.833601971395864894e-01 -8.053892110013975980e-01 6.664598201739408978e-01 -5.379986375584167035e-02 1.553771321172803255e-01 -3.113053503197988903e-01 -4.828455951981140970e-01 8.218874302422136680e-01 -8.682065898564133022e-01 -2.767648805717044524e-01 6.685975566363708822e-01 -1.539533775337702082e+00 -6.881564290573010112e-01
9.971058706563553642e-01 5.362436990761807465e-01 2.173641257886060885e-01 4.181686685095655776e-01 4.480753474575749351e-02 -6.638775981684830185e-03 -1.578728671412363838e-01 -9.179355604271677294e-02 2.683594971965703735e-01 -1.448534133772909627e-01 -2.696783354797958054e-01 1.683093403944440070e-01 -1.620453035785658358e-01 -1.349535160273376277e-01 -1.461817063957937535e-01 -3.520274201431448091e-01 -1.139096208524392750e-01 -1.340097300122806701e-01 -3.978398044559412483e-01 2.168424021825217096e-01 -4.487288365049835193e-02 -3.012238288086450666e-01 1.568851116948053459e-01 2.908539643954100029e-03 8.208786766107323274e-02 -1.325375832180952784e-02 -1.301901242047733831e-01 1.849996073798365614e-02 -3.311902070975065726e-01 -1.950487350181902002e-01
-1.151250290877214866e-02 -1.381967404057604654e-01 4.797899015387088184e-01 4.480753474575749351e-02 6.956499493306296245e-01 2.182136961932883423e-01 -1.665934385161449427e-01 8.775777604040513324e-02 -3.071505252768815808e-01 5.671864962477002337e-02 -4.339319415498721355e-01 -2.889844280349507244e-02 9.734126817460264647e-02 -6.148216061382072439e-02 1.194060752919767765e-02 -2.270903837446098805e-01 2.065150348515771839e-01 -2.100961737335751423e-01 -2.024467675534822320e-01 3.857413465191825708e-01 -7.275642550433758515e-02 -5.025737626795034885e-03 -5.277927202263299478e-02 -1.424736181672301427e-01 2.199782872339710593e-01 -2.333053055229470374e-01 5.867514009281649123e-02 1.938225322180073817e-01 -4.559690535371032638e-01 -7.243578604175127111e-03
1.286287070342950756e-03 -6.262172286500913287e-01 5.572328091784015669e-01 -6.638775981684830185e-03 2.182136961932883423e-01 7.326656601827608029e-01 -1.217782826049074174e-01 3.629935990220474196e-01 -2.428879689765608418e-01 5.083764343982011269e-02 -1.664951336257445291e-01 -4.553127106054262185e-01 -2.033754804428440366e-01 3.161834022831158109e-01 -1.769238316956602830e-01 -3.055952524117060420e-01 2.110182571394716433e-01 -2.593431964529031575e-01 -2.020039357571192795e-01 1.370591311570024118e-01 2.508239322526151227e-02 1.604537017103666585e-01 -1.057490858930236755e-01 -4.165307567274112444e-02 2.759264785402706366e-01 -1.458272835460547867e-01 3.800642770937656678e-02 3.508882156538106756e-01 -2.011782491110807314e-01 -1.768666187900294062e-01
-8.944464245793142254e-01 -5.839918992070352033e-01 -4.853130052527490079e-01 -1.578728671412363838e-01 -1.665934385161449427e-01 -1.217782826049074174e-01 3.839392656369682300e-01 1.934166335797726788e-01 -1.323894920944894693e-01 1.411712571436396502e-01 4.741347045306270047e-01 -5.043583265336337718e-02 1.534410093939868602e-01 -2.911542690884516560e-02 2.816269233391039961e-01 3.132850962000475192e-01 -3.993299314998921545e-02 1.453005722227089791e-01 2.593175017603925880e-01 -3.409179888566882255e-01 2.977934035641283117e-02 1.586081851556855327e-01 -1.690936975691101907e-01 1.007005186928040530e-01 -2.422938605527065192e-01 1.033039225716265719e-01 7.149941850195773441e-02 -1.151487561075441590e-01 5.587902378705393858e-01 1.610102830349546821e-01
-9.207066201647648995e-01 -1.296885292535478129e+00 -4.113209053899140599e-01 -9.179355604271677294e-02 8.775777604040513324e-02 3.629935990220474196e-01 1.934166335797726788e-01 7.557017904190388435e-01 -1.129675252005313268e-01 2.246938824708877291e-01 4.683798628135491526e-01 -4.141891506257593392e-01 1.652015425933655024e-01 -1.195600570131318818e-01 2.259520010396158796e-01 2.171617271119998804e-01 -2.054744533493817471e-01 4.479829961684345108e-02 8.227620445018146711e-02 -1.178399568286181420e-01 -2.202077818338921134e-02 2.522393760489194392e-02 -2.930145618489632398e-02 1.841898446405139111e-01 -3.120084418048918451e-02 1.224994855906516023e-01 1.770463106669808440e-01 1.357270590783059561e-01 3.347226150549431622e-01 -3.448153410113263817e-02
6.613974763017154146e-01 5.148629372582149699e-01 -7.054571269472944550e-01 2.683594971965703735e-01 -3.071505252768815808e-01 -2.428879689765608418e-01 -1.323894920944894693e-01 -1.129675252005313268e-01 6.947159222225423036e-01 -1.451508089725734862e-01 1.329516360032130251e-01 3.030327022220831168e-01 2.045699055526029042e-02 -4.206295183074075794e-01 -1.648932132448521770e-01 4.155839248312531709e-03 -5.039321240729464080e-01 1.662730364721483056e-01 -9.260075733101302831e-02 5.823367470839002635e-03 1.193735182135924333e-02 -3.645236545413581553e-01 3.830209282689338579e-01 1.596614888937324395e-01 -6.171910999563579026e-02 2.912671778041726611e-01 -1.174056133021963433e-01 -1.579866749149232419e-01 1.675398781435433193e-02 -1.049764073167693823e-01
-5.741808483676322794e-01 -4.522741222220929558e-01 -2.237479380443119226e-01 -1.448534133772909627e-01 5.671864962477002337e-02 5.083764343982011269e-02 1.411712571436396502e-01 2.246938824708877291e-01 -1.451508089725734862e-01 2.173185075662900090e-01 1.771138237095897239e-01 -2.107168699881754037e-01 1.052682489626590723e-01 4.806093663410138106e-02 1.820351573233551790e-01 2.109805566043405634e-01 4.197771993233345711e-03 7.976100504527039448e-02 1.180207655026777047e-01 -1.194093001031433232e-01 1.946000273812842352e-02 3.426195240228935290e-02 -1.032464663670111804e-01 9.746065479873777804e-02 -9.236460387427314345e-02 -5.883060750136337447e-03 1.122670057231971441e-01 -1.562216353971734861e-02 1.700271196568792220e-01 3.779510495564863959e-02
-1.570428683118961999e+00 -1.307428345449125118e+00 -1.124355488079913812e+00 -2.696783354797958054e-01 -4.339319415498721355e-01 -1.664951336257445291e-01 4.741347045306270047e-01 4.683798628135491526e-01 1.329516360032130251e-01 1.771138237095897239e-01 1.197668680597132607e+00 -1.211688671662045635e-01 3.163597898704324507e-01 -3.121609185490683558e-01 2.957506991982086220e-01 6.543442962449148581e-01 -4.439629948410583893e-01 3.861292201737569485e-01 5.384311705926734248e-01 -5.838902476360203764e-01 6.691502967697715576e-02 1.493291820538615866e-01 3.154213353650447971e-02 2.725633599661136941e-01 -3.092037065715658173e-01 4.120163670736474160e-01 1.031107656748986301e-01 -1.604026827507141206e-01 9.717675350236731902e-01 1.545986683390765393e-01
5.025120509654357193e-01 6.753915318881240637e-01 -5.257920043187596093e-01 1.683093403944440070e-01 -2.889844280349507244e-02 -4.553127106054262185e-01 -5.043583265336337718e-02 -4.141891506257593392e-01 3.030327022220831168e-01 -2.107168699881754037e-01 -1.211688671662045635e-01 6.910340634246949776e-01 1.055320898665286222e-01 -3.630507408955736537e-01 -4.150327802761921703e-02 -2.182628441275369369e-02 -1.712826075959696936e-01 9.400510501677672437e-02 -8.986387636383597055e-03 3.962253386760039575e-02 -2.583323265565695692e-02 -1.545891766474198903e-01 1.847141476058595799e-01 -5.113334524997981134e-02 -1.109938857975976134e-01 1.499629534501991657e-01 -1.475428335812694058e-01 -2.188055888253188641e-01 4.889783648332013399e-02 1.590450303399961740e-01
-8.733902709943208720e-01 -3.601705271726132196e-01 -8.529904138889037313e-01 -1.620453035785658358e-01 9.734126817460264647e-02 -2.033754804428440366e-01 1.534410093939868602e-01 1.652015425933655024e-01 2.045699055526029042e-02 1.052682489626590723e-01 3.163597898704324507e-01 1.055320898665286222e-01 5.472222286371106748e-01 -5.274817694364628551e-01 2.348542938368609612e-01 2.953418353969539112e-01 -1.803290764378857602e-01 1.637844335298268561e-01 2.738092425125273621e-01 -4.279975685102499483e-02 8.599856835587615933e-03 6.819254173336730673e-02 -1.413819751883238496e-02 6.246504767074156916e-02 -2.269976661495434200e-01 1.350174023991712602e-01 1.664122823151501507e-01 -1.808427926873719116e-01 4.109980000074529016e-01 2.942611511008976777e-01
7.783498630453777878e-02 -1.222629844613720707e-01 1.046936449004704173e+00 -1.349535160273376277e-01 -6.148216061382072439e-02 3.161834022831158109e-01 -2.911542690884516560e-02 -1.195600570131318818e-01 -4.206295183074075794e-01 4.806093663410138106e-02 -3.121609185490683558e-01 -3.630507408955736537e-01 -5.274817694364628551e-01 9.906040526183232942e-01 -1.399645602248824616e-01 -1.140831569007900725e-01 5.558820279041469803e-01 -1.761172434999025427e-01 -5.132808329989302365e-03 -1.706673779915490741e-01 5.103564959142659063e-02 3.043101356304873661e-01 -3.094163015836102204e-01 -1.083819126488378970e-01 1.700610861473705882e-01 -2.598390880636998190e-01 -5.754937433283657811e-02 2.104995591362239793e-01 -1.910973065576513363e-01 -1.484622751542019614e-01
-7.961252839647841029e-01 -5.054823425037966445e-01 -5.674643097542571013e-01 -1.461817063957937535e-01 1.194060752919767765e-02 -1.769238316956602830e-01 2.816269233391039961e-01 2.259520010396158796e-01 -1.648932132448521770e-01 1.820351573233551790e-01 2.957506991982086220e-01 -4.150327802761921703e-02 2.348542938368609612e-01 -1.399645602248824616e-01 4.789676633533304084e-01 3.607069582789108608e-01 -8.042970807247229459e-02 1.751496342973837272e-01 2.128754404668882216e-01 -2.122739578721848375e-01 -5.552504839840821660e-02 4.302234882197808474e-02 -9.704921295275426019e-02 8.987271183610801017e-02 -2.310511015678571312e-01 9.023128946608949263e-02 1.053289630794438381e-01 -1.417620575621754142e-01 4.113245276150792051e-01 1.569909088886447535e-01
-1.346922291739417687e+00 -7.421708068854968587e-01 -1.128592439648173240e+00 -3.520274201431448091e-01 -2.270903837446098805e-01 -3.055952524117060420e-01 3.132850962000475192e-01 2.171617271119998804e-01 4.155839248312531709e-03 2.109805566043405634e-01 6.543442962449148581e-01 -2.182628441275369369e-02 2.953418353969539112e-01 -1.140831569007900725e-01 3.607069582789108608e-01 8.004089579928006515e-01 -2.946839077536651530e-01 4.558195909978621785e-01 5.960801083638216369e-01 -4.471566974701204344e-01 1.363335759396022695e-02 5.247444165436832009e-02 2.267154658719050531e-02 1.896607983580338441e-01 -3.304963947186081441e-01 2.818383216200004426e-01 1.944542031667424453e-01 -2.391251479569405092e-01 6.491685288801249953e-01 2.375831450754617435e-01
-4.034072097243779353e-02 3.356287822504100404e-02 9.971075767990669192e-01 -1.139096208524392750e-01 2.065150348515771839e-01 2.110182571394716433e-01 -3.993299314998921545e-02 -2.054744533493817471e-01 -5.039321240729464080e-01 4.197771993233345711e-03 -4.439629948410583893e-01 -1.712826075959696936e-01 -1.803290764378857602e-01 5.558820279041469803e-01 -8.042970807247229459e-02 -2.946839077536651530e-01 7.007298048371239929e-01 -3.009730655703037883e-01 -3.512947978151714779e-02 3.844618067807914485e-02 5.965382723832135525e-02 4.291488870863986449e-01 -4.159306930750403808e-01 -2.376458423816529830e-01 1.158054289986694130e-01 -3.392041354681509802e-01 -3.519925797854739358e-02 1.551734266668631790e-01 -1.305632551725466328e-01 6.168339500044339729e-02
-4.190034187648166153e-01 -1.637805564654968293e-01 -7.833601971395864894e-01 -1.340097300122806701e-01 -2.100961737335751423e-01 -2.593431964529031575e-01 1.453005722227089791e-01 4.479829961684345108e-02 1.662730364721483056e-01 7.976100504527039448e-02 3.861292201737569485e-01 9.400510501677672437e-02 1.637844335298268561e-01 -1.761172434999025427e-01 1.751496342973837272e-01 4.558195909978621785e-01 -3.009730655703037883e-01 4.431129318389253058e-01 2.904259973781506687e-01 -2.713582145052555461e-01 6.663338686394126853e-03 -1.639270022920129577e-01 1.716191624178122765e-01 1.118971046537922120e-01 -2.062263259724375075e-01 2.249499075139169690e-01 1.604920127357445381e-02 -2.119254657243345719e-01 2.948291548954671271e-01 2.955422442363442315e-02
-1.483330989661453714e+00 -7.553591631530025552e-01 -8.053892110013975980e-01 -3.978398044559412483e-01 -2.024467675534822320e-01 -2.020039357571192795e-01 2.593175017603925880e-01 8.227620445018146711e-02 -9.260075733101302831e-02 1.180207655026777047e-01 5.384311705926734248e-01 -8.986387636383597055e-03 2.738092425125273621e-01 -5.132808329989302365e-03 2.128754404668882216e-01 5.960801083638216369e-01 -3.512947978151714779e-02 2.904259973781506687e-01 6.717447252621298048e-01 -4.171817418738044125e-01 6.646612222823478078e-02 3.731894535721380635e-01 -1.192915435893553422e-01 4.666151348382641117e-02 -2.510366702161661578e-01 2.016924311330683395e-01 1.477154812291701091e-01 -1.599545639551820386e-01 7.121415762241269931e-01 3.448360441695399459e-01
9.806585800501466110e-01 7.058519754405665481e-01 6.664598201739408978e-01 2.168424021825217096e-01 3.857413465191825708e-01 1.370591311570024118e-01 -3.409179888566882255e-01 -1.178399568286181420e-01 5.823367470839002635e-03 -1.194093001031433232e-01 -5.838902476360203764e-01 3.962253386760039575e-02 -4.279975685102499483e-02 -1.706673779915490741e-01 -2.122739578721848375e-01 -4.471566974701204344e-01 3.844618067807914485e-02 -2.713582145052555461e-01 -4.171817418738044125e-01 6.113100715667201257e-01 -6.009515256738495736e-02 -2.169949279835918787e-01 7.476405071599856456e-02 -1.220383779999565377e-01 2.476406727606672575e-01 -2.486874834410173207e-01 -2.561054067479062724e-02 1.393179541965423596e-01 -6.950279941925145977e-01 -1.575891414008196989e-01
-1.295414398315415383e-01 -7.470392169977912999e-02 -5.379986375584167035e-02 -4.487288365049835193e-02 -7.275642550433758515e-02 2.508239322526151227e-02 2.977934035641283117e-02 -2.202077818338921134e-02 1.193735182135924333e-02 1.946000273812842352e-02 6.691502967697715576e-02 -2.583323265565695692e-02 8.599856835587615933e-03 5.103564959142659063e-02 -5.552504839840821660e-02 1.363335759396022695e-02 5.965382723832135525e-02 6.663338686394126853e-03 6.646612222823478078e-02 -6.009515256738495736e-02 8.523853433632666565e-02 1.018631443668311931e-01 -8.241682817703122055e-02 6.261240343178542389e-03 -4.177079796585303484e-02 9.388792431593628862e-03 -3.099868989670540032e-02 -2.361671465070003251e-02 1.249998894277268846e-01 3.097409013417973256e-02
-1.208879108715848361e+00 -7.542099851997647875e-01 1.553771321172803255e-01 -3.012238288086450666e-01 -5.025737626795034885e-03 1.604537017103666585e-01 1.586081851556855327e-01 2.522393760489194392e-02 -3.645236545413581553e-01 3.426195240228935290e-02 1.493291820538615866e-01 -1.545891766474198903e-01 6.819254173336730673e-02 3.043101356304873661e-01 4.302234882197808474e-02 5.247444165436832009e-02 4.291488870863986449e-01 -1.639270022920129577e-01 3.731894535721380635e-01 -2.169949279835918787e-01 1.018631443668311931e-01 7.553486419273838237e-01 -4.008461116649471023e-01 -1.527021576807214842e-01 -1.477971118416121499e-02 -5.957750185052645975e-02 4.134885095936624566e-02 8.280822245910712809e-02 5.286419010556642206e-01 3.336773302441997657e-01
5.949650946154747544e-01 3.512885988204743626e-01 -3.113053503197988903e-01 1.568851116948053459e-01 -5.277927202263299478e-02 -1.057490858930236755e-01 -1.690936975691101907e-01 -2.930145618489632398e-02 3.830209282689338579e-01 -1.032464663670111804e-01 3.154213353650447971e-02 1.847141476058595799e-01 -1.413819751883238496e-02 -3.094163015836102204e-01 -9.704921295275426019e-02 2.267154658719050531e-02 -4.159306930750403808e-01 1.716191624178122765e-01 -1.192915435893553422e-01 7.476405071599856456e-02 -8.241682817703122055e-02 -4.008461116649471023e-01 4.577901603091163452e-01 6.619838560698099172e-02 8.147588380506931571e-02 1.767803457114496268e-01 -3.049943405937938223e-02 -4.938167611055632733e-02 -2.847373016120968714e-01 -1.785318103762847386e-01
-1.611374664088884856e-01 -2.190024358526443393e-01 -4.828455951981140970e-01 2.908539643954100029e-03 -1.424736181672301427e-01 -4.165307567274112444e-02 1.007005186928040530e-01 1.841898446405139111e-01 1.596614888937324395e-01 9.746065479873777804e-02 2.725633599661136941e-01 -5.113334524997981134e-02 6.246504767074156916e-02 -1.083819126488378970e-01 8.987271183610801017e-02 1.896607983580338441e-01 -2.376458423816529830e-01 1.118971046537922120e-01 4.666151348382641117e-02 -1.220383779999565377e-01 6.261240343178542389e-03 -1.527021576807214842e-01 6.619838560698099172e-02 2.085838044769730004e-01 -1.080988192147174232e-01 1.352274332826937098e-01 3.758005638928807457e-02 -7.791848945413448746e-02 1.713634510044244053e-01 -3.822495619999699557e-02
4.190242816765703537e-01 1.942873932444513230e-01 8.218874302422136680e-01 8.208786766107323274e-02 2.199782872339710593e-01 2.759264785402706366e-01 -2.422938605527065192e-01 -3.120084418048918451e-02 -6.171910999563579026e-02 -9.236460387427314345e-02 -3.092037065715658173e-01 -1.109938857975976134e-01 -2.269976661495434200e-01 1.700610861473705882e-01 -2.310511015678571312e-01 -3.304963947186081441e-01 1.158054289986694130e-01 -2.062263259724375075e-01 -2.510366702161661578e-01 2.476406727606672575e-01 -4.177079796585303484e-02 -1.477971118416121499e-02 8.147588380506931571e-02 -1.080988192147174232e-01 3.824065044170765759e-01 -1.633108206567044363e-01 -1.237135364120831582e-01 2.744504922683859149e-01 -5.255334607791155577e-01 -2.142403546154127980e-01
-3.354898390300036226e-01 -3.471262620417974176e-01 -8.682065898564133022e-01 -1.325375832180952784e-02 -2.333053055229470374e-01 -1.458272835460547867e-01 1.033039225716265719e-01 1.224994855906516023e-01 2.912671778041726611e-01 -5.883060750136337447e-03 4.120163670736474160e-01 1.499629534501991657e-01 1.350174023991712602e-01 -2.598390880636998190e-01 9.023128946608949263e-02 2.818383216200004426e-01 -3.392041354681509802e-01 2.249499075139169690e-01 2.016924311330683395e-01 -2.486874834410173207e-01 9.388792431593628862e-03 -5.957750185052645975e-02 1.767803457114496268e-01 1.352274332826937098e-01 -1.633108206567044363e-01 3.300497513653226633e-01 7.428185909077456017e-03 -1.443377348103354052e-01 3.868162056710389152e-01 1.055781934633728270e-01
-4.394765968103229170e-01 -3.308974599144676176e-01 -2.767648805717044524e-01 -1.301901242047733831e-01 5.867514009281649123e-02 3.800642770937656678e-02 7.149941850195773441e-02 1.770463106669808440e-01 -1.174056133021963433e-01 1.122670057231971441e-01 1.031107656748986301e-01 -1.475428335812694058e-01 1.664122823151501507e-01 -5.754937433283657811e-02 1.053289630794438381e-01 1.944542031667424453e-01 -3.519925797854739358e-02 1.604920127357445381e-02 1.477154812291701091e-01 -2.561054067479062724e-02 -3.099868989670540032e-02 4.134885095936624566e-02 -3.049943405937938223e-02 3.758005638928807457e-02 -1.237135364120831582e-01 7.428185909077456017e-03 2.850409893682126494e-01 -4.031676439734610540e-02 1.334951211975976548e-01 9.070583900569317848e-02
2.759425262252079847e-02 -2.088777145240783284e-01 6.685975566363708822e-01 1.849996073798365614e-02 1.938225322180073817e-01 3.508882156538106756e-01 -1.151487561075441590e-01 1.357270590783059561e-01 -1.579866749149232419e-01 -1.562216353971734861e-02 -1.604026827507141206e-01 -2.188055888253188641e-01 -1.808427926873719116e-01 2.104995591362239793e-01 -1.417620575621754142e-01 -2.391251479569405092e-01 1.551734266668631790e-01 -2.119254657243345719e-01 -1.599545639551820386e-01 1.393179541965423596e-01 -2.361671465070003251e-02 8.280822245910712809e-02 -4.938167611055632733e-02 -7.791848945413448746e-02 2.744504922683859149e-01 -1.443377348103354052e-01 -4.031676439734610540e-02 3.073397702721649694e-01 -2.715403557253353028e-01 -1.471540575809058282e-01
-1.901503416473360630e+00 -1.412633419625933584e+00 -1.539533775337702082e+00 -3.311902070975065726e-01 -4.559690535371032638e-01 -2.011782491110807314e-01 5.587902378705393858e-01 3.347226150549431622e-01 1.675398781435433193e-02 1.700271196568792220e-01 9.717675350236731902e-01 4.889783648332013399e-02 4.109980000074529016e-01 -1.910973065576513363e-01 4.113245276150792051e-01 6.491685288801249953e-01 -1.305632551725466328e-01 2.948291548954671271e-01 7.121415762241269931e-01 -6.950279941925145977e-01 1.249998894277268846e-01 5.286419010556642206e-01 -2.847373016120968714e-01 1.713634510044244053e-01 -5.255334607791155577e-01 3.868162056710389152e-01 1.334951211975976548e-01 -2.715403557253353028e-01 1.476722849086968381e+00 5.390486133271110702e-01
-8.527192463320716342e-01 -3.345996371500064015e-01 -6.881564290573010112e-01 -1.950487350181902002e-01 -7.243578604175127111e-03 -1.768666187900294062e-01 1.610102830349546821e-01 -3.448153410113263817e-02 -1.049764073167693823e-01 3.779510495564863959e-02 1.545986683390765393e-01 1.590450303399961740e-01 2.942611511008976777e-01 -1.484622751542019614e-01 1.569909088886447535e-01 2.375831450754617435e-01 6.168339500044339729e-02 2.955422442363442315e-02 3.448360441695399459e-01 -1.575891414008196989e-01 3.097409013417973256e-02 3.336773302441997657e-01 -1.785318103762847386e-01 -3.822495619999699557e-02 -2.142403546154127980e-01 1.055781934633728270e-01 9.070583900569317848e-02 -1.471540575809058282e-01 5.390486133271110702e-01 5.409542805068099369e-01
