4.513448313388266797e+00 3.007144285288404717e+00 1.390792189953117486e+00 9.794201045599493227e-01 -1.335038037456115489e-01 -1.596928934195602778e-01 -7.448350306698330314e-01 -1.035577867860638435e+00 4.787535374634899199e-01 -5.331186087600485735e-01 -1.607652444022846794e+00 4.906793378919473980e-01 -7.201428251988772899e-01 -8.872483755129678684e-02 -8.102556554497937213e-01 -1.303657409752815965e+00 -1.966199371226480253e-01 -2.997064962066815497e-01 -1.492531997876881178e+00 9.871930329399560833e-01 -5.980307119614280964e-03 -1.246956339272685454e+00 7.438553113782404580e-01 -3.516273756417831464e-03 4.308505593814970780e-01 -5.868050639986677197e-02 -3.496402232038917646e-01 1.175226437347305364e-01 -1.617433342153333342e+00 -7.314324485683982857e-01
3.007144285288404717e+00 3.314898811764692255e+00 1.079271360760856169e+00 6.144592234451806689e-01 -3.077174440919634435e-01 -6.305190730943195376e-01 -4.898915299394275280e-01 -1.405708954764122609e+00 3.529536739235936693e-01 -4.482968337082411381e-01 -1.439235615287259407e+00 5.992080450133130398e-01 -3.210426587052097602e-01 -1.725758334582678799e-01 -5.814244665577348314e-01 -8.063784505753801568e-01 -6.339387640866789297e-02 -9.074970645934854474e-02 -8.511504282780322228e-01 8.301489071765786321e-01 1.118542306039671530e-02 -8.473259141524920324e-01 5.910420727789187367e-01 -9.970543246475926935e-02 2.752693766118454732e-01 -8.096349240901190569e-02 -3.158108282598277583e-01 -1.327874774304405037e-01 -1.266495638952278568e+00 -3.244067660903056094e-01
1.390792189953117486e+00 1.079271360760856169e+00 3.029206250321351490e+00 2.048553254572880178e-01 4.098215867713861371e-01 2.600207466231267972e-01 -3.654483851946110917e-01 -4.383234936890403333e-01 -8.199795186193341578e-01 -2.117780645165794340e-01 -1.111304001905125460e+00 -5.061351701373268952e-01 -8.336950531811453402e-01 8.922255131454903676e-01 -5.593050327897799434e-01 -1.161209057633357133e+00 8.731982514173637355e-01 -6.865420469214882360e-01 -8.645114602644241586e-01 6.485790193774505497e-01 1.246610603968747455e-01 1.755175191462967632e-01 -2.248855261480571244e-01 -2.269819126709080592e-01 8.748401281689552889e-01 -7.248781199557470245e-01 -7.294689729087622254e-02 7.906368275829436243e-01 -1.403704448348150891e+00 -5.419978739207635954e-01
9.794201045599493227e-01 6.144592234451806689e-01 2.048553254572880178e-01 4.158984855374683320e-01 7.351075338931423175e-03 -6.703426291403502546e-02 -1.422442782147754770e-01 -1.693807260679704996e-01 2.438555248327816116e-01 -1.543151082250346917e-01 -3.018511194471784620e-01 1.975618473059626012e-01 -1.342567496951119210e-01 -1.685087009636276889e-01 -1.433701643682070426e-01 -3.271718499919984424e-01 -1.472360198955016131e-01 -1.007301940999241197e-01 -3.897244282065912557e-01 2.094693635834801171e-01 -3.614326002411871741e-02 -3.247467868710600669e-01 1.942716061907958647e-01 1.184524414952647930e-02 7.170277560862814425e-02 4.348657768065322671e-02 -1.384048262276564856e-01 5.438434714449158491e-03 -2.820609964974778450e-01 -1.724352059578677654e-01
-1.335038037456115489e-01 -3.077174440919634435e-01 4.098215867713861371e-01 7.351075338931423175e-03 6.757419726538387295e-01 2.337040390701190518e-01 -1.400647245256436690e-01 1.601663197595826205e-01 -3.383598712511570739e-01 7.226760524690689635e-02 -3.486939317243695768e-01 -8.471943460455122477e-02 7.943709604256810053e-02 -4.122273116752239730e-02 2.545142515174347864e-02 -2.126059773804627184e-01 1.867686283936222935e-01 -2.158462714884876732e-01 -2.059117900196270057e-01 3.368940693840727363e-01 -4.705370336637315631e-02 3.269374579463146802e-02 -6.699226126653456959e-02 -9.177525647186257629e-02 2.402473918020859855e-01 -2.045184832118707163e-01 1.133052929320683688e-01 2.600898533958115877e-01 -3.904257366895649284e-01 -4.528228047774973675e-03
-1.596928934195602778e-01 -6.305190730943195376e-01 2.600207466231267972e-01 -6.703426291403502546e-02 2.337040390701190518e-01 6.070143692665510571e-01 -7.617819649118473535e-02 4.299179286078924633e-01 -2.087610082552373569e-01 8.378978952384841250e-02 -3.825508720882453417e-02 -4.010484427171832067e-01 -1.509160892445606805e-01 2.138823591771483734e-01 -1.158097147221042178e-01 -2.226730595016306324e-01 1.292349106816459425e-01 -2.238379134825549954e-01 -1.530733426018855425e-01 3.639939877348297159e-02 4.111378513465524520e-02 1.869082528997978443e-01 -1.438191859454605037e-01 3.108853360896546292e-02 2.199301247327412057e-01 -1.296914177434018711e-01 1.066331784854810394e-01 3.389394881232306034e-01 -1.008532909364134866e-01 -9.641452798211957997e-02
-7.448350306698330314e-01 -4.898915299394275280e-01 -3.654483851946110917e-01 -1.422442782147754770e-01 -1.400647245256436690e-01 -7.617819649118473535e-02 3.431009902998312100e-01 1.745263621301660351e-01 -9.470606659937175209e-02 1.260324983700797929e-01 4.285872163989097317e-01 -3.599277947404289080e-02 1.147536929520924787e-01 2.250822224635840030e-02 2.798839085904774038e-01 2.932248431015409551e-01 1.791130358611781048e-02 1.199313915104767148e-01 2.615968458816837483e-01 -3.242879320937390730e-01 -7.927818525843122188e-03 1.572832186901109708e-01 -1.980462142358305755e-01 3.346569590752324075e-02 -2.508409821596160327e-01 3.282845122919297864e-02 2.018622255809532362e-02 -1.580721816318941819e-01 4.759281426356665179e-01 1.267869555155698436e-01
-1.035577867860638435e+00 -1.405708954764122609e+00 -4.383234936890403333e-01 -1.693807260679704996e-01 1.601663197595826205e-01 4.299179286078924633e-01 1.745263621301660351e-01 9.035455204756317471e-01 -7.131292936850286424e-02 2.577184184523275690e-01 6.267536146632437521e-01 -4.503406014212032460e-01 1.469749780006281981e-01 -7.480335564798679115e-02 2.759238071996605868e-01 2.812987113890699220e-01 -1.756780756973057578e-01 1.544251026200527122e-02 1.499390544533412140e-01 -2.337838301143051467e-01 -6.085046666095195178e-02 1.042238807260105204e-01 -1.577053223544453431e-01 1.430318524838298799e-01 -6.196595941480609326e-02 2.278908157529713208e-02 1.938375694634828506e-01 1.522424372670343473e-01 3.344253256159390730e-01 -3.732701613256494966e-02
4.787535374634899199e-01 3.529536739235936693e-01 -8.199795186193341578e-01 2.438555248327816116e-01 -3.383598712511570739e-01 -2.087610082552373569e-01 -9.470606659937175209e-02 -7.131292936850286424e-02 7.220367629822703748e-01 -1.173446875131958222e-01 2.362913282017302663e-01 3.151205743162677209e-01 1.097326616558689238e-01 -4.569399468800838804e-01 -9.528580432396438482e-02 1.329790339115675124e-01 -5.530080110391395465e-01 2.244267645831996560e-01 6.316324271665507695e-03 -7.064245090219856138e-02 -3.082611719855776755e-02 -3.765790477206678588e-01 3.837887865594211689e-01 1.290432807418255834e-01 -1.460124185988433965e-01 3.549708032763874144e-01 -1.573474909109791042e-01 -2.369943713221118742e-01 1.622591430191846484e-01 -7.842774457606083160e-02
-5.331186087600485735e-01 -4.482968337082411381e-01 -2.117780645165794340e-01 -1.543151082250346917e-01 7.226760524690689635e-02 8.378978952384841250e-02 1.260324983700797929e-01 2.577184184523275690e-01 -1.173446875131958222e-01 2.402175944739610713e-01 1.912460754236917637e-01 -2.216279316850773284e-01 9.025863932106403809e-02 6.796464334752272407e-02 1.974373646592084697e-01 2.191532945951735201e-01 2.122688295247598944e-02 7.157237976531405366e-02 1.190516695043584150e-01 -1.279255350509060918e-01 -2.902323309342591529e-03 2.788485146385255575e-02 -1.339389419547956095e-01 7.511384049104208316e-02 -1.089254787283948644e-01 -4.214633516676258296e-02 1.042259953003394912e-01 -2.623908352927628584e-02 1.418845754860740271e-01 2.151282376854624090e-02
-1.607652444022846794e+00 -1.439235615287259407e+00 -1.111304001905125460e+00 -3.018511194471784620e-01 -3.486939317243695768e-01 -3.825508720882453417e-02 4.285872163989097317e-01 6.267536146632437521e-01 2.362913282017302663e-01 1.912460754236917637e-01 1.340973242050779390e+00 -1.412711642166755155e-01 3.114434010611830672e-01 -2.352203876571365981e-01 3.674565746430289437e-01 7.380896898270066231e-01 -3.850473316743432406e-01 3.728747167426718079e-01 6.371042072194939010e-01 -6.785974450795038138e-01 -1.700494370044225434e-02 1.947926800119148538e-01 -8.902537403128008009e-02 1.596083628841711288e-01 -3.702786152455814772e-01 2.830963925443938933e-01 5.635574211760285834e-02 -2.214804183251430914e-01 9.249963647218919505e-01 1.152474232386566655e-01
4.906793378919473980e-01 5.992080450133130398e-01 -5.061351701373268952e-01 1.975618473059626012e-01 -8.471943460455122477e-02 -4.010484427171832067e-01 -3.599277947404289080e-02 -4.503406014212032460e-01 3.151205743162677209e-01 -2.216279316850773284e-01 -1.412711642166755155e-01 6.787937766769687187e-01 1.448832241281934330e-01 -3.575584788796959401e-01 -3.774605804449038260e-02 1.678462331111063577e-02 -1.944945474738233315e-01 1.183818804808538516e-01 1.523122645915009343e-02 5.157523227109095387e-02 -4.249321433007935411e-02 -1.951479251767409551e-01 2.375281645759059757e-01 -6.875942757687880658e-02 -1.381654620760741636e-01 2.213613943338827994e-01 -1.954046078459441560e-01 -2.742058229383701473e-01 1.187115840754131568e-01 1.392905552053775864e-01
-7.201428251988772899e-01 -3.210426587052097602e-01 -8.336950531811453402e-01 -1.342567496951119210e-01 7.943709604256810053e-02 -1.509160892445606805e-01 1.147536929520924787e-01 1.469749780006281981e-01 1.097326616558689238e-01 9.025863932106403809e-02 3.114434010611830672e-01 1.448832241281934330e-01 5.670590620991902142e-01 -5.251914424100050383e-01 2.505477650751686269e-01 3.179374417915710183e-01 -1.908617406838288844e-01 1.492704912244562365e-01 2.749724817976755276e-01 -1.751212791168654803e-02 -4.407634656388381700e-02 1.225511930127254345e-02 4.662369307823155395e-03 1.343264560335910573e-02 -2.683770352654164526e-01 1.296533069980227992e-01 1.050011121025136163e-01 -2.544593005275146425e-01 3.824368698223565843e-01 2.558196236855678762e-01
-8.872483755129678684e-02 -1.725758334582678799e-01 8.922255131454903676e-01 -1.685087009636276889e-01 -4.122273116752239730e-02 2.138823591771483734e-01 2.250822224635840030e-02 -7.480335564798679115e-02 -4.569399468800838804e-01 6.796464334752272407e-02 -2.352203876571365981e-01 -3.575584788796959401e-01 -5.251914424100050383e-01 9.165690936318924287e-01 -1.409874445820946676e-01 -1.184715342765230162e-01 5.300112429584373785e-01 -1.338295169797447670e-01 1.582925552776259792e-02 -2.017972433688441924e-01 1.063580939492112520e-01 3.545794236352435291e-01 -3.129241510119982195e-01 -4.003665498481723262e-02 1.906524776668447885e-01 -2.532131284785918979e-01 1.069755442716768812e-02 2.493627514218133001e-01 -1.548238143137723455e-01 -9.381071190239254065e-02
-8.102556554497937213e-01 -5.814244665577348314e-01 -5.593050327897799434e-01 -1.433701643682070426e-01 2.545142515174347864e-02 -1.158097147221042178e-01 2.798839085904774038e-01 2.759238071996605868e-01 -9.528580432396438482e-02 1.974373646592084697e-01 3.674565746430289437e-01 -3.774605804449038260e-02 2.505477650751686269e-01 -1.409874445820946676e-01 5.150120931983224182e-01 4.026318227177512199e-01 -7.174600621505078379e-02 1.680132885921352681e-01 2.533932437343082711e-01 -2.353750715880096323e-01 -1.030577583084664184e-01 4.065761582702975829e-02 -1.264089780531207907e-01 3.609363112974506294e-02 -2.756427111964967480e-01 6.235819884977900074e-02 5.955499608541003909e-02 -1.952838684968583038e-01 4.247511050862726734e-01 1.325306335780851441e-01
-1.303657409752815965e+00 -8.063784505753801568e-01 -1.161209057633357133e+00 -3.271718499919984424e-01 -2.126059773804627184e-01 -2.226730595016306324e-01 2.932248431015409551e-01 2.812987113890699220e-01 1.329790339115675124e-01 2.191532945951735201e-01 7.380896898270066231e-01 1.678462331111063577e-02 3.179374417915710183e-01 -1.184715342765230162e-01 4.026318227177512199e-01 8.496349587220493049e-01 -2.808011253821405262e-01 4.376697543054888229e-01 6.461179330493109774e-01 -4.591057471504882415e-01 -6.293806032215343294e-02 3.589069696263891274e-02 -2.283090428019818319e-02 1.107076918056577597e-01 -4.036065725884725452e-01 2.350726491434329546e-01 1.321106488654777422e-01 -3.275231731536223378e-01 6.457328786667062559e-01 2.139366671094649064e-01
-1.966199371226480253e-01 -6.339387640866789297e-02 8.731982514173637355e-01 -1.472360198955016131e-01 1.867686283936222935e-01 1.292349106816459425e-01 1.791130358611781048e-02 -1.756780756973057578e-01 -5.530080110391395465e-01 2.122688295247598944e-02 -3.850473316743432406e-01 -1.944945474738233315e-01 -1.908617406838288844e-01 5.300112429584373785e-01 -7.174600621505078379e-02 -2.808011253821405262e-01 6.679414523279092464e-01 -2.608536071148250812e-01 -1.798431695803515140e-02 1.556392219907820618e-02 1.147373165179601529e-01 4.655269238971300183e-01 -3.866833298343408387e-01 -1.521247545653636735e-01 1.439787258646560986e-01 -3.046113571830915134e-01 2.052113633465069142e-02 1.848594587443699311e-01 -8.487157130832656549e-02 9.453560802569427324e-02
-2.997064962066815497e-01 -9.074970645934854474e-02 -6.865420469214882360e-01 -1.007301940999241197e-01 -2.158462714884876732e-01 -2.238379134825549954e-01 1.199313915104767148e-01 1.544251026200527122e-02 2.244267645831996560e-01 7.157237976531405366e-02 3.728747167426718079e-01 1.183818804808538516e-01 1.492704912244562365e-01 -1.338295169797447670e-01 1.680132885921352681e-01 4.376697543054888229e-01 -2.608536071148250812e-01 4.238169044162418686e-01 2.880922435562922601e-01 -2.379673721092672167e-01 -3.168696195081111000e-02 -1.978247348851880361e-01 1.486696783777290420e-01 4.570342254731940557e-02 -2.256788418503390403e-01 1.760322119664010643e-01 -2.737523975008571142e-02 -2.425957328683807646e-01 2.262275886872657793e-01 -1.090005259402460069e-02
-1.492531997876881178e+00 -8.511504282780322228e-01 -8.645114602644241586e-01 -3.897244282065912557e-01 -2.059117900196270057e-01 -1.530733426018855425e-01 2.615968458816837483e-01 1.499390544533412140e-01 6.316324271665507695e-03 1.190516695043584150e-01 6.371042072194939010e-01 1.523122645915009343e-02 2.749724817976755276e-01 1.582925552776259792e-02 2.533932437343082711e-01 6.461179330493109774e-01 -1.798431695803515140e-02 2.880922435562922601e-01 7.418385386930879122e-01 -4.605220362120121536e-01 1.872035391943427385e-02 3.951144916202338209e-01 -1.593393613069054027e-01 2.141813793144820011e-03 -3.113377031622235336e-01 1.594212568926991480e-01 1.032510844780745174e-01 -2.450977142126760100e-01 7.326138658262095760e-01 3.304389600406238969e-01
9.871930329399560833e-01 8.301489071765786321e-01 6.485790193774505497e-01 2.094693635834801171e-01 3.368940693840727363e-01 3.639939877348297159e-02 -3.242879320937390730e-01 -2.337838301143051467e-01 -7.064245090219856138e-02 -1.279255350509060918e-01 -6.785974450795038138e-01 5.157523227109095387e-02 -1.751212791168654803e-02 -2.017972433688441924e-01 -2.353750715880096323e-01 -4.591057471504882415e-01 1.556392219907820618e-02 -2.379673721092672167e-01 -4.605220362120121536e-01 6.581004222038018270e-01 -1.189516393696976593e-02 -2.538982951374748609e-01 1.378355547048499830e-01 -7.051170321193467316e-02 2.728786880095412926e-01 -1.794227849397884711e-01 1.264353327468370480e-02 1.737110016449605610e-01 -6.849411026227585353e-01 -1.228057555517239052e-01
-5.980307119614280964e-03 1.118542306039671530e-02 1.246610603968747455e-01 -3.614326002411871741e-02 -4.705370336637315631e-02 4.111378513465524520e-02 -7.927818525843122188e-03 -6.085046666095195178e-02 -3.082611719855776755e-02 -2.902323309342591529e-03 -1.700494370044225434e-02 -4.249321433007935411e-02 -4.407634656388381700e-02 1.063580939492112520e-01 -1.030577583084664184e-01 -6.293806032215343294e-02 1.147373165179601529e-01 -3.168696195081111000e-02 1.872035391943427385e-02 -1.189516393696976593e-02 9.233798509114876651e-02 1.171031998815408315e-01 -8.600399880793929697e-02 -1.481259935638945535e-02 1.228281374096695799e-02 -3.853691401542391759e-02 -3.708784056345848512e-02 1.186133333686711921e-02 2.906452471660259107e-02 1.851896212883730186e-03
-1.246956339272685454e+00 -8.473259141524920324e-01 1.755175191462967632e-01 -3.247467868710600669e-01 3.269374579463146802e-02 1.869082528997978443e-01 1.572832186901109708e-01 1.042238807260105204e-01 -3.765790477206678588e-01 2.788485146385255575e-02 1.947926800119148538e-01 -1.951479251767409551e-01 1.225511930127254345e-02 3.545794236352435291e-01 4.065761582702975829e-02 3.589069696263891274e-02 4.655269238971300183e-01 -1.978247348851880361e-01 3.951144916202338209e-01 -2.538982951374748609e-01 1.171031998815408315e-01 8.486661816251910295e-01 -4.466101400909678887e-01 -1.331553657098538679e-01 8.601929686136600139e-03 -1.220828995437841513e-01 5.342071779153911848e-02 8.600706412227054898e-02 5.181012546797774121e-01 3.290994842010945831e-01
7.438553113782404580e-01 5.910420727789187367e-01 -2.248855261480571244e-01 1.942716061907958647e-01 -6.699226126653456959e-02 -1.438191859454605037e-01 -1.980462142358305755e-01 -1.577053223544453431e-01 3.837887865594211689e-01 -1.339389419547956095e-01 -8.902537403128008009e-02 2.375281645759059757e-01 4.662369307823155395e-03 -3.129241510119982195e-01 -1.264089780531207907e-01 -2.283090428019818319e-02 -3.866833298343408387e-01 1.486696783777290420e-01 -1.593393613069054027e-01 1.378355547048499830e-01 -8.600399880793929697e-02 -4.466101400909678887e-01 4.557898462733191991e-01 3.057539413566701114e-02 7.352781418131826285e-02 1.665840841856720544e-01 -4.560110186332622106e-02 -5.555183879067726593e-02 -3.379215301406475191e-01 -1.738423297142617230e-01
-3.516273756417831464e-03 -9.970543246475926935e-02 -2.269819126709080592e-01 1.184524414952647930e-02 -9.177525647186257629e-02 3.108853360896546292e-02 3.346569590752324075e-02 1.430318524838298799e-01 1.290432807418255834e-01 7.511384049104208316e-02 1.596083628841711288e-01 -6.875942757687880658e-02 1.343264560335910573e-02 -4.003665498481723262e-02 3.609363112974506294e-02 1.107076918056577597e-01 -1.521247545653636735e-01 4.570342254731940557e-02 2.141813793144820011e-03 -7.051170321193467316e-02 -1.481259935638945535e-02 -1.331553657098538679e-01 3.057539413566701114e-02 1.340892698425477647e-01 -6.430589498040717444e-02 6.330405825218576865e-02 5.660910754670567258e-03 -4.572903472029565819e-02 5.763477755658641399e-02 -7.112471383453566887e-02
4.308505593814970780e-01 2.752693766118454732e-01 8.748401281689552889e-01 7.170277560862814425e-02 2.402473918020859855e-01 2.199301247327412057e-01 -2.508409821596160327e-01 -6.196595941480609326e-02 -1.460124185988433965e-01 -1.089254787283948644e-01 -3.702786152455814772e-01 -1.381654620760741636e-01 -2.683770352654164526e-01 1.906524776668447885e-01 -2.756427111964967480e-01 -4.036065725884725452e-01 1.439787258646560986e-01 -2.256788418503390403e-01 -3.113377031622235336e-01 2.728786880095412926e-01 1.228281374096695799e-02 8.601929686136600139e-03 7.352781418131826285e-02 -6.430589498040717444e-02 4.587030482753675642e-01 -1.806652869078106960e-01 -6.075227353608170233e-02 3.732295227722488562e-01 -5.836454756769740015e-01 -1.964949759237697435e-01
-5.868050639986677197e-02 -8.096349240901190569e-02 -7.248781199557470245e-01 4.348657768065322671e-02 -2.045184832118707163e-01 -1.296914177434018711e-01 3.282845122919297864e-02 2.278908157529713208e-02 3.549708032763874144e-01 -4.214633516676258296e-02 2.830963925443938933e-01 2.213613943338827994e-01 1.296533069980227992e-01 -2.532131284785918979e-01 6.235819884977900074e-02 2.350726491434329546e-01 -3.046113571830915134e-01 1.760322119664010643e-01 1.594212568926991480e-01 -1.794227849397884711e-01 -3.853691401542391759e-02 -1.220828995437841513e-01 1.665840841856720544e-01 6.330405825218576865e-02 -1.806652869078106960e-01 2.747868654642502406e-01 -5.476367034867735129e-02 -1.968874729958542957e-01 2.754730122726414265e-01 6.984378305901373096e-02
-3.496402232038917646e-01 -3.158108282598277583e-01 -7.294689729087622254e-02 -1.384048262276564856e-01 1.133052929320683688e-01 1.066331784854810394e-01 2.018622255809532362e-02 1.938375694634828506e-01 -1.573474909109791042e-01 1.042259953003394912e-01 5.635574211760285834e-02 -1.954046078459441560e-01 1.050011121025136163e-01 1.069755442716768812e-02 5.955499608541003909e-02 1.321106488654777422e-01 2.052113633465069142e-02 -2.737523975008571142e-02 1.032510844780745174e-01 1.264353327468370480e-02 -3.708784056345848512e-02 5.342071779153911848e-02 -4.560110186332622106e-02 5.660910754670567258e-03 -6.075227353608170233e-02 -5.476367034867735129e-02 2.777302990610337474e-01 3.060127099678311424e-02 8.815013823948447680e-03 4.058241778034243907e-02
1.175226437347305364e-01 -1.327874774304405037e-01 7.906368275829436243e-01 5.438434714449158491e-03 2.600898533958115877e-01 3.389394881232306034e-01 -1.580721816318941819e-01 1.522424372670343473e-01 -2.369943713221118742e-01 -2.623908352927628584e-02 -2.214804183251430914e-01 -2.742058229383701473e-01 -2.544593005275146425e-01 2.493627514218133001e-01 -1.952838684968583038e-01 -3.275231731536223378e-01 1.848594587443699311e-01 -2.425957328683807646e-01 -2.450977142126760100e-01 1.737110016449605610e-01 1.186133333686711921e-02 8.600706412227054898e-02 -5.555183879067726593e-02 -4.572903472029565819e-02 3.732295227722488562e-01 -1.968874729958542957e-01 3.060127099678311424e-02 4.291941673278074632e-01 -4.135576666310498695e-01 -1.772305725100409290e-01
-1.617433342153333342e+00 -1.266495638952278568e+00 -1.403704448348150891e+00 -2.820609964974778450e-01 -3.904257366895649284e-01 -1.008532909364134866e-01 4.759281426356665179e-01 3.344253256159390730e-01 1.622591430191846484e-01 1.418845754860740271e-01 9.249963647218919505e-01 1.187115840754131568e-01 3.824368698223565843e-01 -1.548238143137723455e-01 4.247511050862726734e-01 6.457328786667062559e-01 -8.487157130832656549e-02 2.262275886872657793e-01 7.326138658262095760e-01 -6.849411026227585353e-01 2.906452471660259107e-02 5.181012546797774121e-01 -3.379215301406475191e-01 5.763477755658641399e-02 -5.836454756769740015e-01 2.754730122726414265e-01 8.815013823948447680e-03 -4.135576666310498695e-01 1.384584641184346765e+00 4.770937049866006419e-01
-7.314324485683982857e-01 -3.244067660903056094e-01 -5.419978739207635954e-01 -1.724352059578677654e-01 -4.528228047774973675e-03 -9.641452798211957997e-02 1.267869555155698436e-01 -3.732701613256494966e-02 -7.842774457606083160e-02 2.151282376854624090e-02 1.152474232386566655e-01 1.392905552053775864e-01 2.558196236855678762e-01 -9.381071190239254065e-02 1.325306335780851441e-01 2.139366671094649064e-01 9.453560802569427324e-02 -1.090005259402460069e-02 3.304389600406238969e-01 -1.228057555517239052e-01 1.851896212883730186e-03 3.290994842010945831e-01 -1.738423297142617230e-01 -7.112471383453566887e-02 -1.964949759237697435e-01 6.984378305901373096e-02 4.058241778034243907e-02 -1.772305725100409290e-01 4.770937049866006419e-01 4.846085518123572911e-01
