3.756953072569331198e+00 2.214283501350223560e+00 3.944241746219177003e-01 7.644183896761660435e-01 -2.591625369194048290e-01 3.222472533164477682e-01 -8.258401405992117361e-01 -6.901574770787419766e-01 1.026521180131794608e+00 -4.863740132101384006e-01 -1.167621213565382732e+00 5.255698595177022980e-01 -4.039611532876961064e-01 -4.326291276578331235e-02 -5.711708845356042730e-01 -8.632080938742205944e-01 1.644355325789774724e-01 -4.356034615750559169e-01 -8.355424581208126256e-01 6.513097393460043349e-01 -2.205704036502993404e-01 -6.706166305053216092e-01 2.864864978836862974e-01 -4.514433977379894714e-01 -1.653420015735491688e-01 -1.305977876656925218e-01 -1.482572043184973154e-01 -2.704887940973890181e-01 -1.025711351013285366e+00 -4.417184805550959936e-01
2.214283501350223560e+00 3.542950668822527405e+00 1.676652099604609703e+00 2.785380893993192331e-01 4.100008033407789299e-01 -1.289262371007623642e+00 -5.999731279417233054e-01 -2.549853175920588910e+00 -6.496581719035816604e-01 -5.357481969422224211e-01 -2.313005574013516252e+00 1.204347517825226532e+00 2.287287998767055797e-01 1.394538530589670700e-01 -2.513523660109058255e-01 -7.564744139604044904e-01 1.420549535881491465e+00 -2.615507601014996908e-01 -5.434441199252830756e-01 1.630514242607091546e+00 5.049819306469771618e-02 -3.312249460279304003e-01 2.172800401439189955e-01 -7.608885482063669770e-01 3.005511993289360362e-01 -5.937634196713474921e-01 -1.786774397623958066e-02 -2.552378204833871678e-01 -1.904125504443470618e+00 2.990778203050581396e-01
3.944241746219177003e-01 1.676652099604609703e+00 1.884357464778645408e+00 -1.571565056224244472e-04 5.702731398645823901e-01 -1.049681903975908881e+00 -1.246822244152667736e-01 -1.484746227191749313e+00 -1.135777238124831001e+00 -3.129015502939864746e-01 -1.505257488540053146e+00 4.196639540007254254e-01 1.697239302923776449e-01 1.032933256472574612e-01 -1.398535632069979329e-01 -6.391629025617930893e-01 1.035756511904764920e+00 -3.945263449168123771e-02 -3.091511285417709587e-01 9.983583078715696502e-01 3.274480786863023241e-01 3.150794396447054169e-02 -1.576403886019761558e-03 -3.696181929446424874e-01 4.972968542146531945e-01 -3.791660130043510435e-01 -3.709302537203029715e-02 2.931020594625692866e-01 -1.013587148888746015e+00 1.400070478254633599e-01
7.644183896761660435e-01 2.785380893993192331e-01 -1.571565056224244472e-04 3.535476311802767668e-01 -2.243875289783545668e-01 2.567975234370578619e-01 -1.504955943844379362e-01 7.350085720128163302e-02 4.627314270099418536e-01 -1.375603166790142495e-01 -5.894226841076033452e-02 -1.328548100639181939e-02 -2.323723286220911177e-01 1.296729953406838831e-02 -2.212913492579104968e-01 -2.524437720274477215e-01 -1.163774219133415500e-01 -1.230434259607022796e-01 -2.254632950029531457e-01 -3.700628505816894176e-02 -2.593531243724100932e-02 -1.485900969155977691e-01 3.824224081051852409e-02 -3.710571186184097314e-02 -3.667724193007870781e-02 6.244364096147592136e-02 -7.543794300602257863e-02 6.563805993255300564e-02 -2.897913356770231985e-02 -2.232735264745997483e-01
-2.591625369194048290e-01 4.100008033407789299e-01 5.702731398645823901e-01 -2.243875289783545668e-01 9.677443620774397459e-01 -6.176561259243840141e-01 6.806913954051196924e-03 -6.859902151916799085e-01 -9.833078862081947591e-01 1.006414585240804627e-01 -8.216452291822520237e-01 4.457869356323840293e-01 4.034222064141204100e-01 -1.124686985023686248e-01 2.932290710081133511e-01 5.826417355149260402e-02 4.597590966811253566e-01 1.269411518195511235e-01 -1.102137952720738667e-01 6.404179520628190403e-01 8.871036726020520291e-03 -1.763680657473969404e-01 4.775003966597068938e-02 -1.910570057303289104e-01 1.950736292530450555e-01 -2.356833422673503264e-01 6.634666418028700718e-02 5.923904737187513092e-03 -6.698863512371531215e-01 2.805723826864436887e-01
3.222472533164477682e-01 -1.289262371007623642e+00 -1.049681903975908881e+00 2.567975234370578619e-01 -6.176561259243840141e-01 1.464837804444584890e+00 4.355561242277872225e-03 1.638508007696543700e+00 1.271935800900166669e+00 9.187562202987464843e-02 1.084799486773874833e+00 -8.933000257226240137e-01 -4.308323971973209154e-01 -1.568939452516247002e-01 -3.987796963746177425e-01 -8.531331843425959960e-02 -1.019637731723094021e+00 -1.004136115965934550e-01 -1.438061179214571439e-01 -7.572536329503805064e-01 -2.587839908198930061e-02 -1.446851352707767546e-01 2.103762252335172889e-02 3.586925085680263692e-01 -1.613832215933257430e-01 3.533586419177936477e-01 -2.163898430569588527e-02 2.907429159606067515e-01 7.429998680680114376e-01 -6.057717308090104780e-01
-8.258401405992117361e-01 -5.999731279417233054e-01 -1.246822244152667736e-01 -1.504955943844379362e-01 6.806913954051196924e-03 4.355561242277872225e-03 3.934591235158109157e-01 2.507717082515910079e-01 -3.293923454744458468e-01 1.392369917749078922e-01 3.522918793097460366e-01 -1.323000701956971170e-01 4.272238026788954812e-02 4.347407883443565879e-02 2.776896177758203521e-01 1.832258270582087789e-01 -5.505236603045204902e-02 1.029625955572441853e-01 1.271541123167025944e-01 -3.005340370980320586e-01 8.938308837798558670e-03 1.226349387757181830e-01 -1.429773502125044615e-01 1.002855404332194666e-01 -7.462685276721003902e-02 4.913523628209759408e-02 3.335136623888956819e-03 4.252662378274862931e-02 3.960577991775835471e-01 8.880843688098138955e-02
-6.901574770787419766e-01 -2.549853175920588910e+00 -1.484746227191749313e+00 7.350085720128163302e-02 -6.859902151916799085e-01 1.638508007696543700e+00 2.507717082515910079e-01 2.551242506163077906e+00 1.291110131777543302e+00 3.585351380888823769e-01 1.967335744296804023e+00 -1.325822409937359225e+00 -3.897818857638526424e-01 -2.830297207358398737e-01 -1.747839540009863413e-01 3.267472501738097890e-01 -1.526709070805111423e+00 8.696991498123907149e-02 8.645375369752628103e-02 -1.239970789000665263e+00 -5.997454619597419878e-02 -1.172602376216786979e-01 -3.109974261082015801e-02 6.603488058849507070e-01 -2.420848079522102125e-01 5.198906623154471163e-01 3.810658864364313558e-02 3.432762193729104183e-01 1.278183079678683498e+00 -6.697139529154583215e-01
1.026521180131794608e+00 -6.496581719035816604e-01 -1.135777238124831001e+00 4.627314270099418536e-01 -9.833078862081947591e-01 1.271935800900166669e+00 -3.293923454744458468e-01 1.291110131777543302e+00 1.882924953081612784e+00 -7.207928182452860710e-02 1.083755954198352356e+00 -6.278719169680471168e-01 -5.652048685705040043e-01 -8.147333334704853769e-02 -6.586194338277095994e-01 -1.029354941783253707e-01 -1.053400461542594257e+00 -2.254144298563005577e-01 -1.101126840623294356e-01 -6.741511042206980164e-01 -1.038244303233568644e-01 -2.156023822197994377e-01 1.699302777984144086e-01 3.172501058089096659e-01 -1.863437633560351969e-01 3.848300283074763684e-01 -7.556026126803772058e-02 9.241756792584965297e-02 5.123612687999639093e-01 -6.450438325194340905e-01
-4.863740132101384006e-01 -5.357481969422224211e-01 -3.129015502939864746e-01 -1.375603166790142495e-01 1.006414585240804627e-01 9.187562202987464843e-02 1.392369917749078922e-01 3.585351380888823769e-01 -7.207928182452860710e-02 2.093491040942012660e-01 3.452302821583543846e-01 -1.424937991714614327e-01 1.167449994717344453e-01 -9.133357273140063626e-02 1.890188677380706395e-01 2.409390856079767218e-01 -2.094732186603209811e-01 1.064227135863120566e-01 7.438834033516172894e-02 -1.458370651555469522e-01 -5.186728229176651439e-02 -5.259376231009582625e-02 -1.652404095756310198e-02 1.184045548686185612e-01 -6.721181198071235485e-02 3.781290738004372542e-02 5.185672925830431268e-02 -3.691768424931751724e-02 1.566942294302293703e-01 2.176473563793024368e-02
-1.167621213565382732e+00 -2.313005574013516252e+00 -1.505257488540053146e+00 -5.894226841076033452e-02 -8.216452291822520237e-01 1.084799486773874833e+00 3.522918793097460366e-01 1.967335744296804023e+00 1.083755954198352356e+00 3.452302821583543846e-01 2.096642268890775540e+00 -9.560192907143800767e-01 -3.077588408315818924e-01 -9.947335740855578479e-02 8.540033785777723097e-03 5.965022353811377798e-01 -1.310599219232699397e+00 1.276418948776836260e-01 3.925938164387048346e-01 -1.293521993113415647e+00 -1.136858370401228058e-01 8.282815443897106888e-02 -4.560677450052708082e-02 6.405342673529048625e-01 -3.006380937088124483e-01 4.888966138344130741e-01 2.204291245567446822e-02 6.551235602194083185e-02 1.330975410604821718e+00 -3.923522631936862126e-01
5.255698595177022980e-01 1.204347517825226532e+00 4.196639540007254254e-01 -1.328548100639181939e-02 4.457869356323840293e-01 -8.933000257226240137e-01 -1.323000701956971170e-01 -1.325822409937359225e+00 -6.278719169680471168e-01 -1.424937991714614327e-01 -9.560192907143800767e-01 1.041451442505433533e+00 1.840447750470275423e-01 1.695609129301942630e-01 2.983901861896356422e-01 3.065188892713877067e-02 7.075094197212479230e-01 -4.342012835979858210e-02 -2.797909729576986138e-02 5.076834094943478703e-01 -1.748055984298844123e-01 -4.338473370364681614e-02 5.320505397992292274e-02 -3.740502674411345652e-01 -1.944254959954605511e-02 -2.099345703967969712e-01 -8.275097078285398311e-02 -3.613811967513811396e-01 -5.963153532969727166e-01 4.366921119122366690e-01
-4.039611532876961064e-01 2.287287998767055797e-01 1.697239302923776449e-01 -2.323723286220911177e-01 4.034222064141204100e-01 -4.308323971973209154e-01 4.272238026788954812e-02 -3.897818857638526424e-01 -5.652048685705040043e-01 1.167449994717344453e-01 -3.077588408315818924e-01 1.840447750470275423e-01 3.704931432291118654e-01 -8.668646118434253367e-02 2.434525516704297843e-01 1.767034189903142760e-01 3.008527238691272032e-01 1.423710772406252545e-01 8.463915973786129143e-02 3.483768965974718412e-01 5.094951962064442341e-03 -2.740261671408461552e-02 -1.523054501643628100e-02 -8.862046556146196963e-02 2.247297230701406079e-02 -1.802197628890098713e-01 1.108440170336280062e-01 -1.500398197524646093e-01 -3.017021506553874133e-01 2.291266766731041571e-01
-4.326291276578331235e-02 1.394538530589670700e-01 1.032933256472574612e-01 1.296729953406838831e-02 -1.124686985023686248e-01 -1.568939452516247002e-01 4.347407883443565879e-02 -2.830297207358398737e-01 -8.147333334704853769e-02 -9.133357273140063626e-02 -9.947335740855578479e-02 1.695609129301942630e-01 -8.668646118434253367e-02 2.304148968230492756e-01 -1.964047569055082931e-02 -5.620088410137213941e-02 1.744260612100561048e-01 -7.363031088772231669e-02 9.032116623103547681e-02 -1.107367892712431967e-01 1.898296163994928065e-02 2.036490270070316910e-01 -6.593042822521510971e-02 -2.919968593181465621e-02 -1.763668730114886785e-02 1.761554366180462239e-02 -7.376433556572692396e-02 -5.529058045357260198e-02 1.097289691676337497e-01 1.427646070943637824e-01
-5.711708845356042730e-01 -2.513523660109058255e-01 -1.398535632069979329e-01 -2.212913492579104968e-01 2.932290710081133511e-01 -3.987796963746177425e-01 2.776896177758203521e-01 -1.747839540009863413e-01 -6.586194338277095994e-01 1.890188677380706395e-01 8.540033785777723097e-03 2.983901861896356422e-01 2.434525516704297843e-01 -1.964047569055082931e-02 6.971694109516874960e-01 3.881935638284517154e-01 1.915366943948697553e-01 1.880633339876567334e-01 1.394322922665764963e-01 -9.428819032581259307e-02 -1.944791901227631570e-01 2.464907768657553788e-02 -1.130680648254269727e-01 -8.147053979990914740e-02 -1.980453480121013854e-01 -3.362355429391072903e-02 -5.805815777705447545e-03 -2.719292015028145215e-01 1.934518654300632079e-01 2.953873875780459457e-01
-8.632080938742205944e-01 -7.564744139604044904e-01 -6.391629025617930893e-01 -2.524437720274477215e-01 5.826417355149260402e-02 -8.531331843425959960e-02 1.832258270582087789e-01 3.267472501738097890e-01 -1.029354941783253707e-01 2.409390856079767218e-01 5.965022353811377798e-01 3.065188892713877067e-02 1.767034189903142760e-01 -5.620088410137213941e-02 3.881935638284517154e-01 6.135847363806021804e-01 -2.590562526377766517e-01 1.984721080919200631e-01 3.280467321209812326e-01 -2.794175415664312823e-01 -1.667867180226494384e-01 2.085946068660859964e-03 -8.131395888455017484e-03 1.556532876408027732e-01 -1.798149396169606007e-01 7.335670178804321040e-02 7.870727952962397467e-02 -2.491180586005157238e-01 3.044094652532862710e-01 1.425208835772764360e-01
1.644355325789774724e-01 1.420549535881491465e+00 1.035756511904764920e+00 -1.163774219133415500e-01 4.597590966811253566e-01 -1.019637731723094021e+00 -5.505236603045204902e-02 -1.526709070805111423e+00 -1.053400461542594257e+00 -2.094732186603209811e-01 -1.310599219232699397e+00 7.075094197212479230e-01 3.008527238691272032e-01 1.744260612100561048e-01 1.915366943948697553e-01 -2.590562526377766517e-01 1.131897005977066328e+00 -9.410894381289836019e-05 2.094343383333807651e-03 7.052307968403397354e-01 1.075831851586031007e-01 2.495925907019795886e-01 -1.034335005423940856e-01 -4.430628283221267338e-01 1.193576741534343455e-01 -3.539424221647209379e-01 -1.434991875453306420e-02 -1.963741952514510558e-01 -5.971772049661012716e-01 4.881609085339277954e-01
-4.356034615750559169e-01 -2.615507601014996908e-01 -3.945263449168123771e-02 -1.230434259607022796e-01 1.269411518195511235e-01 -1.004136115965934550e-01 1.029625955572441853e-01 8.696991498123907149e-02 -2.254144298563005577e-01 1.064227135863120566e-01 1.276418948776836260e-01 -4.342012835979858210e-02 1.423710772406252545e-01 -7.363031088772231669e-02 1.880633339876567334e-01 1.984721080919200631e-01 -9.410894381289836019e-05 2.300383978496824966e-01 1.251339674775522326e-01 -3.554291767875383812e-02 -4.750461176968201471e-03 -1.879951917842959119e-02 -1.951704406658905100e-02 3.879750699604755937e-02 -4.206354863100614239e-03 -3.056720682826608027e-02 -3.441101713576699694e-03 -9.370802889759488608e-02 7.934974489108981288e-02 -4.000596871929928966e-02
-8.355424581208126256e-01 -5.434441199252830756e-01 -3.091511285417709587e-01 -2.254632950029531457e-01 -1.102137952720738667e-01 -1.438061179214571439e-01 1.271541123167025944e-01 8.645375369752628103e-02 -1.101126840623294356e-01 7.438834033516172894e-02 3.925938164387048346e-01 -2.797909729576986138e-02 8.463915973786129143e-02 9.032116623103547681e-02 1.394322922665764963e-01 3.280467321209812326e-01 2.094343383333807651e-03 1.251339674775522326e-01 4.584674440131095707e-01 -2.874341743693662465e-01 1.967269301425744743e-02 3.454528157379570530e-01 -7.481921174925787454e-02 1.159029758197505089e-01 -1.104558248340481441e-01 3.150171647467914227e-02 2.814142833005917055e-02 -2.466869637581794450e-01 4.129468795158857120e-01 1.627658399476104023e-01
6.513097393460043349e-01 1.630514242607091546e+00 9.983583078715696502e-01 -3.700628505816894176e-02 6.404179520628190403e-01 -7.572536329503805064e-01 -3.005340370980320586e-01 -1.239970789000665263e+00 -6.741511042206980164e-01 -1.458370651555469522e-01 -1.293521993113415647e+00 5.076834094943478703e-01 3.483768965974718412e-01 -1.107367892712431967e-01 -9.428819032581259307e-02 -2.794175415664312823e-01 7.052307968403397354e-01 -3.554291767875383812e-02 -2.874341743693662465e-01 1.165529667463147234e+00 1.185599360689479909e-01 -2.580477043822497762e-01 1.287765886410170424e-01 -3.592181545507173723e-01 3.134805507111195766e-01 -4.090301764145465313e-01 9.715109144559619381e-02 -4.889291471727119642e-03 -1.217208373663254406e+00 1.987005136136872352e-01
-2.205704036502993404e-01 5.049819306469771618e-02 3.274480786863023241e-01 -2.593531243724100932e-02 8.871036726020520291e-03 -2.587839908198930061e-02 8.938308837798558670e-03 -5.997454619597419878e-02 -1.038244303233568644e-01 -5.186728229176651439e-02 -1.136858370401228058e-01 -1.748055984298844123e-01 5.094951962064442341e-03 1.898296163994928065e-02 -1.944791901227631570e-01 -1.667867180226494384e-01 1.075831851586031007e-01 -4.750461176968201471e-03 1.967269301425744743e-02 1.185599360689479909e-01 2.127953482121256457e-01 1.520358006903279602e-01 -4.824724898526255856e-02 1.886652827835177959e-02 1.454347550977672654e-01 -4.846186868877566667e-02 -1.259114114515114125e-02 1.339823258998649180e-01 -3.412628318534416394e-02 -4.278236980871952255e-02
-6.706166305053216092e-01 -3.312249460279304003e-01 3.150794396447054169e-02 -1.485900969155977691e-01 -1.763680657473969404e-01 -1.446851352707767546e-01 1.226349387757181830e-01 -1.172602376216786979e-01 -2.156023822197994377e-01 -5.259376231009582625e-02 8.282815443897106888e-02 -4.338473370364681614e-02 -2.740261671408461552e-02 2.036490270070316910e-01 2.464907768657553788e-02 2.085946068660859964e-03 2.495925907019795886e-01 -1.879951917842959119e-02 3.454528157379570530e-01 -2.580477043822497762e-01 1.520358006903279602e-01 6.311244122964865255e-01 -1.896264571060726212e-01 -8.882758247125366324e-03 -6.534555461550439759e-02 2.107605864603101509e-02 -3.855821655395175185e-02 -1.367492135760244309e-01 5.153843615999562644e-01 2.617172834496841460e-01
2.864864978836862974e-01 2.172800401439189955e-01 -1.576403886019761558e-03 3.824224081051852409e-02 4.775003966597068938e-02 2.103762252335172889e-02 -1.429773502125044615e-01 -3.109974261082015801e-02 1.699302777984144086e-01 -1.652404095756310198e-02 -4.560677450052708082e-02 5.320505397992292274e-02 -1.523054501643628100e-02 -6.593042822521510971e-02 -1.130680648254269727e-01 -8.131395888455017484e-03 -1.034335005423940856e-01 -1.951704406658905100e-02 -7.481921174925787454e-02 1.287765886410170424e-01 -4.824724898526255856e-02 -1.896264571060726212e-01 1.832542656181317398e-01 8.156196149059269374e-03 9.244411758709247806e-02 -7.785581776829531009e-03 3.483652836473538628e-02 3.013545332345302086e-02 -3.232073828572197272e-01 -1.047570579743251074e-01
-4.514433977379894714e-01 -7.608885482063669770e-01 -3.696181929446424874e-01 -3.710571186184097314e-02 -1.910570057303289104e-01 3.586925085680263692e-01 1.002855404332194666e-01 6.603488058849507070e-01 3.172501058089096659e-01 1.184045548686185612e-01 6.405342673529048625e-01 -3.740502674411345652e-01 -8.862046556146196963e-02 -2.919968593181465621e-02 -8.147053979990914740e-02 1.556532876408027732e-01 -4.430628283221267338e-01 3.879750699604755937e-02 1.159029758197505089e-01 -3.592181545507173723e-01 1.886652827835177959e-02 -8.882758247125366324e-03 8.156196149059269374e-03 2.743775121870157818e-01 -1.159555850631477369e-02 1.523736941160791503e-01 7.272322122503283026e-03 1.073995387561126336e-01 3.220138689686677935e-01 -1.901157342410328965e-01
-1.653420015735491688e-01 3.005511993289360362e-01 4.972968542146531945e-01 -3.667724193007870781e-02 1.950736292530450555e-01 -1.613832215933257430e-01 -7.462685276721003902e-02 -2.420848079522102125e-01 -1.863437633560351969e-01 -6.721181198071235485e-02 -3.006380937088124483e-01 -1.944254959954605511e-02 2.247297230701406079e-02 -1.763668730114886785e-02 -1.980453480121013854e-01 -1.798149396169606007e-01 1.193576741534343455e-01 -4.206354863100614239e-03 -1.104558248340481441e-01 3.134805507111195766e-01 1.454347550977672654e-01 -6.534555461550439759e-02 9.244411758709247806e-02 -1.159555850631477369e-02 3.743773070673057646e-01 -6.312537655173855455e-02 -3.270118734883453726e-02 3.026228193410815948e-01 -3.974249716251279096e-01 -2.901396189093929934e-02
-1.305977876656925218e-01 -5.937634196713474921e-01 -3.791660130043510435e-01 6.244364096147592136e-02 -2.356833422673503264e-01 3.533586419177936477e-01 4.913523628209759408e-02 5.198906623154471163e-01 3.848300283074763684e-01 3.781290738004372542e-02 4.888966138344130741e-01 -2.099345703967969712e-01 -1.802197628890098713e-01 1.761554366180462239e-02 -3.362355429391072903e-02 7.335670178804321040e-02 -3.539424221647209379e-01 -3.056720682826608027e-02 3.150171647467914227e-02 -4.090301764145465313e-01 -4.846186868877566667e-02 2.107605864603101509e-02 -7.785581776829531009e-03 1.523736941160791503e-01 -6.312537655173855455e-02 2.147885258061137392e-01 -5.515030220760763768e-02 9.861614388688622057e-02 3.590151452555687683e-01 -1.336550333197692453e-01
-1.482572043184973154e-01 -1.786774397623958066e-02 -3.709302537203029715e-02 -7.543794300602257863e-02 6.634666418028700718e-02 -2.163898430569588527e-02 3.335136623888956819e-03 3.810658864364313558e-02 -7.556026126803772058e-02 5.185672925830431268e-02 2.204291245567446822e-02 -8.275097078285398311e-02 1.108440170336280062e-01 -7.376433556572692396e-02 -5.805815777705447545e-03 7.870727952962397467e-02 -1.434991875453306420e-02 -3.441101713576699694e-03 2.814142833005917055e-02 9.715109144559619381e-02 -1.259114114515114125e-02 -3.855821655395175185e-02 3.483652836473538628e-02 7.272322122503283026e-03 -3.270118734883453726e-02 -5.515030220760763768e-02 2.049376955212096618e-01 2.207288477251267977e-02 -9.735012513237961684e-02 2.667313729398301803e-02
-2.704887940973890181e-01 -2.552378204833871678e-01 2.931020594625692866e-01 6.563805993255300564e-02 5.923904737187513092e-03 2.907429159606067515e-01 4.252662378274862931e-02 3.432762193729104183e-01 9.241756792584965297e-02 -3.691768424931751724e-02 6.551235602194083185e-02 -3.613811967513811396e-01 -1.500398197524646093e-01 -5.529058045357260198e-02 -2.719292015028145215e-01 -2.491180586005157238e-01 -1.963741952514510558e-01 -9.370802889759488608e-02 -2.466869637581794450e-01 -4.889291471727119642e-03 1.339823258998649180e-01 -1.367492135760244309e-01 3.013545332345302086e-02 1.073995387561126336e-01 3.026228193410815948e-01 9.861614388688622057e-02 2.207288477251267977e-02 6.792122436981458122e-01 -3.167176664123871888e-02 -2.126988201504218523e-01
-1.025711351013285366e+00 -1.904125504443470618e+00 -1.013587148888746015e+00 -2.897913356770231985e-02 -6.698863512371531215e-01 7.429998680680114376e-01 3.960577991775835471e-01 1.278183079678683498e+00 5.123612687999639093e-01 1.566942294302293703e-01 1.330975410604821718e+00 -5.963153532969727166e-01 -3.017021506553874133e-01 1.097289691676337497e-01 1.934518654300632079e-01 3.044094652532862710e-01 -5.971772049661012716e-01 7.934974489108981288e-02 4.129468795158857120e-01 -1.217208373663254406e+00 -3.412628318534416394e-02 5.153843615999562644e-01 -3.232073828572197272e-01 3.220138689686677935e-01 -3.974249716251279096e-01 3.590151452555687683e-01 -9.735012513237961684e-02 -3.167176664123871888e-02 1.633700350828007686e+00 -1.087976539818669153e-01
-4.417184805550959936e-01 2.990778203050581396e-01 1.400070478254633599e-01 -2.232735264745997483e-01 2.805723826864436887e-01 -6.057717308090104780e-01 8.880843688098138955e-02 -6.697139529154583215e-01 -6.450438325194340905e-01 2.176473563793024368e-02 -3.923522631936862126e-01 4.366921119122366690e-01 2.291266766731041571e-01 1.427646070943637824e-01 2.953873875780459457e-01 1.425208835772764360e-01 4.881609085339277954e-01 -4.000596871929928966e-02 1.627658399476104023e-01 1.987005136136872352e-01 -4.278236980871952255e-02 2.617172834496841460e-01 -1.047570579743251074e-01 -1.901157342410328965e-01 -2.901396189093929934e-02 -1.336550333197692453e-01 2.667313729398301803e-02 -2.126988201504218523e-01 -1.087976539818669153e-01 6.249614548281670068e-01
