4.406896097795311107e+00 2.919362229435364497e+00 1.917372566936876410e+00 8.692644686990433911e-01 3.607160289720923174e-01 5.026194051417860464e-01 -1.077463021077619487e+00 -2.300653621176707020e-01 6.862138464471740917e-01 -4.830835088827711843e-01 -1.197582993735522905e+00 5.645993598477616615e-03 -8.986618347105945759e-01 -6.229725950277043012e-02 -7.836541718687044522e-01 -9.469908877683792525e-01 -5.279632850237021557e-01 -4.471537474656770428e-01 -1.132850335617831661e+00 3.228030436065409958e-02 -3.050650807799684117e-01 -9.682009287174651035e-01 1.643962535256378032e-01 -2.120428818265622795e-01 2.249073494310778187e-01 -1.740910563434567848e-01 -5.875077635387242481e-01 6.183544680880004307e-03 -1.284754880938407950e+00 -7.764267359707446303e-01
2.919362229435364497e+00 5.946395410174204699e+00 5.100882105821256118e-01 5.662556334892769883e-01 1.291493772890248692e-01 -1.345922922770682817e+00 -4.085577126963357841e-01 -2.332814726912374681e+00 1.716386669000542042e+00 -4.265884363381928779e-01 -9.762177136579452963e-01 2.228073380085959343e+00 -7.819738157076017160e-02 -4.126714942206035630e-01 -3.633469668679936149e-01 -5.338015691820032771e-01 7.448335856217909168e-01 -2.953001966901638298e-01 -6.328758053093395120e-01 1.268300123391156831e+00 -5.186609864730371555e-01 -1.027360769574272581e+00 -2.093887806358907255e-02 -1.002945620722243802e+00 3.695584387912731472e-03 -1.549769103194080344e+00 -2.926357178700982331e-01 -3.819313478499566372e-01 -2.796267222918174866e+00 -6.357360951871555699e-01
1.917372566936876410e+00 5.100882105821256118e-01 3.162059391174921075e+00 3.736723199123161976e-01 3.014036026590360962e-01 4.429107566407424201e-01 -5.431739504786605721e-01 -1.757251774455426130e-01 -1.141027079585342108e+00 -3.041664516692890174e-01 -1.230178868016423621e+00 -1.173577929149189458e+00 -7.738087615450695012e-01 1.458079476772695671e-01 -8.275456633247699756e-01 -8.936264624132945755e-01 -5.766026044759087199e-01 -2.452922054201280844e-01 -6.109807458829550342e-01 -2.991197743361908579e-01 3.430377905341970290e-01 -5.733027432484050223e-03 2.779377719455737861e-01 3.334733145224504369e-01 5.211908005300074365e-01 7.220464036045086686e-01 -5.997655220493243178e-01 3.192529340342389332e-01 3.243424008820738891e-01 -2.942732592023276084e-01
8.692644686990433911e-01 5.662556334892769883e-01 3.736723199123161976e-01 3.860937694631729755e-01 1.124235404060982546e-01 1.523611213185063207e-01 -1.863749826546836630e-01 -9.403788592294404225e-03 2.810349677266117396e-01 -1.563722044068072137e-01 -1.893042015813080070e-01 1.927337406988272051e-02 -1.856206625150207401e-01 -1.196221207833900735e-01 -2.707696295009327514e-01 -3.212463380726262585e-01 -7.192123775092795768e-02 -1.272156175031682324e-01 -3.280594874416351558e-01 2.262966309172043111e-02 1.199417353694798294e-02 -2.062531931102284943e-01 1.750154997284880665e-02 -5.710381297387812083e-02 7.848855298027501703e-02 -5.130421400986051594e-02 -1.746989854893854499e-01 5.008119546113221077e-02 -2.772551054736709375e-01 -2.085463159687606094e-01
3.607160289720923174e-01 1.291493772890248692e-01 3.014036026590360962e-01 1.124235404060982546e-01 5.650259539227135974e-01 8.416184059700526632e-02 -1.765064787865640028e-01 -1.030119837150209605e-01 -1.592733746900876213e-01 1.073575371685819846e-02 -4.429365269002687455e-01 4.207469839047917048e-02 8.922130355836088711e-02 -2.528161509521851258e-01 -1.893228226356313826e-01 -1.623608174022024286e-01 -5.243895065495962626e-02 -6.186370910614868990e-02 -1.861633540317200186e-01 2.499003134746544674e-01 6.670614338543146005e-02 -1.750562345988555535e-01 1.123918715873060137e-01 7.033212504666153109e-03 9.470150236990093617e-02 1.540597464901338753e-02 -4.309197182254820291e-02 3.228934409730754851e-02 -2.206698945877860751e-01 -4.782752315281868505e-02
5.026194051417860464e-01 -1.345922922770682817e+00 4.429107566407424201e-01 1.523611213185063207e-01 8.416184059700526632e-02 1.094189194197383586e+00 -3.425246518139033469e-01 9.890883356954986994e-01 -3.379120843356417936e-01 -5.437368032988842970e-02 -1.103000900608321899e-01 -1.140142392973416463e+00 -3.086395134685062658e-01 1.209935769829826313e-01 -2.900401727380881312e-01 -3.056793096732235426e-01 -4.992475965216272016e-01 -1.272772130111547995e-01 -2.445706973147139252e-01 -4.483363240567541652e-01 2.108213195544976770e-01 1.072902902172359063e-01 4.758126065155465767e-02 3.799265633861637070e-01 2.080825385401112726e-01 5.484367995871934909e-01 -1.032182177357299224e-01 2.854349934536344335e-01 6.135452875654436866e-01 -1.292579637344601906e-01
-1.077463021077619487e+00 -4.085577126963357841e-01 -5.431739504786605721e-01 -1.863749826546836630e-01 -1.765064787865640028e-01 -3.425246518139033469e-01 5.196874199198191491e-01 -9.937625885197576281e-02 -1.317068003378949470e-01 1.679989406039226196e-01 3.866009780382455574e-01 2.294390384840312436e-01 2.443778593637375707e-01 -2.039622594605816630e-02 3.142024101242100187e-01 2.693032952140015368e-01 2.548106352552963472e-01 1.760812941929543740e-01 2.497371052080552545e-01 3.838195894729778956e-03 1.260990754224167176e-02 1.420453234660499220e-01 -1.066514507146507640e-01 -4.530955863486951785e-02 -2.091501722374005112e-01 -8.498694023984398882e-02 1.347824109351449806e-01 -1.201621217752517623e-01 2.512252919522097727e-01 1.955996270878017640e-01
-2.300653621176707020e-01 -2.332814726912374681e+00 -1.757251774455426130e-01 -9.403788592294404225e-03 -1.030119837150209605e-01 9.890883356954986994e-01 -9.937625885197576281e-02 1.594757434171583554e+00 -3.631915492059647477e-01 1.658707412220223887e-01 3.954705338407507043e-01 -1.286811276395667392e+00 -1.542784982589751053e-01 1.556337929088726924e-01 8.979841721458114989e-02 1.446285760989098890e-01 -6.341041957412016927e-01 5.232148786666357410e-02 -5.625905683552900882e-02 -6.208430749447870767e-01 9.569994318479757567e-02 3.963172137554238361e-02 2.920440209669550313e-02 5.097937067902194030e-01 -4.028329770790151088e-03 6.294958174211728874e-01 1.173894041086214202e-01 2.032801507294834664e-01 8.862118646276258005e-01 -2.836284581263726068e-02
6.862138464471740917e-01 1.716386669000542042e+00 -1.141027079585342108e+00 2.810349677266117396e-01 -1.592733746900876213e-01 -3.379120843356417936e-01 -1.317068003378949470e-01 -3.631915492059647477e-01 1.576198454938378291e+00 -1.745504941077911099e-01 4.429559558884079706e-01 1.135832657978539828e+00 1.177156063998836544e-01 -2.972797358621050989e-01 -3.272176673988269613e-02 2.243215789678743022e-02 2.376063228726934540e-01 -7.944136668783130517e-02 -1.523469609232108724e-01 4.601188401148874618e-01 -3.160803820206297132e-01 -4.878143560595731287e-01 -4.233067693439807044e-02 -4.221996101687750524e-01 -5.841480279661936947e-02 -7.830983592777442936e-01 1.712690336472633135e-02 -1.025626639737424739e-01 -1.211894166111733284e+00 -3.997761689427647980e-01
-4.830835088827711843e-01 -4.265884363381928779e-01 -3.041664516692890174e-01 -1.563722044068072137e-01 1.073575371685819846e-02 -5.437368032988842970e-02 1.679989406039226196e-01 1.658707412220223887e-01 -1.745504941077911099e-01 2.412472091517088302e-01 1.059984700947325109e-01 -1.128012677680203524e-01 1.254068069803224716e-01 4.647333013519983069e-02 2.717114965184919129e-01 2.488318446110042714e-01 4.107818980799038400e-03 1.435583705483054473e-01 1.137224018608549159e-01 -4.033254723435675260e-02 -4.658120269789378654e-02 -3.779547185018827804e-02 -2.275183137601288763e-02 6.442540055121526166e-02 -1.384736935919477219e-01 3.034730641064697920e-02 1.257095839977750984e-01 -8.148256684353327728e-02 1.261395246778533874e-01 8.706886642215749816e-02
-1.197582993735522905e+00 -9.762177136579452963e-01 -1.230178868016423621e+00 -1.893042015813080070e-01 -4.429365269002687455e-01 -1.103000900608321899e-01 3.866009780382455574e-01 3.954705338407507043e-01 4.429559558884079706e-01 1.059984700947325109e-01 1.218521097761254168e+00 1.793495762712495889e-01 2.528597556822660408e-01 -1.132644546026426724e-01 3.465769074027775787e-01 4.276067356708495026e-01 -3.283839486130091245e-03 1.832311186875017484e-01 3.169975989008548822e-01 -1.151658391965497685e-01 -8.972200117284501175e-02 7.062915828032600984e-02 -7.112507661247491342e-02 1.571641301677573210e-02 -1.506935861382885378e-01 -9.471911242764008421e-02 2.192659537574854767e-01 -2.311246320795135034e-02 2.027208763218482090e-01 4.310483618405669404e-02
5.645993598477616615e-03 2.228073380085959343e+00 -1.173577929149189458e+00 1.927337406988272051e-02 4.207469839047917048e-02 -1.140142392973416463e+00 2.294390384840312436e-01 -1.286811276395667392e+00 1.135832657978539828e+00 -1.128012677680203524e-01 1.793495762712495889e-01 2.033214287810494625e+00 4.000230813014127307e-01 -3.468628546400509549e-01 1.787797302292801760e-01 2.091131634152247898e-01 6.705342345175040464e-01 2.764750400535831432e-02 1.263416489382507280e-01 7.346322862987904045e-01 -3.624819169529018836e-01 -3.262880194225488140e-01 -6.490118104045450309e-02 -6.738814283445435649e-01 -2.217115905727951031e-01 -9.515742287820785350e-01 3.108178211857648421e-02 -3.290348841647983136e-01 -1.204514765987482861e+00 -5.647199577805395165e-02
-8.986618347105945759e-01 -7.819738157076017160e-02 -7.738087615450695012e-01 -1.856206625150207401e-01 8.922130355836088711e-02 -3.086395134685062658e-01 2.443778593637375707e-01 -1.542784982589751053e-01 1.177156063998836544e-01 1.254068069803224716e-01 2.528597556822660408e-01 4.000230813014127307e-01 5.091994489148987668e-01 -2.423020827934010413e-01 1.786323785605077319e-01 1.838373161057802463e-01 3.271381543615916598e-01 8.204914425493825547e-02 1.826064435795160534e-01 3.202099223476579937e-01 3.622776384440840047e-02 5.450183634923178033e-02 -9.142976101276190093e-02 -1.018593602595387893e-01 -1.194684681549347260e-01 -2.884908374892347638e-01 2.291277744704984798e-01 -9.617876397499003360e-02 -1.347298420403717500e-01 1.405315846388930368e-01
-6.229725950277043012e-02 -4.126714942206035630e-01 1.458079476772695671e-01 -1.196221207833900735e-01 -2.528161509521851258e-01 1.209935769829826313e-01 -2.039622594605816630e-02 1.556337929088726924e-01 -2.972797358621050989e-01 4.647333013519983069e-02 -1.132644546026426724e-01 -3.468628546400509549e-01 -2.423020827934010413e-01 4.737414437336724404e-01 1.379212223139347770e-01 1.600698420712092229e-01 -1.168812042252511674e-01 5.279579899894315531e-02 1.530255114273018080e-01 -3.880513298416872203e-01 -5.021061502048951297e-02 1.792233802137843668e-01 -2.234649717371439692e-02 1.389751011407724945e-01 -5.679857789380093891e-02 2.519238548936186817e-01 -1.672473905659899174e-02 -3.737549551289021110e-02 4.247324263556606638e-01 1.145839815812905726e-01
-7.836541718687044522e-01 -3.633469668679936149e-01 -8.275456633247699756e-01 -2.707696295009327514e-01 -1.893228226356313826e-01 -2.900401727380881312e-01 3.142024101242100187e-01 8.979841721458114989e-02 -3.272176673988269613e-02 2.717114965184919129e-01 3.465769074027775787e-01 1.787797302292801760e-01 1.786323785605077319e-01 1.379212223139347770e-01 6.602890077849679074e-01 5.324266075424475275e-01 1.179168700344916942e-01 2.101476254359795348e-01 2.887549815769148154e-01 -6.750296853306281264e-02 -2.298602013139543487e-01 -2.860900781485042899e-02 -8.587135502460796488e-02 -3.919303094755832717e-02 -2.955222805506991790e-01 -9.685501452753442209e-02 2.137417526657259259e-01 -2.071725507888686479e-01 1.106856442972343757e-01 1.564028865578848126e-01
-9.469908877683792525e-01 -5.338015691820032771e-01 -8.936264624132945755e-01 -3.212463380726262585e-01 -1.623608174022024286e-01 -3.056793096732235426e-01 2.693032952140015368e-01 1.446285760989098890e-01 2.243215789678743022e-02 2.488318446110042714e-01 4.276067356708495026e-01 2.091131634152247898e-01 1.838373161057802463e-01 1.600698420712092229e-01 5.324266075424475275e-01 6.715748818303666212e-01 -1.984367240345363825e-02 2.532520493871572853e-01 3.789256033971923898e-01 -4.073363441938226970e-02 -2.265454385528755665e-01 -8.319637594672713021e-02 3.498238540177567302e-02 4.740099630174654521e-02 -2.297444374931387756e-01 -5.896638225499373220e-02 2.685956273667216010e-01 -1.712949402397043741e-01 4.841879361555356809e-02 9.263104007692390951e-02
-5.279632850237021557e-01 7.448335856217909168e-01 -5.766026044759087199e-01 -7.192123775092795768e-02 -5.243895065495962626e-02 -4.992475965216272016e-01 2.548106352552963472e-01 -6.341041957412016927e-01 2.376063228726934540e-01 4.107818980799038400e-03 -3.283839486130091245e-03 6.705342345175040464e-01 3.271381543615916598e-01 -1.168812042252511674e-01 1.179168700344916942e-01 -1.984367240345363825e-02 6.390959386314989388e-01 -1.999602746366235806e-02 1.583855426875686589e-01 2.961792692848348452e-01 2.525182040892559598e-02 2.100659903131258943e-01 -2.443995846485904622e-01 -3.233016228454062002e-01 -1.708596609503842956e-01 -4.175117638894789707e-01 9.258501896584903079e-02 -1.639200399251308227e-01 -2.114894686841353177e-01 2.752537768635079374e-01
-4.471537474656770428e-01 -2.953001966901638298e-01 -2.452922054201280844e-01 -1.272156175031682324e-01 -6.186370910614868990e-02 -1.272772130111547995e-01 1.760812941929543740e-01 5.232148786666357410e-02 -7.944136668783130517e-02 1.435583705483054473e-01 1.832311186875017484e-01 2.764750400535831432e-02 8.204914425493825547e-02 5.279579899894315531e-02 2.101476254359795348e-01 2.532520493871572853e-01 -1.999602746366235806e-02 1.806034690947910804e-01 1.407024906472145176e-01 -5.877742118536843918e-02 -6.521512689278097241e-02 -4.131609833231664197e-02 2.875125946798107179e-02 3.949764291269275418e-02 -1.003916380360010407e-01 2.619318058191311138e-02 5.352646662407778422e-02 -7.956629113272128961e-02 9.264418498690929482e-02 5.802846616234091925e-03
-1.132850335617831661e+00 -6.328758053093395120e-01 -6.109807458829550342e-01 -3.280594874416351558e-01 -1.861633540317200186e-01 -2.445706973147139252e-01 2.497371052080552545e-01 -5.625905683552900882e-02 -1.523469609232108724e-01 1.137224018608549159e-01 3.169975989008548822e-01 1.263416489382507280e-01 1.826064435795160534e-01 1.530255114273018080e-01 2.887549815769148154e-01 3.789256033971923898e-01 1.583855426875686589e-01 1.407024906472145176e-01 4.542173485223486296e-01 -5.477241193119652962e-02 -7.342947370943875285e-03 2.976288355680765108e-01 -3.680330300417722356e-02 1.682539376662361974e-02 -1.264827265349595109e-01 1.812019422195021434e-02 1.956540787412563986e-01 -8.944487053773286789e-02 3.203451895171269825e-01 2.469629687685710451e-01
3.228030436065409958e-02 1.268300123391156831e+00 -2.991197743361908579e-01 2.262966309172043111e-02 2.499003134746544674e-01 -4.483363240567541652e-01 3.838195894729778956e-03 -6.208430749447870767e-01 4.601188401148874618e-01 -4.033254723435675260e-02 -1.151658391965497685e-01 7.346322862987904045e-01 3.202099223476579937e-01 -3.880513298416872203e-01 -6.750296853306281264e-02 -4.073363441938226970e-02 2.961792692848348452e-01 -5.877742118536843918e-02 -5.477241193119652962e-02 7.156109740342344594e-01 -2.632652032349369620e-02 -2.215235097093284367e-01 -1.969226538386692482e-02 -2.805024062262759799e-01 2.872690012509337976e-02 -5.659031516367463155e-01 8.371275067702299566e-02 -5.032282082567007819e-02 -8.203356222700790568e-01 -9.789849762051971993e-02
-3.050650807799684117e-01 -5.186609864730371555e-01 3.430377905341970290e-01 1.199417353694798294e-02 6.670614338543146005e-02 2.108213195544976770e-01 1.260990754224167176e-02 9.569994318479757567e-02 -3.160803820206297132e-01 -4.658120269789378654e-02 -8.972200117284501175e-02 -3.624819169529018836e-01 3.622776384440840047e-02 -5.021061502048951297e-02 -2.298602013139543487e-01 -2.265454385528755665e-01 2.525182040892559598e-02 -6.521512689278097241e-02 -7.342947370943875285e-03 -2.632652032349369620e-02 2.849877222421923761e-01 2.863566959709942239e-01 -4.296560000352656061e-02 1.086959878580273653e-01 1.173204096630229287e-01 1.857685687031676025e-01 -5.987186892963336504e-02 1.210267074270632293e-01 3.544595804256687188e-01 8.596622383021212954e-02
-9.682009287174651035e-01 -1.027360769574272581e+00 -5.733027432484050223e-03 -2.062531931102284943e-01 -1.750562345988555535e-01 1.072902902172359063e-01 1.420453234660499220e-01 3.963172137554238361e-02 -4.878143560595731287e-01 -3.779547185018827804e-02 7.062915828032600984e-02 -3.262880194225488140e-01 5.450183634923178033e-02 1.792233802137843668e-01 -2.860900781485042899e-02 -8.319637594672713021e-02 2.100659903131258943e-01 -4.131609833231664197e-02 2.976288355680765108e-01 -2.215235097093284367e-01 2.863566959709942239e-01 7.231045513137246417e-01 -1.610567101899960107e-01 5.958653924426471349e-02 1.475785098071469292e-02 2.761156940547380145e-01 2.514555489540271083e-02 6.340798916266976448e-02 8.093315882736646927e-01 4.113820042256861598e-01
1.643962535256378032e-01 -2.093887806358907255e-02 2.779377719455737861e-01 1.750154997284880665e-02 1.123918715873060137e-01 4.758126065155465767e-02 -1.066514507146507640e-01 2.920440209669550313e-02 -4.233067693439807044e-02 -2.275183137601288763e-02 -7.112507661247491342e-02 -6.490118104045450309e-02 -9.142976101276190093e-02 -2.234649717371439692e-02 -8.587135502460796488e-02 3.498238540177567302e-02 -2.443995846485904622e-01 2.875125946798107179e-02 -3.680330300417722356e-02 -1.969226538386692482e-02 -4.296560000352656061e-02 -1.610567101899960107e-01 2.557355668245122615e-01 1.083540426316176308e-01 1.382465561033541235e-01 1.091021517590888834e-01 -2.515570802637512315e-02 6.356681792868812408e-02 -1.279317515488287427e-01 -2.014001514629626399e-01
-2.120428818265622795e-01 -1.002945620722243802e+00 3.334733145224504369e-01 -5.710381297387812083e-02 7.033212504666153109e-03 3.799265633861637070e-01 -4.530955863486951785e-02 5.097937067902194030e-01 -4.221996101687750524e-01 6.442540055121526166e-02 1.571641301677573210e-02 -6.738814283445435649e-01 -1.018593602595387893e-01 1.389751011407724945e-01 -3.919303094755832717e-02 4.740099630174654521e-02 -3.233016228454062002e-01 3.949764291269275418e-02 1.682539376662361974e-02 -2.805024062262759799e-01 1.086959878580273653e-01 5.958653924426471349e-02 1.083540426316176308e-01 3.414430332753681796e-01 1.085663442982536253e-01 3.861339140620430044e-01 -5.841915623648219480e-03 1.195118843200475567e-01 4.407430579282731742e-01 -6.192112157265228234e-02
2.249073494310778187e-01 3.695584387912731472e-03 5.211908005300074365e-01 7.848855298027501703e-02 9.470150236990093617e-02 2.080825385401112726e-01 -2.091501722374005112e-01 -4.028329770790151088e-03 -5.841480279661936947e-02 -1.384736935919477219e-01 -1.506935861382885378e-01 -2.217115905727951031e-01 -1.194684681549347260e-01 -5.679857789380093891e-02 -2.955222805506991790e-01 -2.297444374931387756e-01 -1.708596609503842956e-01 -1.003916380360010407e-01 -1.264827265349595109e-01 2.872690012509337976e-02 1.173204096630229287e-01 1.475785098071469292e-02 1.382465561033541235e-01 1.085663442982536253e-01 2.988521288225456374e-01 1.478927284297242295e-01 -1.432749829569957001e-01 2.063132718952260802e-01 -3.088239747552279368e-02 -1.358448195505843614e-01
-1.740910563434567848e-01 -1.549769103194080344e+00 7.220464036045086686e-01 -5.130421400986051594e-02 1.540597464901338753e-02 5.484367995871934909e-01 -8.498694023984398882e-02 6.294958174211728874e-01 -7.830983592777442936e-01 3.034730641064697920e-02 -9.471911242764008421e-02 -9.515742287820785350e-01 -2.884908374892347638e-01 2.519238548936186817e-01 -9.685501452753442209e-02 -5.896638225499373220e-02 -4.175117638894789707e-01 2.619318058191311138e-02 1.812019422195021434e-02 -5.659031516367463155e-01 1.857685687031676025e-01 2.761156940547380145e-01 1.091021517590888834e-01 3.861339140620430044e-01 1.478927284297242295e-01 7.503200758349635180e-01 -1.322797507500013126e-01 1.853640079946217156e-01 8.716551033556925177e-01 9.522809267656384691e-02
-5.875077635387242481e-01 -2.926357178700982331e-01 -5.997655220493243178e-01 -1.746989854893854499e-01 -4.309197182254820291e-02 -1.032182177357299224e-01 1.347824109351449806e-01 1.173894041086214202e-01 1.712690336472633135e-02 1.257095839977750984e-01 2.192659537574854767e-01 3.108178211857648421e-02 2.291277744704984798e-01 -1.672473905659899174e-02 2.137417526657259259e-01 2.685956273667216010e-01 9.258501896584903079e-02 5.352646662407778422e-02 1.956540787412563986e-01 8.371275067702299566e-02 -5.987186892963336504e-02 2.514555489540271083e-02 -2.515570802637512315e-02 -5.841915623648219480e-03 -1.432749829569957001e-01 -1.322797507500013126e-01 3.415329015044221705e-01 -7.353246357325815552e-02 -3.065552767054668948e-03 1.116877910720290856e-01
6.183544680880004307e-03 -3.819313478499566372e-01 3.192529340342389332e-01 5.008119546113221077e-02 3.228934409730754851e-02 2.854349934536344335e-01 -1.201621217752517623e-01 2.032801507294834664e-01 -1.025626639737424739e-01 -8.148256684353327728e-02 -2.311246320795135034e-02 -3.290348841647983136e-01 -9.617876397499003360e-02 -3.737549551289021110e-02 -2.071725507888686479e-01 -1.712949402397043741e-01 -1.639200399251308227e-01 -7.956629113272128961e-02 -8.944487053773286789e-02 -5.032282082567007819e-02 1.210267074270632293e-01 6.340798916266976448e-02 6.356681792868812408e-02 1.195118843200475567e-01 2.063132718952260802e-01 1.853640079946217156e-01 -7.353246357325815552e-02 2.325774135201754689e-01 1.721618808805942535e-01 -5.335695855899302842e-02
-1.284754880938407950e+00 -2.796267222918174866e+00 3.243424008820738891e-01 -2.772551054736709375e-01 -2.206698945877860751e-01 6.135452875654436866e-01 2.512252919522097727e-01 8.862118646276258005e-01 -1.211894166111733284e+00 1.261395246778533874e-01 2.027208763218482090e-01 -1.204514765987482861e+00 -1.347298420403717500e-01 4.247324263556606638e-01 1.106856442972343757e-01 4.841879361555356809e-02 -2.114894686841353177e-01 9.264418498690929482e-02 3.203451895171269825e-01 -8.203356222700790568e-01 3.544595804256687188e-01 8.093315882736646927e-01 -1.279317515488287427e-01 4.407430579282731742e-01 -3.088239747552279368e-02 8.716551033556925177e-01 -3.065552767054668948e-03 1.721618808805942535e-01 1.791374380483262030e+00 4.830545466823537026e-01
-7.764267359707446303e-01 -6.357360951871555699e-01 -2.942732592023276084e-01 -2.085463159687606094e-01 -4.782752315281868505e-02 -1.292579637344601906e-01 1.955996270878017640e-01 -2.836284581263726068e-02 -3.997761689427647980e-01 8.706886642215749816e-02 4.310483618405669404e-02 -5.647199577805395165e-02 1.405315846388930368e-01 1.145839815812905726e-01 1.564028865578848126e-01 9.263104007692390951e-02 2.752537768635079374e-01 5.802846616234091925e-03 2.469629687685710451e-01 -9.789849762051971993e-02 8.596622383021212954e-02 4.113820042256861598e-01 -2.014001514629626399e-01 -6.192112157265228234e-02 -1.358448195505843614e-01 9.522809267656384691e-02 1.116877910720290856e-01 -5.335695855899302842e-02 4.830545466823537026e-01 5.818415154697618163e-01
