4.390052300731781543e+00 2.519066113019448494e+00 1.842703236044314963e+00 8.143143591936450321e-01 -1.759893407642607599e-01 3.436458597215050759e-01 -7.533453599036192827e-01 -9.491573899172180973e-01 5.389179412686644355e-01 -5.181450328083201384e-01 -1.456878698939988226e+00 3.012939588286371873e-01 -5.680858550209677560e-01 -2.424851404632022422e-01 -1.060117854129941861e+00 -1.176734504116495827e+00 -3.254482734261614496e-01 -4.257238923197519398e-01 -1.326104556904283527e+00 8.551876903580932776e-01 -2.252167500202517658e-01 -1.208941625671229758e+00 8.141088130957996327e-01 -1.838359248923211453e-01 3.668925166630288004e-01 2.039550341417566415e-01 -5.722932787111858488e-01 -1.990177819777727564e-02 -1.242358755223051503e+00 -5.593747741984316235e-01
2.519066113019448494e+00 3.870857991301761558e+00 7.230314603746137436e-01 5.581170957929657561e-01 -4.727593183043268255e-01 -1.010831222232411619e+00 -2.190315605353703177e-01 -2.222580097676654987e+00 9.471386330758377881e-01 -4.083867958800055931e-01 -1.069765012341633792e+00 1.500819890457535166e+00 3.301129415893910846e-02 -4.612719326314049795e-01 -4.442886762577700210e-01 -5.686599856672387432e-01 4.920568344017510753e-01 -1.945457767395168958e-01 -5.941198483725713686e-01 1.521050639968791529e+00 -3.780631680929786853e-01 -9.864336206565553766e-01 6.673104429601153242e-01 -6.365762594380157680e-01 6.863600888891596696e-02 -4.646883841778617352e-01 -2.743184143977259737e-01 -4.021984291944704637e-01 -1.860211721443420174e+00 -2.323669518231099573e-01
1.842703236044314963e+00 7.230314603746137436e-01 3.272573553798224566e+00 3.012503091431995017e-01 3.889767130301606812e-01 2.912858056968161691e-01 -3.846810808859117969e-01 -6.606213210047258144e-01 -1.228144449168212304e+00 -4.317289106787143282e-01 -1.138533312357481009e+00 -9.251512892437858682e-01 -8.057498635157003264e-01 1.347444199696496980e-01 -1.013424439244715813e+00 -1.420976892731744101e+00 2.094240181799023048e-02 -2.596265368468380075e-01 -8.826822006285510724e-01 2.666496487577774133e-01 6.498406859063834418e-01 7.992880483396902491e-02 2.879431785514157127e-01 1.962283555000112756e-01 9.788318032420306736e-01 2.633674304507280794e-01 -5.545165298237293428e-01 7.231049826124831270e-01 -2.865016420621486759e-01 -4.290651394713904665e-01
8.143143591936450321e-01 5.581170957929657561e-01 3.012503091431995017e-01 4.028410861336624293e-01 -5.106196280576114077e-02 3.954774708444119824e-02 -1.170233117957195645e-01 -1.697492183377562469e-01 2.942336626637711561e-01 -1.238954899548048161e-01 -2.487084437816520222e-01 1.336915873087605178e-01 -9.702274265430332889e-02 -1.294286635775279137e-01 -2.584591694342179835e-01 -2.739947218874476675e-01 -6.491699585092192137e-02 -1.398849095360219508e-01 -3.342313652780717348e-01 1.506129623225547220e-01 -5.155526135956733924e-02 -2.782827538977130644e-01 1.398719698757417973e-01 -5.214180863833917101e-02 3.731322688759064476e-02 4.459776945782323310e-02 -1.517462816992747321e-01 -3.001955761413910295e-02 -2.293340257389786530e-01 -1.149347792211301567e-01
-1.759893407642607599e-01 -4.727593183043268255e-01 3.889767130301606812e-01 -5.106196280576114077e-02 7.117684907423154073e-01 1.698318307975341668e-01 -9.688584147346546160e-02 6.728367004490110048e-02 -4.557977524639227340e-01 9.682179044602889917e-03 -1.892206335855917132e-01 -1.644704149678659633e-01 5.473246178559065811e-02 -2.148898482196841542e-01 -8.172647817144707005e-02 -2.009487548883157615e-01 5.825195692585793950e-02 -4.958686460452099709e-02 -9.477742227133489905e-02 1.706769882104026692e-01 1.672674244654217546e-01 8.370548251650689053e-02 -2.364057207773839764e-02 1.177948236664860815e-02 2.322538538144272025e-01 -1.948189638341091268e-02 1.236004128259082790e-03 2.392904741076335995e-01 -8.798832402766265659e-02 1.248974625553955775e-02
3.436458597215050759e-01 -1.010831222232411619e+00 2.912858056968161691e-01 3.954774708444119824e-02 1.698318307975341668e-01 9.025856868067307914e-01 -2.142590798663945861e-01 7.881201916018198972e-01 -2.448296906106861570e-01 -4.063367746880430786e-03 -9.748652739489216401e-02 -7.951425809228567232e-01 -1.951968930069369890e-01 4.224431434306552546e-02 -3.300825745112661025e-01 -2.647484278404590441e-01 -4.393346912293054629e-01 -1.216312412815341304e-01 -2.375900922883147359e-01 -3.761208479856463782e-01 1.768663577781239837e-01 6.747351547471680533e-02 3.397600395157951425e-02 3.217794776882669794e-01 2.028492592767179303e-01 3.848477261598759469e-01 -9.564218001287372317e-02 2.623406835148216487e-01 5.047530691561519234e-01 -1.051892669886456133e-01
-7.533453599036192827e-01 -2.190315605353703177e-01 -3.846810808859117969e-01 -1.170233117957195645e-01 -9.688584147346546160e-02 -2.142590798663945861e-01 3.717030521833635248e-01 2.955047183996839522e-02 -6.628140923459113765e-02 1.340932007215656085e-01 3.579162013871837189e-01 9.473412128983227376e-02 9.443607844525558903e-02 5.246999557158460448e-02 3.046044719327483108e-01 2.293973831941116259e-01 1.691635763596650577e-01 1.089411805144777645e-01 2.099741371231402809e-01 -1.672373088291578824e-01 -8.711685981666050793e-04 1.480680797252489356e-01 -2.291727428252556820e-01 -2.588842539131519516e-02 -2.131792183341190139e-01 -1.236651381262277027e-01 8.578461362043299232e-02 -1.041237421828782317e-01 2.268918933530130744e-01 9.791682198795115255e-02
-9.491573899172180973e-01 -2.222580097676654987e+00 -6.606213210047258144e-01 -1.697492183377562469e-01 6.728367004490110048e-02 7.881201916018198972e-01 2.955047183996839522e-02 1.792406754363128130e+00 -2.531858935561217550e-01 3.552512182378109173e-01 5.373517602608899324e-01 -1.040805836481695223e+00 -4.051906620088630007e-02 3.233093204772785612e-01 3.472234286647335466e-01 4.875507845055722100e-01 -5.887576883849874321e-01 1.353201866106132911e-01 1.594151582297058667e-01 -9.276531669038377004e-01 1.837443449312559096e-02 1.547385103419287589e-01 -2.454731948904509409e-01 4.895715336781449878e-01 -1.641878416738222768e-01 3.386908397305319340e-01 2.259333538251553364e-01 1.371073555022235269e-01 9.254218372965397066e-01 -4.993028333603888314e-02
5.389179412686644355e-01 9.471386330758377881e-01 -1.228144449168212304e+00 2.942336626637711561e-01 -4.557977524639227340e-01 -2.448296906106861570e-01 -6.628140923459113765e-02 -2.531858935561217550e-01 1.379670287713281596e+00 -6.874916284266419098e-02 3.526462906846177248e-01 9.074621775967557369e-01 2.709340076621629123e-01 -4.106846410267053216e-01 6.887233058478159364e-03 3.180186261105859558e-01 -2.073960274640285206e-01 -4.522033446028217440e-02 1.899630043567412940e-02 3.079636987262119874e-01 -4.847010123683617167e-01 -5.691016647296578412e-01 2.840511136111558699e-01 -2.360108896768906561e-01 -3.337800822739609430e-01 -8.950201123406031911e-02 8.175663822328260721e-03 -4.031882598508218507e-01 -4.752326767687122810e-01 -6.328842468445827762e-02
-5.181450328083201384e-01 -4.083867958800055931e-01 -4.317289106787143282e-01 -1.238954899548048161e-01 9.682179044602889917e-03 -4.063367746880430786e-03 1.340932007215656085e-01 3.552512182378109173e-01 -6.874916284266419098e-02 3.188325804619580595e-01 1.351058306958634603e-01 -1.548137176076807009e-01 7.738385224865851342e-02 1.838244472703536303e-01 3.571543721224088586e-01 3.265975344578464501e-01 -6.457301816510607750e-03 1.615121415134694871e-01 1.150619289427083913e-01 -1.913571346298681419e-01 -6.983484455719235484e-02 -5.010951172937438969e-02 -1.313608880063270590e-01 7.732415180868201787e-02 -1.922223395678201996e-01 -5.243381142298630948e-02 1.370228964432271823e-01 -8.759660107256195261e-02 1.061326469860546240e-01 -3.823144172315551259e-03
-1.456878698939988226e+00 -1.069765012341633792e+00 -1.138533312357481009e+00 -2.487084437816520222e-01 -1.892206335855917132e-01 -9.748652739489216401e-02 3.579162013871837189e-01 5.373517602608899324e-01 3.526462906846177248e-01 1.351058306958634603e-01 1.353002733864116180e+00 3.518355262951899931e-02 2.430335214430670021e-01 -1.985830808166610950e-01 3.933916935284855754e-01 5.745604921972926604e-01 -2.187104633292733524e-01 1.923844897089566075e-01 5.101878809500988154e-01 -4.851301227980684416e-01 -9.035393353690324147e-02 2.273414360824972391e-01 -2.292948982404254821e-01 5.661425924017748912e-02 -2.681241361124762079e-01 -2.349828943516740765e-02 1.876100673856626599e-01 -7.443397132897189294e-02 5.238480478409428542e-01 1.085431061885628878e-01
3.012939588286371873e-01 1.500819890457535166e+00 -9.251512892437858682e-01 1.336915873087605178e-01 -1.644704149678659633e-01 -7.951425809228567232e-01 9.473412128983227376e-02 -1.040805836481695223e+00 9.074621775967557369e-01 -1.548137176076807009e-01 3.518355262951899931e-02 1.530979766020550414e+00 3.483509788007950192e-01 -3.726601399011997273e-01 1.727905496672974550e-01 2.616112210707228769e-01 3.381304351806875275e-01 -7.641707638697425864e-03 1.520453498594633857e-01 6.379464739717946031e-01 -4.418507880959055001e-01 -3.666007554419081771e-01 1.705062411678568424e-01 -5.343895534774105727e-01 -3.227124564751306934e-01 -3.675119010413823162e-01 -2.145579420647436564e-02 -4.476002606762676805e-01 -7.371388278558583806e-01 1.143988191512903541e-01
-5.680858550209677560e-01 3.301129415893910846e-02 -8.057498635157003264e-01 -9.702274265430332889e-02 5.473246178559065811e-02 -1.951968930069369890e-01 9.443607844525558903e-02 -4.051906620088630007e-02 2.709340076621629123e-01 7.738385224865851342e-02 2.430335214430670021e-01 3.483509788007950192e-01 4.887080198205921988e-01 -3.285693992897904536e-01 2.143487825532019997e-01 2.327751463886897909e-01 1.596583455493600923e-01 1.484940338502838131e-02 1.780857341880448530e-01 2.526917583240333443e-01 -9.609302756280158064e-02 -2.016280179185514498e-02 -7.413060390234704755e-02 -1.115415869637672586e-01 -2.038186230003589117e-01 -1.806128415273065002e-01 1.991455668715502725e-01 -1.822983362120567108e-01 -1.192953647400258888e-01 1.609529904512783105e-01
-2.424851404632022422e-01 -4.612719326314049795e-01 1.347444199696496980e-01 -1.294286635775279137e-01 -2.148898482196841542e-01 4.224431434306552546e-02 5.246999557158460448e-02 3.233093204772785612e-01 -4.106846410267053216e-01 1.838244472703536303e-01 -1.985830808166610950e-01 -3.726601399011997273e-01 -3.285693992897904536e-01 7.788593841574993348e-01 2.480839004511494750e-01 2.621271224457473181e-01 -1.523278775215430869e-02 1.830890256263160154e-01 1.545831055816222488e-01 -5.664266241289510617e-01 5.440503799093221460e-03 1.889368458180911148e-01 -1.428393295964838217e-01 1.541095448579312688e-01 -1.056586369041383477e-01 1.104003695270421304e-01 1.388415707288004342e-02 -3.579903145174512247e-02 3.866742542507495273e-01 1.749343838810091256e-03
-1.060117854129941861e+00 -4.442886762577700210e-01 -1.013424439244715813e+00 -2.584591694342179835e-01 -8.172647817144707005e-02 -3.300825745112661025e-01 3.046044719327483108e-01 3.472234286647335466e-01 6.887233058478159364e-03 3.571543721224088586e-01 3.933916935284855754e-01 1.727905496672974550e-01 2.143487825532019997e-01 2.480839004511494750e-01 8.559139618448057263e-01 7.115902374147822229e-01 1.647973668100917166e-01 2.722898854550521719e-01 3.919333458625260391e-01 -2.334205955439756508e-01 -2.561396444565389174e-01 1.971270616428455469e-02 -2.565786112820092058e-01 -6.699912803890128998e-02 -4.220688849763973849e-01 -2.321179121625505104e-01 2.641990818984254474e-01 -2.586978916233420023e-01 9.463638534577967221e-02 9.456559137794329217e-02
-1.176734504116495827e+00 -5.686599856672387432e-01 -1.420976892731744101e+00 -2.739947218874476675e-01 -2.009487548883157615e-01 -2.647484278404590441e-01 2.293973831941116259e-01 4.875507845055722100e-01 3.180186261105859558e-01 3.265975344578464501e-01 5.745604921972926604e-01 2.616112210707228769e-01 2.327751463886897909e-01 2.621271224457473181e-01 7.115902374147822229e-01 9.445369333559483493e-01 -6.359218296177004959e-02 3.223799795053992057e-01 5.480301258931206121e-01 -3.197250658100756482e-01 -3.322684901294223891e-01 -5.195405997270086118e-02 -1.473570790255394058e-01 -7.995614628271141555e-03 -4.672292249132397046e-01 -1.420095444036064691e-01 3.271790325277947886e-01 -3.114251457326417949e-01 1.180542486010267567e-01 8.521047575078455338e-02
-3.254482734261614496e-01 4.920568344017510753e-01 2.094240181799023048e-02 -6.491699585092192137e-02 5.825195692585793950e-02 -4.393346912293054629e-01 1.691635763596650577e-01 -5.887576883849874321e-01 -2.073960274640285206e-01 -6.457301816510607750e-03 -2.187104633292733524e-01 3.381304351806875275e-01 1.596583455493600923e-01 -1.523278775215430869e-02 1.647973668100917166e-01 -6.359218296177004959e-02 5.690800325490954492e-01 -2.910100949071647847e-02 1.152390901832802683e-01 2.267862587554532183e-01 7.187350668584713276e-02 2.382223035000095024e-01 -2.149512584069270815e-01 -2.116783155589132548e-01 -9.734193572501226299e-02 -2.310314232451560201e-01 2.814436271239628695e-02 -1.245266773069033661e-01 -7.749204013668986590e-02 2.636218700400263515e-01
-4.257238923197519398e-01 -1.945457767395168958e-01 -2.596265368468380075e-01 -1.398849095360219508e-01 -4.958686460452099709e-02 -1.216312412815341304e-01 1.089411805144777645e-01 1.353201866106132911e-01 -4.522033446028217440e-02 1.615121415134694871e-01 1.923844897089566075e-01 -7.641707638697425864e-03 1.484940338502838131e-02 1.830890256263160154e-01 2.722898854550521719e-01 3.223799795053992057e-01 -2.910100949071647847e-02 2.405510974470814745e-01 1.846648525810223873e-01 -1.618766127831463564e-01 -8.354638335600839127e-02 -4.486160244314874035e-02 -2.351499929201850136e-02 1.673934953896605293e-02 -1.059058204592702168e-01 -5.786908546281210874e-02 5.914845659600587169e-02 -7.597146842914526133e-02 5.700339664883813384e-03 -7.106253308114673928e-02
-1.326104556904283527e+00 -5.941198483725713686e-01 -8.826822006285510724e-01 -3.342313652780717348e-01 -9.477742227133489905e-02 -2.375900922883147359e-01 2.099741371231402809e-01 1.594151582297058667e-01 1.899630043567412940e-02 1.150619289427083913e-01 5.101878809500988154e-01 1.520453498594633857e-01 1.780857341880448530e-01 1.545831055816222488e-01 3.919333458625260391e-01 5.480301258931206121e-01 1.152390901832802683e-01 1.846648525810223873e-01 6.116341802836018360e-01 -2.717497824229155867e-01 -4.726268931875665658e-02 3.725497676310851602e-01 -2.177335313488981683e-01 -1.921494547309521295e-02 -2.372737891020619827e-01 -1.015932710688502993e-01 2.236152668825184264e-01 -1.377258391223676881e-01 3.405488501120998990e-01 2.154949045195166946e-01
8.551876903580932776e-01 1.521050639968791529e+00 2.666496487577774133e-01 1.506129623225547220e-01 1.706769882104026692e-01 -3.761208479856463782e-01 -1.672373088291578824e-01 -9.276531669038377004e-01 3.079636987262119874e-01 -1.913571346298681419e-01 -4.851301227980684416e-01 6.379464739717946031e-01 2.526917583240333443e-01 -5.664266241289510617e-01 -2.334205955439756508e-01 -3.197250658100756482e-01 2.267862587554532183e-01 -1.618766127831463564e-01 -2.717497824229155867e-01 1.051462833403036257e+00 -8.251107131241042225e-02 -4.061166306310326490e-01 2.714193781259837124e-01 -2.950078170287611101e-01 1.463331050666170086e-01 -3.027225692435422388e-01 -2.197154609615381560e-02 -4.863938747104157301e-02 -9.594641117404876240e-01 -4.165178558099569273e-02
-2.252167500202517658e-01 -3.780631680929786853e-01 6.498406859063834418e-01 -5.155526135956733924e-02 1.672674244654217546e-01 1.768663577781239837e-01 -8.711685981666050793e-04 1.837443449312559096e-02 -4.847010123683617167e-01 -6.983484455719235484e-02 -9.035393353690324147e-02 -4.418507880959055001e-01 -9.609302756280158064e-02 5.440503799093221460e-03 -2.561396444565389174e-01 -3.322684901294223891e-01 7.187350668584713276e-02 -8.354638335600839127e-02 -4.726268931875665658e-02 -8.251107131241042225e-02 3.481123697535508654e-01 3.670127617577065848e-01 -1.259247682739896845e-01 1.245414433188329895e-01 2.337244390694195317e-01 1.058211874853896006e-01 -8.941061101489822249e-02 2.223647884959518706e-01 3.080754348630421191e-01 5.628763554437909988e-02
-1.208941625671229758e+00 -9.864336206565553766e-01 7.992880483396902491e-02 -2.782827538977130644e-01 8.370548251650689053e-02 6.747351547471680533e-02 1.480680797252489356e-01 1.547385103419287589e-01 -5.691016647296578412e-01 -5.010951172937438969e-02 2.273414360824972391e-01 -3.666007554419081771e-01 -2.016280179185514498e-02 1.889368458180911148e-01 1.971270616428455469e-02 -5.195405997270086118e-02 2.382223035000095024e-01 -4.486160244314874035e-02 3.725497676310851602e-01 -4.061166306310326490e-01 3.670127617577065848e-01 8.891698364876958749e-01 -3.860542309005836614e-01 8.335355406518374366e-02 6.221447422564096996e-02 8.204166558448378055e-02 3.122773391055488901e-02 1.374481246040772930e-01 8.036189427596411861e-01 3.318551126715760802e-01
8.141088130957996327e-01 6.673104429601153242e-01 2.879431785514157127e-01 1.398719698757417973e-01 -2.364057207773839764e-02 3.397600395157951425e-02 -2.291727428252556820e-01 -2.454731948904509409e-01 2.840511136111558699e-01 -1.313608880063270590e-01 -2.292948982404254821e-01 1.705062411678568424e-01 -7.413060390234704755e-02 -1.428393295964838217e-01 -2.565786112820092058e-01 -1.473570790255394058e-01 -2.149512584069270815e-01 -2.351499929201850136e-02 -2.177335313488981683e-01 2.714193781259837124e-01 -1.259247682739896845e-01 -3.860542309005836614e-01 4.176611714083264815e-01 -3.252232295642443205e-02 1.893712694079283665e-01 3.135009488880768913e-02 -7.347921921274291890e-02 4.245708151682947573e-02 -5.315417529953947451e-01 -2.644567641277717485e-01
-1.838359248923211453e-01 -6.365762594380157680e-01 1.962283555000112756e-01 -5.214180863833917101e-02 1.177948236664860815e-02 3.217794776882669794e-01 -2.588842539131519516e-02 4.895715336781449878e-01 -2.360108896768906561e-01 7.732415180868201787e-02 5.661425924017748912e-02 -5.343895534774105727e-01 -1.115415869637672586e-01 1.541095448579312688e-01 -6.699912803890128998e-02 -7.995614628271141555e-03 -2.116783155589132548e-01 1.673934953896605293e-02 -1.921494547309521295e-02 -2.950078170287611101e-01 1.245414433188329895e-01 8.335355406518374366e-02 -3.252232295642443205e-02 2.644617176764541000e-01 9.501459645753129735e-02 1.744461400197110379e-01 3.997201345214307366e-03 1.449259569399714564e-01 2.892645668205773291e-01 -9.034808867505716989e-02
3.668925166630288004e-01 6.863600888891596696e-02 9.788318032420306736e-01 3.731322688759064476e-02 2.322538538144272025e-01 2.028492592767179303e-01 -2.131792183341190139e-01 -1.641878416738222768e-01 -3.337800822739609430e-01 -1.922223395678201996e-01 -2.681241361124762079e-01 -3.227124564751306934e-01 -2.038186230003589117e-01 -1.056586369041383477e-01 -4.220688849763973849e-01 -4.672292249132397046e-01 -9.734193572501226299e-02 -1.059058204592702168e-01 -2.372737891020619827e-01 1.463331050666170086e-01 2.337244390694195317e-01 6.221447422564096996e-02 1.893712694079283665e-01 9.501459645753129735e-02 4.917392371146434016e-01 1.314178034413657770e-01 -1.972525560931330801e-01 3.555633866043876878e-01 -1.326987642763697295e-01 -1.287007000070161666e-01
2.039550341417566415e-01 -4.646883841778617352e-01 2.633674304507280794e-01 4.459776945782323310e-02 -1.948189638341091268e-02 3.848477261598759469e-01 -1.236651381262277027e-01 3.386908397305319340e-01 -8.950201123406031911e-02 -5.243381142298630948e-02 -2.349828943516740765e-02 -3.675119010413823162e-01 -1.806128415273065002e-01 1.104003695270421304e-01 -2.321179121625505104e-01 -1.420095444036064691e-01 -2.310314232451560201e-01 -5.786908546281210874e-02 -1.015932710688502993e-01 -3.027225692435422388e-01 1.058211874853896006e-01 8.204166558448378055e-02 3.135009488880768913e-02 1.744461400197110379e-01 1.314178034413657770e-01 2.804590242628250962e-01 -1.106918392005127316e-01 1.383024608411460576e-01 2.805223541012082933e-01 -7.078972983862286128e-02
-5.722932787111858488e-01 -2.743184143977259737e-01 -5.545165298237293428e-01 -1.517462816992747321e-01 1.236004128259082790e-03 -9.564218001287372317e-02 8.578461362043299232e-02 2.259333538251553364e-01 8.175663822328260721e-03 1.370228964432271823e-01 1.876100673856626599e-01 -2.145579420647436564e-02 1.991455668715502725e-01 1.388415707288004342e-02 2.641990818984254474e-01 3.271790325277947886e-01 2.814436271239628695e-02 5.914845659600587169e-02 2.236152668825184264e-01 -2.197154609615381560e-02 -8.941061101489822249e-02 3.122773391055488901e-02 -7.347921921274291890e-02 3.997201345214307366e-03 -1.972525560931330801e-01 -1.106918392005127316e-01 3.465741108013276062e-01 -8.268224092699938410e-02 2.365267501039625131e-02 7.893115471478040490e-02
-1.990177819777727564e-02 -4.021984291944704637e-01 7.231049826124831270e-01 -3.001955761413910295e-02 2.392904741076335995e-01 2.623406835148216487e-01 -1.041237421828782317e-01 1.371073555022235269e-01 -4.031882598508218507e-01 -8.759660107256195261e-02 -7.443397132897189294e-02 -4.476002606762676805e-01 -1.822983362120567108e-01 -3.579903145174512247e-02 -2.586978916233420023e-01 -3.114251457326417949e-01 -1.245266773069033661e-01 -7.597146842914526133e-02 -1.377258391223676881e-01 -4.863938747104157301e-02 2.223647884959518706e-01 1.374481246040772930e-01 4.245708151682947573e-02 1.449259569399714564e-01 3.555633866043876878e-01 1.383024608411460576e-01 -8.268224092699938410e-02 3.800793798960739878e-01 1.284399732364818192e-01 -8.459657264029374346e-02
-1.242358755223051503e+00 -1.860211721443420174e+00 -2.865016420621486759e-01 -2.293340257389786530e-01 -8.798832402766265659e-02 5.047530691561519234e-01 2.268918933530130744e-01 9.254218372965397066e-01 -4.752326767687122810e-01 1.061326469860546240e-01 5.238480478409428542e-01 -7.371388278558583806e-01 -1.192953647400258888e-01 3.866742542507495273e-01 9.463638534577967221e-02 1.180542486010267567e-01 -7.749204013668986590e-02 5.700339664883813384e-03 3.405488501120998990e-01 -9.594641117404876240e-01 3.080754348630421191e-01 8.036189427596411861e-01 -5.315417529953947451e-01 2.892645668205773291e-01 -1.326987642763697295e-01 2.805223541012082933e-01 2.365267501039625131e-02 1.284399732364818192e-01 1.400230647246246463e+00 2.727913201097180718e-01
-5.593747741984316235e-01 -2.323669518231099573e-01 -4.290651394713904665e-01 -1.149347792211301567e-01 1.248974625553955775e-02 -1.051892669886456133e-01 9.791682198795115255e-02 -4.993028333603888314e-02 -6.328842468445827762e-02 -3.823144172315551259e-03 1.085431061885628878e-01 1.143988191512903541e-01 1.609529904512783105e-01 1.749343838810091256e-03 9.456559137794329217e-02 8.521047575078455338e-02 2.636218700400263515e-01 -7.106253308114673928e-02 2.154949045195166946e-01 -4.165178558099569273e-02 5.628763554437909988e-02 3.318551126715760802e-01 -2.644567641277717485e-01 -9.034808867505716989e-02 -1.287007000070161666e-01 -7.078972983862286128e-02 7.893115471478040490e-02 -8.459657264029374346e-02 2.727913201097180718e-01 4.147703069669432807e-01
