4.532703731468927799e+00 2.758194738732925089e+00 1.955657046885335149e+00 6.869132889590900959e-01 1.896796030897007768e-01 5.520570266743334287e-01 -9.812288859486670844e-01 -6.834178363409932899e-01 8.334109033855838788e-01 -7.522928829978923204e-01 -9.347722124280721800e-01 4.092534030841648018e-01 -6.751389020507190253e-01 -3.540773746007062073e-01 -9.837029358998279349e-01 -1.194272767248094169e+00 -7.191575230081070913e-02 -6.807950077443365444e-01 -1.165152398635598274e+00 7.225714474345750205e-01 -5.027318296259863928e-01 -9.769509425147475667e-01 3.509105289160174834e-01 -5.403303892614417236e-01 4.391190855183708663e-01 -3.010739874958971996e-01 -5.402363666141809517e-01 8.629923817727558344e-02 -1.676098812792929493e+00 -5.025812403704321696e-01
2.758194738732925089e+00 4.492511994392600627e+00 7.346026533842859862e-01 4.778493679810367212e-01 -1.515134151724168987e-01 -9.866904987000566507e-01 -3.965371964333144206e-01 -2.125072003101365681e+00 1.308293529947434308e+00 -5.381121202021859062e-01 -7.313251106515394895e-01 1.769093306524609943e+00 -6.250519406199828154e-02 -3.977417822934512515e-01 -3.579586627056983161e-01 -7.148026569503826977e-01 9.684769763665030951e-01 -4.324112121653342911e-01 -6.235985027978756534e-01 1.586777545914912935e+00 -5.293316015498135130e-01 -8.586124158069310397e-01 1.852675567210440022e-01 -9.913136035380603062e-01 2.004108383228526691e-01 -1.214227659588345887e+00 -1.761859135555710054e-01 -2.422878941353587834e-01 -2.613154450659919803e+00 -3.380983811924807014e-01
1.955657046885335149e+00 7.346026533842859862e-01 3.507220807660985429e+00 1.813910193904462176e-01 5.778208567187448352e-01 5.071661561815972163e-01 -4.972715884727563207e-01 -6.434531305908990362e-01 -1.162735404811826356e+00 -6.492072886981645752e-01 -9.412333709197469034e-01 -9.105867179667939126e-01 -8.146731812586267552e-01 -1.365708405861596475e-01 -1.095716956756177751e+00 -1.423783291182360244e+00 -1.273058701855234176e-02 -4.056164383180203004e-01 -7.432562386489962591e-01 2.185824635963626861e-01 5.351707878527349749e-01 2.179573196716546590e-01 1.905687938677260718e-01 6.805578623271912875e-02 1.010140269781231837e+00 2.520892975347237552e-01 -6.443742569985602131e-01 7.630460810837575991e-01 -2.396759757148174685e-01 -3.985840261163957621e-01
6.869132889590900959e-01 4.778493679810367212e-01 1.813910193904462176e-01 4.495042366081634100e-01 -7.934232669600760346e-02 5.771977109958470464e-02 -1.134673444199734149e-01 9.676754348902250058e-03 3.771953287509859365e-01 -5.654406782804244358e-02 -1.564166003298055330e-01 1.014912263613609866e-01 -1.266880073725928924e-01 2.232750496222024594e-02 -1.728509998183085372e-01 -1.934399855185233719e-01 -5.242963180796778033e-02 -1.244006197489966326e-01 -2.968242626186565758e-01 1.387023605184367625e-02 -1.022709194181743442e-01 -2.489347421820866657e-01 2.478858933886840532e-02 -8.218187678596677870e-02 -3.370441102617860452e-02 -3.628290473352535628e-02 -1.271171218320432672e-01 -6.681626451160127544e-02 -2.240412482750002710e-01 -1.089763644679351273e-01
1.896796030897007768e-01 -1.515134151724168987e-01 5.778208567187448352e-01 -7.934232669600760346e-02 8.426152433872289294e-01 1.717003799858503044e-01 -1.879987897287378473e-01 -9.684580578010582030e-02 -4.257240846171157500e-01 -1.400691686626487353e-01 -2.479506663079291684e-01 -3.869038045922934543e-02 5.331572689487984462e-02 -4.150375024864274565e-01 -1.917253790255699641e-01 -3.246884859340184448e-01 1.036128308485899652e-01 -1.228457467448720308e-01 -1.395853032987588449e-01 3.335037431860428114e-01 1.246751546136692923e-01 4.588396586325416138e-02 1.319140084240189026e-02 -7.312610758350501783e-02 3.123387283422971450e-01 -8.934765598007743392e-02 -3.420970911918175261e-02 2.704657096124378768e-01 -2.922285969817153273e-01 1.212538479029490190e-02
5.520570266743334287e-01 -9.866904987000566507e-01 5.071661561815972163e-01 5.771977109958470464e-02 1.717003799858503044e-01 1.009352818274805941e+00 -2.793593882001914608e-01 7.160623659127054452e-01 -2.472289637467497414e-01 -1.301176097703091727e-01 -1.222003109137403953e-01 -8.336239515375609699e-01 -2.387401464732761269e-01 -5.626383150757874319e-02 -4.307245144204330245e-01 -3.111011166380421855e-01 -5.073126077353435903e-01 -1.738079692113956298e-01 -2.146405815419427654e-01 -3.621490620981830943e-01 1.430689567294507469e-01 8.617729688336339677e-02 9.153358928142552031e-02 2.962503481863905108e-01 2.220520584430687450e-01 4.961180035090251295e-01 -1.811393583383846817e-01 2.559523254079749677e-01 5.592025129400894912e-01 -8.931266069424736997e-02
-9.812288859486670844e-01 -3.965371964333144206e-01 -4.972715884727563207e-01 -1.134673444199734149e-01 -1.879987897287378473e-01 -2.793593882001914608e-01 4.673792224623980474e-01 1.822679734561916121e-02 -1.509210918839585247e-01 2.194226313760623270e-01 3.021608535382824812e-01 5.568544675486464257e-02 1.379781060297204931e-01 9.106232635662081520e-02 3.178745313335298306e-01 2.813468411849839868e-01 1.202630481967048581e-01 1.950163169791494511e-01 2.189143023186375103e-01 -1.894055081818919462e-01 8.388979748229985489e-02 1.396826775630870543e-01 -1.445981802476126177e-01 7.190529834616654625e-02 -2.447123043227747985e-01 -6.389394705138329300e-03 1.020752731094489718e-01 -1.253155578673954551e-01 3.932162704371080508e-01 1.011054365901600249e-01
-6.834178363409932899e-01 -2.125072003101365681e+00 -6.434531305908990362e-01 9.676754348902250058e-03 -9.684580578010582030e-02 7.160623659127054452e-01 1.822679734561916121e-02 1.662977330730825543e+00 -2.651142996875819335e-01 4.177413392772564293e-01 2.209840568273762074e-01 -1.030087676339348945e+00 -2.553232426635076990e-02 3.443453182399025536e-01 3.002920392878536404e-01 5.217956602097615360e-01 -8.056429936021913818e-01 2.193712114723780360e-01 7.999449517984658087e-02 -8.556081002290625293e-01 -1.215417708982613476e-02 -5.466044914913936736e-02 2.669671777482562902e-03 5.687716978196704076e-01 -2.623804205704800552e-01 6.193623091002677938e-01 1.546127627978535202e-01 -2.144352502307356190e-02 1.032830300751527375e+00 -8.300716778364858328e-03
8.334109033855838788e-01 1.308293529947434308e+00 -1.162735404811826356e+00 3.771953287509859365e-01 -4.257240846171157500e-01 -2.472289637467497414e-01 -1.509210918839585247e-01 -2.651142996875819335e-01 1.535344006137393080e+00 -9.457268624669268320e-02 3.316238076482136421e-01 9.906835388274544130e-01 1.872102424221679939e-01 -2.754663352299075996e-01 -2.082274375175074965e-02 1.712477758626391733e-01 1.047150076715297473e-03 -1.275236871956053619e-01 -1.102603411381721799e-01 3.957685856751709252e-01 -5.090288451306719253e-01 -5.979118118278847760e-01 1.558557594696026172e-01 -3.585881393182148713e-01 -2.611248225051667760e-01 -3.721806223720136586e-01 2.567146512160434213e-02 -3.542730678354928386e-01 -8.541033704802316606e-01 -1.257716327190223637e-01
-7.522928829978923204e-01 -5.381121202021859062e-01 -6.492072886981645752e-01 -5.654406782804244358e-02 -1.400691686626487353e-01 -1.301176097703091727e-01 2.194226313760623270e-01 4.177413392772564293e-01 -9.457268624669268320e-02 4.655617580198168071e-01 6.518656203945738525e-02 -1.649737413508205464e-01 9.187363999944864190e-02 3.730480431228784255e-01 4.623123056729809832e-01 4.570025519307705508e-01 -7.512298225020686004e-02 2.731454835508770884e-01 1.464118585938081196e-01 -3.142097705557489462e-01 -4.827145700647861304e-02 -7.154058370315397042e-02 -1.027823216056731326e-01 1.561488599658673593e-01 -3.081276744163687908e-01 4.015122063373155470e-02 1.646802022167435098e-01 -1.917665972955546749e-01 2.741689423295952110e-01 3.085630603197841992e-02
-9.347722124280721800e-01 -7.313251106515394895e-01 -9.412333709197469034e-01 -1.564166003298055330e-01 -2.479506663079291684e-01 -1.222003109137403953e-01 3.021608535382824812e-01 2.209840568273762074e-01 3.316238076482136421e-01 6.518656203945738525e-02 1.007956368491250032e+00 1.185107003337293463e-01 2.630898459401009859e-01 -3.489968902090936353e-01 1.927842426891857031e-01 3.739183298568491409e-01 -2.412767467077969741e-01 1.684872524246543435e-01 3.030986745873178734e-01 -1.730456583583190877e-01 -4.136466542411199043e-02 2.704294938138218640e-02 3.043778418907550076e-02 8.614101109844796156e-02 -1.687695548296801462e-01 1.118693400238726099e-01 1.194436058278824930e-01 -7.453765776068621562e-02 3.713475348509973628e-01 8.780793270136655337e-02
4.092534030841648018e-01 1.769093306524609943e+00 -9.105867179667939126e-01 1.014912263613609866e-01 -3.869038045922934543e-02 -8.336239515375609699e-01 5.568544675486464257e-02 -1.030087676339348945e+00 9.906835388274544130e-01 -1.649737413508205464e-01 1.185107003337293463e-01 1.621118781951736310e+00 3.166547692867993646e-01 -3.535257316676734263e-01 1.813971821584914323e-01 1.264893870239802709e-01 5.639150439914146773e-01 -8.075727967187162903e-02 5.451386507820643601e-02 7.451974076207648068e-01 -4.279346924179208145e-01 -3.539860149880666995e-01 2.303943895748261639e-02 -6.263154818636280652e-01 -2.085810122604812022e-01 -6.992643620595799803e-01 4.363509923018682457e-02 -3.365470834161783387e-01 -1.098187685449374840e+00 4.238347407186893179e-02
-6.751389020507190253e-01 -6.250519406199828154e-02 -8.146731812586267552e-01 -1.266880073725928924e-01 5.331572689487984462e-02 -2.387401464732761269e-01 1.379781060297204931e-01 -2.553232426635076990e-02 1.872102424221679939e-01 9.187363999944864190e-02 2.630898459401009859e-01 3.166547692867993646e-01 4.508380795415973807e-01 -2.593484746837475541e-01 2.324152958098011368e-01 2.147615466238903537e-01 1.969953341233576793e-01 5.060035532534357117e-02 1.844714681981258764e-01 2.259246791170994584e-01 -3.387887412691270583e-02 2.530125219465162445e-02 -9.226288511422353622e-02 -6.808711292518410119e-02 -1.689292316063415456e-01 -2.037837259784396338e-01 2.277593705325102746e-01 -1.344676492760754627e-01 -9.589345053740316871e-02 1.407389210327210094e-01
-3.540773746007062073e-01 -3.977417822934512515e-01 -1.365708405861596475e-01 2.232750496222024594e-02 -4.150375024864274565e-01 -5.626383150757874319e-02 9.106232635662081520e-02 3.443453182399025536e-01 -2.754663352299075996e-01 3.730480431228784255e-01 -3.489968902090936353e-01 -3.535257316676734263e-01 -2.593484746837475541e-01 9.410655912529364286e-01 3.363524233668613306e-01 4.107336846282692022e-01 -1.377325572503877993e-01 2.516110630030539141e-01 1.374852767253003094e-01 -6.118506635253879722e-01 -3.477955449460523596e-02 5.682300014092334095e-02 -7.174790338518732824e-02 2.143281347753145383e-01 -2.717828947874068035e-01 2.148063710111500768e-01 2.938660064620535195e-02 -2.062708689418855101e-01 4.828906694689294454e-01 2.492814210080496196e-02
-9.837029358998279349e-01 -3.579586627056983161e-01 -1.095716956756177751e+00 -1.728509998183085372e-01 -1.917253790255699641e-01 -4.307245144204330245e-01 3.178745313335298306e-01 3.002920392878536404e-01 -2.082274375175074965e-02 4.623123056729809832e-01 1.927842426891857031e-01 1.813971821584914323e-01 2.324152958098011368e-01 3.363524233668613306e-01 8.581206972548898193e-01 7.055861062333690370e-01 8.605873137753405899e-02 3.301074480509100795e-01 2.966903999986243434e-01 -1.902087911801686460e-01 -2.169976627741903030e-01 -9.734198948231664872e-02 -1.421019103775620351e-01 2.181382312750201891e-02 -4.464418825084521814e-01 -1.417425829361036449e-01 2.829261111185701338e-01 -3.145399298776965225e-01 1.082489395740253713e-01 8.989613633025328454e-02
-1.194272767248094169e+00 -7.148026569503826977e-01 -1.423783291182360244e+00 -1.934399855185233719e-01 -3.246884859340184448e-01 -3.111011166380421855e-01 2.813468411849839868e-01 5.217956602097615360e-01 1.712477758626391733e-01 4.570025519307705508e-01 3.739183298568491409e-01 1.264893870239802709e-01 2.147615466238903537e-01 4.107336846282692022e-01 7.055861062333690370e-01 9.287166964128914515e-01 -1.708549263931899986e-01 4.163484968740363001e-01 4.518659061766641116e-01 -3.695970724564858756e-01 -2.288264221801341591e-01 -1.236840820014322162e-01 -2.718917706016554803e-02 1.441706591037359431e-01 -4.810761740850750812e-01 2.385702812580348109e-02 3.262758456892242975e-01 -3.412193335400388605e-01 2.768278698226254164e-01 7.359302652548649348e-02
-7.191575230081070913e-02 9.684769763665030951e-01 -1.273058701855234176e-02 -5.242963180796778033e-02 1.036128308485899652e-01 -5.073126077353435903e-01 1.202630481967048581e-01 -8.056429936021913818e-01 1.047150076715297473e-03 -7.512298225020686004e-02 -2.412767467077969741e-01 5.639150439914146773e-01 1.969953341233576793e-01 -1.377325572503877993e-01 8.605873137753405899e-02 -1.708549263931899986e-01 7.144933665461508099e-01 -1.019797864500446849e-01 3.576265461043703908e-02 4.376042162214730524e-01 4.257704356217573149e-02 1.593655974708099166e-01 -2.112082437681692682e-01 -3.280873959870405088e-01 -4.173336634920588040e-02 -4.184468560848131347e-01 3.947802973647185354e-02 -1.003303981223666597e-01 -4.098802665171774606e-01 2.170345441352310445e-01
-6.807950077443365444e-01 -4.324112121653342911e-01 -4.056164383180203004e-01 -1.244006197489966326e-01 -1.228457467448720308e-01 -1.738079692113956298e-01 1.950163169791494511e-01 2.193712114723780360e-01 -1.275236871956053619e-01 2.731454835508770884e-01 1.684872524246543435e-01 -8.075727967187162903e-02 5.060035532534357117e-02 2.516110630030539141e-01 3.301074480509100795e-01 4.163484968740363001e-01 -1.019797864500446849e-01 3.189974052135937654e-01 2.103244025723824961e-01 -2.529038972225521320e-01 -2.968855244051837872e-02 -4.625085490243918684e-02 6.256180103235919887e-03 1.185633374824988095e-01 -1.725583704180451150e-01 6.112897386833537894e-02 8.855891323634068613e-02 -1.214304302592381646e-01 2.032864719495250938e-01 -3.883298129318291103e-02
-1.165152398635598274e+00 -6.235985027978756534e-01 -7.432562386489962591e-01 -2.968242626186565758e-01 -1.395853032987588449e-01 -2.146405815419427654e-01 2.189143023186375103e-01 7.999449517984658087e-02 -1.102603411381721799e-01 1.464118585938081196e-01 3.030986745873178734e-01 5.451386507820643601e-02 1.844714681981258764e-01 1.374852767253003094e-01 2.966903999986243434e-01 4.518659061766641116e-01 3.576265461043703908e-02 2.103244025723824961e-01 4.803988840137378702e-01 -1.782723194323239113e-01 5.658887597959960658e-02 2.775438214999326192e-01 -6.445085893008695166e-02 8.796659703722298218e-02 -1.851147155360308716e-01 4.914625834572916574e-02 1.938575196022043201e-01 -1.125143607907830301e-01 4.004192268764086293e-01 1.682160046696594691e-01
7.225714474345750205e-01 1.586777545914912935e+00 2.185824635963626861e-01 1.387023605184367625e-02 3.335037431860428114e-01 -3.621490620981830943e-01 -1.894055081818919462e-01 -8.556081002290625293e-01 3.957685856751709252e-01 -3.142097705557489462e-01 -1.730456583583190877e-01 7.451974076207648068e-01 2.259246791170994584e-01 -6.118506635253879722e-01 -1.902087911801686460e-01 -3.695970724564858756e-01 4.376042162214730524e-01 -2.529038972225521320e-01 -1.782723194323239113e-01 1.041359082943074554e+00 -1.037736821911607876e-01 -2.238942832990176157e-01 3.543118554904367556e-02 -4.206638611853463772e-01 2.369915916345917140e-01 -6.208231150176857227e-01 4.223474326892073805e-02 7.602088236006920852e-02 -1.173348109822370589e+00 -7.208420031770401692e-02
-5.027318296259863928e-01 -5.293316015498135130e-01 5.351707878527349749e-01 -1.022709194181743442e-01 1.246751546136692923e-01 1.430689567294507469e-01 8.388979748229985489e-02 -1.215417708982613476e-02 -5.090288451306719253e-01 -4.827145700647861304e-02 -4.136466542411199043e-02 -4.279346924179208145e-01 -3.387887412691270583e-02 -3.477955449460523596e-02 -2.169976627741903030e-01 -2.288264221801341591e-01 4.257704356217573149e-02 -2.968855244051837872e-02 5.658887597959960658e-02 -1.037736821911607876e-01 3.658001367739416310e-01 3.996704771598160733e-01 -8.722957497303696073e-02 1.576493665760949625e-01 1.808343269442502788e-01 1.842147817080785899e-01 -8.525656388007973874e-02 1.949961071507573251e-01 4.571661208375985552e-01 6.721711495737281439e-02
-9.769509425147475667e-01 -8.586124158069310397e-01 2.179573196716546590e-01 -2.489347421820866657e-01 4.588396586325416138e-02 8.617729688336339677e-02 1.396826775630870543e-01 -5.466044914913936736e-02 -5.979118118278847760e-01 -7.154058370315397042e-02 2.704294938138218640e-02 -3.539860149880666995e-01 2.530125219465162445e-02 5.682300014092334095e-02 -9.734198948231664872e-02 -1.236840820014322162e-01 1.593655974708099166e-01 -4.625085490243918684e-02 2.775438214999326192e-01 -2.238942832990176157e-01 3.996704771598160733e-01 7.536609084854433149e-01 -1.954532468055845129e-01 1.293625084201153186e-01 9.033850556704692281e-02 2.334323755039804382e-01 -2.351869352406765756e-02 1.345826376845593586e-01 8.100724539589521100e-01 2.858420221865571875e-01
3.509105289160174834e-01 1.852675567210440022e-01 1.905687938677260718e-01 2.478858933886840532e-02 1.319140084240189026e-02 9.153358928142552031e-02 -1.445981802476126177e-01 2.669671777482562902e-03 1.558557594696026172e-01 -1.027823216056731326e-01 3.043778418907550076e-02 2.303943895748261639e-02 -9.226288511422353622e-02 -7.174790338518732824e-02 -1.421019103775620351e-01 -2.718917706016554803e-02 -2.112082437681692682e-01 6.256180103235919887e-03 -6.445085893008695166e-02 3.543118554904367556e-02 -8.722957497303696073e-02 -1.954532468055845129e-01 2.668147562080207535e-01 1.992823288190948006e-02 1.635362628758798564e-01 3.359673587624456559e-02 -3.126356821644549200e-02 8.750124311484341888e-02 -2.844521705704323722e-01 -2.265875846863991683e-01
-5.403303892614417236e-01 -9.913136035380603062e-01 6.805578623271912875e-02 -8.218187678596677870e-02 -7.312610758350501783e-02 2.962503481863905108e-01 7.190529834616654625e-02 5.687716978196704076e-01 -3.585881393182148713e-01 1.561488599658673593e-01 8.614101109844796156e-02 -6.263154818636280652e-01 -6.808711292518410119e-02 2.143281347753145383e-01 2.181382312750201891e-02 1.441706591037359431e-01 -3.280873959870405088e-01 1.185633374824988095e-01 8.796659703722298218e-02 -4.206638611853463772e-01 1.576493665760949625e-01 1.293625084201153186e-01 1.992823288190948006e-02 3.669202663405144449e-01 1.052400352330096212e-02 3.410039756047922310e-01 1.261404977333313582e-02 9.052159070176912792e-02 5.830179793056231574e-01 -5.696333634585926120e-02
4.391190855183708663e-01 2.004108383228526691e-01 1.010140269781231837e+00 -3.370441102617860452e-02 3.123387283422971450e-01 2.220520584430687450e-01 -2.447123043227747985e-01 -2.623804205704800552e-01 -2.611248225051667760e-01 -3.081276744163687908e-01 -1.687695548296801462e-01 -2.085810122604812022e-01 -1.689292316063415456e-01 -2.717828947874068035e-01 -4.464418825084521814e-01 -4.810761740850750812e-01 -4.173336634920588040e-02 -1.725583704180451150e-01 -1.851147155360308716e-01 2.369915916345917140e-01 1.808343269442502788e-01 9.033850556704692281e-02 1.635362628758798564e-01 1.052400352330096212e-02 5.155285648934011533e-01 6.086957497024059194e-02 -2.087812562152748797e-01 3.766770266645949050e-01 -2.294800611635423593e-01 -1.260635486521550774e-01
-3.010739874958971996e-01 -1.214227659588345887e+00 2.520892975347237552e-01 -3.628290473352535628e-02 -8.934765598007743392e-02 4.961180035090251295e-01 -6.389394705138329300e-03 6.193623091002677938e-01 -3.721806223720136586e-01 4.015122063373155470e-02 1.118693400238726099e-01 -6.992643620595799803e-01 -2.037837259784396338e-01 2.148063710111500768e-01 -1.417425829361036449e-01 2.385702812580348109e-02 -4.184468560848131347e-01 6.112897386833537894e-02 4.914625834572916574e-02 -6.208231150176857227e-01 1.842147817080785899e-01 2.334323755039804382e-01 3.359673587624456559e-02 3.410039756047922310e-01 6.086957497024059194e-02 5.562421158729762283e-01 -1.129486718210159779e-01 1.400734675823400721e-01 8.069679314833706485e-01 -8.418600772927220532e-03
-5.402363666141809517e-01 -1.761859135555710054e-01 -6.443742569985602131e-01 -1.271171218320432672e-01 -3.420970911918175261e-02 -1.811393583383846817e-01 1.020752731094489718e-01 1.546127627978535202e-01 2.567146512160434213e-02 1.646802022167435098e-01 1.194436058278824930e-01 4.363509923018682457e-02 2.277593705325102746e-01 2.938660064620535195e-02 2.829261111185701338e-01 3.262758456892242975e-01 3.947802973647185354e-02 8.855891323634068613e-02 1.938575196022043201e-01 4.223474326892073805e-02 -8.525656388007973874e-02 -2.351869352406765756e-02 -3.126356821644549200e-02 1.261404977333313582e-02 -2.087812562152748797e-01 -1.129486718210159779e-01 3.679773478442029955e-01 -1.149942118553326509e-01 -3.054763817402772474e-02 8.938795415662070809e-02
8.629923817727558344e-02 -2.422878941353587834e-01 7.630460810837575991e-01 -6.681626451160127544e-02 2.704657096124378768e-01 2.559523254079749677e-01 -1.253155578673954551e-01 -2.144352502307356190e-02 -3.542730678354928386e-01 -1.917665972955546749e-01 -7.453765776068621562e-02 -3.365470834161783387e-01 -1.344676492760754627e-01 -2.062708689418855101e-01 -3.145399298776965225e-01 -3.412193335400388605e-01 -1.003303981223666597e-01 -1.214304302592381646e-01 -1.125143607907830301e-01 7.602088236006920852e-02 1.949961071507573251e-01 1.345826376845593586e-01 8.750124311484341888e-02 9.052159070176912792e-02 3.766770266645949050e-01 1.400734675823400721e-01 -1.149942118553326509e-01 3.745409976623363946e-01 7.080872984255393021e-02 -6.273031650124494263e-02
-1.676098812792929493e+00 -2.613154450659919803e+00 -2.396759757148174685e-01 -2.240412482750002710e-01 -2.922285969817153273e-01 5.592025129400894912e-01 3.932162704371080508e-01 1.032830300751527375e+00 -8.541033704802316606e-01 2.741689423295952110e-01 3.713475348509973628e-01 -1.098187685449374840e+00 -9.589345053740316871e-02 4.828906694689294454e-01 1.082489395740253713e-01 2.768278698226254164e-01 -4.098802665171774606e-01 2.032864719495250938e-01 4.004192268764086293e-01 -1.173348109822370589e+00 4.571661208375985552e-01 8.100724539589521100e-01 -2.844521705704323722e-01 5.830179793056231574e-01 -2.294800611635423593e-01 8.069679314833706485e-01 -3.054763817402772474e-02 7.080872984255393021e-02 2.079026406828404561e+00 3.115932352651498149e-01
-5.025812403704321696e-01 -3.380983811924807014e-01 -3.985840261163957621e-01 -1.089763644679351273e-01 1.212538479029490190e-02 -8.931266069424736997e-02 1.011054365901600249e-01 -8.300716778364858328e-03 -1.257716327190223637e-01 3.085630603197841992e-02 8.780793270136655337e-02 4.238347407186893179e-02 1.407389210327210094e-01 2.492814210080496196e-02 8.989613633025328454e-02 7.359302652548649348e-02 2.170345441352310445e-01 -3.883298129318291103e-02 1.682160046696594691e-01 -7.208420031770401692e-02 6.721711495737281439e-02 2.858420221865571875e-01 -2.265875846863991683e-01 -5.696333634585926120e-02 -1.260635486521550774e-01 -8.418600772927220532e-03 8.938795415662070809e-02 -6.273031650124494263e-02 3.115932352651498149e-01 4.205797192889804137e-01
