4.889252137216544725e+00 3.144127857459977804e+00 1.007324291060683663e+00 1.069491245062067719e+00 -4.855747995975434605e-01 2.176264430959804486e-01 -9.366402186552704734e-01 -5.619538898124574189e-01 1.355190691471875652e+00 -6.090277455588193334e-01 -1.036795138273475914e+00 3.485815993631717902e-01 -8.246004838010208005e-01 -1.391487994414433160e-01 -7.983864279176486889e-01 -1.126143271146077041e+00 -3.620105110138638338e-01 -3.766393341432490161e-01 -1.251430260007339257e+00 5.222032082311898193e-01 -1.670910077890539469e-01 -1.127531890309910523e+00 4.714379862423925260e-01 -2.396443979461082563e-01 -9.159348596199379244e-04 -1.510863082096989274e-01 -3.370144281348075310e-01 -8.245042342696251580e-02 -1.401196735534767868e+00 -1.009948655641210280e+00
3.144127857459977804e+00 4.243081217445194397e+00 1.984076070903029176e+00 5.775141723252659176e-01 2.003565629471495413e-01 -1.242075792220987296e+00 -6.863440715600859221e-01 -2.485485815804736376e+00 -2.721081266645910546e-01 -6.118503725667210347e-01 -2.303405796296658536e+00 1.093228503252362316e+00 -4.927966720657650512e-02 -5.091416879190546751e-02 -5.522035677091707839e-01 -8.556781559121873215e-01 7.154653296480546487e-01 -2.500944712099339995e-01 -7.919731969415124695e-01 1.420079892551598277e+00 8.811575137679028558e-02 -7.160852683576877098e-01 5.014753893844954291e-01 -4.721450699620390878e-01 2.991551796051226120e-01 -3.690364927062432798e-01 -2.504161656440828665e-01 -3.095862721024218445e-01 -1.871615338052265543e+00 -1.263782262855670524e-01
1.007324291060683663e+00 1.984076070903029176e+00 2.153509818909242313e+00 1.999224908428800518e-01 4.418404497082519811e-01 -1.054947842540798320e+00 -1.534617589423419304e-01 -1.467504533323506166e+00 -9.939839904513405600e-01 -3.428029493965141228e-01 -1.554247326751180935e+00 3.447589134727877536e-01 1.881602024377571070e-02 -5.776594532107992563e-02 -3.615839305227268596e-01 -6.856893595240194372e-01 5.394684703618395361e-01 -5.171160655208950629e-02 -4.985062095794319248e-01 8.539044245173386116e-01 2.797080963566713763e-01 -2.288713649766691560e-01 1.883430948053614884e-01 -1.582437622248562548e-01 4.663133653784257149e-01 -1.122109832685964648e-01 -1.410892293371261985e-01 2.169582136652934423e-01 -8.159045618253344401e-01 -1.641847301613097443e-02
1.069491245062067719e+00 5.775141723252659176e-01 1.999224908428800518e-01 4.163904931193656012e-01 -2.381948343713702343e-01 1.742807729573314646e-01 -1.882924079847043686e-01 3.358961173000807321e-02 4.850757869257336097e-01 -1.602470112355263154e-01 -9.128621578622642119e-02 -3.175177808782336797e-02 -2.987467388748541453e-01 -2.493279525936031860e-02 -2.392925373065395434e-01 -3.175853527810659216e-01 -1.865347326838104891e-01 -8.378360179193578006e-02 -3.409193188164749699e-01 8.584182458434952423e-03 -2.565305322838185020e-02 -2.798775735935805642e-01 9.771436495657326304e-02 -1.209128336097364809e-02 1.852416491550457067e-02 2.182319949963584804e-02 -1.099327541774073325e-01 8.126264630789137300e-02 -1.982753747025185476e-01 -3.567752918379483162e-01
-4.855747995975434605e-01 2.003565629471495413e-01 4.418404497082519811e-01 -2.381948343713702343e-01 9.019995447397946009e-01 -5.287911749072122802e-01 3.730995208030662980e-02 -6.835192445579991727e-01 -9.618266845101857143e-01 9.486140808638765520e-02 -8.082552764371371268e-01 4.065031677343995398e-01 4.202206964816355139e-01 -9.330692971343523823e-02 2.296653003174924379e-01 9.603623817548623265e-02 4.248695193011826632e-01 4.307167881978557489e-02 -5.691858132024663064e-03 5.313741266937199725e-01 1.946657780473515231e-02 -3.331051533973550249e-02 1.870289200189745316e-02 -1.483573081206372990e-01 1.341171088356531982e-01 -1.203082934816279703e-01 9.455976916399322363e-02 -1.977256667510118859e-02 -3.719130286374365824e-01 4.038665781994268400e-01
2.176264430959804486e-01 -1.242075792220987296e+00 -1.054947842540798320e+00 1.742807729573314646e-01 -5.287911749072122802e-01 1.368429757388071266e+00 -2.950035036070630667e-02 1.584247196390606405e+00 1.126023606387775544e+00 1.019019685617763571e-01 1.044292654957644118e+00 -8.375029587809308396e-01 -3.823808989891972487e-01 -7.259208751690948702e-02 -2.180077803283779758e-01 -1.257214584525740975e-01 -6.780889434262462601e-01 -6.252389368501098943e-02 -1.465746078785912232e-01 -5.973699615209397962e-01 -4.217883975542235930e-02 -7.283311083574517397e-02 -9.833150552032066116e-02 2.074007711797207776e-01 -9.371025225374296497e-02 1.263444827256989811e-01 5.727857657041113271e-02 3.569100061057497442e-01 4.623651040286063107e-01 -5.439700465678924957e-01
-9.366402186552704734e-01 -6.863440715600859221e-01 -1.534617589423419304e-01 -1.882924079847043686e-01 3.730995208030662980e-02 -2.950035036070630667e-02 3.954757324663660256e-01 1.831043445021123262e-01 -3.806074787261195524e-01 1.525299347999293786e-01 3.121019388797776628e-01 -8.072108138253497600e-02 1.172190309696361510e-01 5.251136150684487802e-02 2.996482661822597038e-01 2.254572291732870326e-01 3.266384880004125080e-02 1.141080490914418988e-01 1.818965692550591484e-01 -2.358869608471536594e-01 -2.369232152602762653e-03 1.578376133832080086e-01 -1.436290735748571024e-01 5.896789293109350183e-02 -9.017425683305191342e-02 4.242352842214813791e-02 1.970914153184821771e-02 -1.530828836308728569e-02 4.057443407996856877e-01 1.542272937043094316e-01
-5.619538898124574189e-01 -2.485485815804736376e+00 -1.467504533323506166e+00 3.358961173000807321e-02 -6.835192445579991727e-01 1.584247196390606405e+00 1.831043445021123262e-01 2.494066026282609982e+00 1.269009789678477773e+00 3.267914430741711840e-01 1.936019854857420341e+00 -1.238355420659843276e+00 -3.952300369158479043e-01 -1.452282324601696928e-01 -5.089969145222994484e-02 1.899018540560177826e-01 -1.107122703746995285e+00 6.784687065419348073e-02 2.225902483604613735e-02 -1.023753690588534937e+00 -9.071511994432057691e-02 -5.533599588676452186e-02 -1.556001972832632418e-01 4.460855140869739444e-01 -1.762590069504881285e-01 2.599483212327413639e-01 1.181892219027531610e-01 4.331360803936945558e-01 9.106771238799069579e-01 -6.379040979925321153e-01
1.355190691471875652e+00 -2.721081266645910546e-01 -9.939839904513405600e-01 4.850757869257336097e-01 -9.618266845101857143e-01 1.126023606387775544e+00 -3.806074787261195524e-01 1.269009789678477773e+00 1.905128710208202847e+00 -9.106358913885514994e-02 1.124136149089792980e+00 -5.691444538994119284e-01 -6.200305048282075404e-01 -6.098918162138033949e-02 -5.163051111074992150e-01 -1.735192327117829336e-01 -9.225248913872974299e-01 -1.082271379747226092e-01 -2.236781000214307369e-01 -5.329614079120119641e-01 -8.774680361432274367e-02 -3.477150302765039669e-01 1.811368741269347993e-01 2.235034227935557283e-01 -1.099380408175534285e-01 1.378153121571585871e-01 -1.262814681246027249e-01 1.062830258952658369e-01 3.831121855228047934e-02 -8.529693264721345258e-01
-6.090277455588193334e-01 -6.118503725667210347e-01 -3.428029493965141228e-01 -1.602470112355263154e-01 9.486140808638765520e-02 1.019019685617763571e-01 1.525299347999293786e-01 3.267914430741711840e-01 -9.106358913885514994e-02 2.042255408298956354e-01 3.310680459928789787e-01 -1.250363198054742497e-01 1.440951097038691842e-01 -5.362383933055525631e-02 2.065553289727404263e-01 2.321801805839527333e-01 -1.014968103045816861e-01 8.316799938972962991e-02 1.059664404662612469e-01 -1.057113294092459910e-01 -4.648413989997379758e-02 7.630441431160761567e-03 -4.944970768275425144e-02 7.643530556896394046e-02 -5.945129286857309125e-02 9.758335105459536862e-03 7.233641016154024328e-02 -1.790153080952450182e-02 1.596547042316274201e-01 6.499000593476012000e-02
-1.036795138273475914e+00 -2.303405796296658536e+00 -1.554247326751180935e+00 -9.128621578622642119e-02 -8.082552764371371268e-01 1.044292654957644118e+00 3.121019388797776628e-01 1.936019854857420341e+00 1.124136149089792980e+00 3.310680459928789787e-01 2.128199223256274308e+00 -8.376180167545612676e-01 -2.791884220050064869e-01 -6.599846944311593688e-03 1.359989068865843365e-01 5.453178126105058254e-01 -9.980163359992957339e-01 1.641773464413631700e-01 3.685810440169916546e-01 -1.109053117871440008e+00 -1.327944844665580604e-01 9.131093873907047964e-02 -9.648301143505477739e-02 4.498834092748325020e-01 -2.871325720041681961e-01 2.683996524087888247e-01 3.670966647371187719e-02 4.602197449446521205e-02 9.891924818711572698e-01 -4.305382399762720524e-01
3.485815993631717902e-01 1.093228503252362316e+00 3.447589134727877536e-01 -3.175177808782336797e-02 4.065031677343995398e-01 -8.375029587809308396e-01 -8.072108138253497600e-02 -1.238355420659843276e+00 -5.691444538994119284e-01 -1.250363198054742497e-01 -8.376180167545612676e-01 9.593165812867709974e-01 2.031237865158459499e-01 1.190647875222339280e-01 2.370761231189817408e-01 1.328308178378563298e-01 5.074962612383728811e-01 -6.886200036888112663e-03 7.840707305493310741e-02 3.725370564974355148e-01 -1.100132844004519939e-01 -2.430988663161315344e-02 9.724332430698723329e-02 -2.676114463620251627e-01 -7.015237881745406412e-02 -1.187829745525732505e-01 -1.325779972534633089e-01 -4.309708145482318287e-01 -4.013177207571629879e-01 3.825843613681172428e-01
-8.246004838010208005e-01 -4.927966720657650512e-02 1.881602024377571070e-02 -2.987467388748541453e-01 4.202206964816355139e-01 -3.823808989891972487e-01 1.172190309696361510e-01 -3.952300369158479043e-01 -6.200305048282075404e-01 1.440951097038691842e-01 -2.791884220050064869e-01 2.031237865158459499e-01 4.354993049204267663e-01 -5.006530612746473707e-02 2.378046727323521736e-01 2.541402617640642347e-01 3.187307687967972925e-01 8.503057070663544437e-02 2.119382693328475398e-01 2.814681848529971830e-01 3.842429649171208439e-02 1.042116509539141589e-01 -3.894499231728332234e-02 -6.348992790753982263e-02 -9.538956006679200073e-03 -1.048851533794277202e-01 1.205041119391694338e-01 -1.342147647355318441e-01 -1.028255561883497649e-01 3.621960408801214726e-01
-1.391487994414433160e-01 -5.091416879190546751e-02 -5.776594532107992563e-02 -2.493279525936031860e-02 -9.330692971343523823e-02 -7.259208751690948702e-02 5.251136150684487802e-02 -1.452282324601696928e-01 -6.098918162138033949e-02 -5.362383933055525631e-02 -6.599846944311593688e-03 1.190647875222339280e-01 -5.006530612746473707e-02 2.010229210901570696e-01 2.954092179726330869e-02 3.270336894718184340e-02 1.256582696733516968e-01 -1.514678935586744046e-02 1.548037728484246145e-01 -1.791089058124839539e-01 -5.855996528225659858e-05 2.234793999074895510e-01 -8.518758733862341614e-02 -2.259874687251794967e-02 -7.007379657289902752e-02 3.034380291285287967e-02 -6.241610217858806209e-02 -1.256527229257358158e-01 2.033182562376509850e-01 1.429616001735780628e-01
-7.983864279176486889e-01 -5.522035677091707839e-01 -3.615839305227268596e-01 -2.392925373065395434e-01 2.296653003174924379e-01 -2.180077803283779758e-01 2.996482661822597038e-01 -5.089969145222994484e-02 -5.163051111074992150e-01 2.065553289727404263e-01 1.359989068865843365e-01 2.370761231189817408e-01 2.378046727323521736e-01 2.954092179726330869e-02 6.398483824759750860e-01 4.133998781350669560e-01 1.624288250301333392e-01 1.107914899156980937e-01 2.054349923858467264e-01 -1.752610297197634281e-01 -1.954839614667207570e-01 1.086155195987146271e-01 -1.377437152897300621e-01 -6.403755058232718511e-02 -2.174324273798902141e-01 1.987973052513325456e-02 2.449522102665468992e-02 -2.163480300416154023e-01 3.385938624258528762e-01 3.432063239478111427e-01
-1.126143271146077041e+00 -8.556781559121873215e-01 -6.856893595240194372e-01 -3.175853527810659216e-01 9.603623817548623265e-02 -1.257214584525740975e-01 2.254572291732870326e-01 1.899018540560177826e-01 -1.735192327117829336e-01 2.321801805839527333e-01 5.453178126105058254e-01 1.328308178378563298e-01 2.541402617640642347e-01 3.270336894718184340e-02 4.133998781350669560e-01 6.299668588574149908e-01 -6.834077096146984331e-02 1.563061937146699165e-01 4.220705873761687599e-01 -2.113007984539194695e-01 -1.212697016864581201e-01 1.194975042041050983e-01 -3.995098617571102295e-02 8.348151959864935634e-02 -1.854543834404580593e-01 3.264567876777846323e-02 8.046599738315762806e-02 -2.541294754739737982e-01 2.786660859574112692e-01 2.397161648748351581e-01
-3.620105110138638338e-01 7.154653296480546487e-01 5.394684703618395361e-01 -1.865347326838104891e-01 4.248695193011826632e-01 -6.780889434262462601e-01 3.266384880004125080e-02 -1.107122703746995285e+00 -9.225248913872974299e-01 -1.014968103045816861e-01 -9.980163359992957339e-01 5.074962612383728811e-01 3.187307687967972925e-01 1.256582696733516968e-01 1.624288250301333392e-01 -6.834077096146984331e-02 8.197570878222677493e-01 -4.778503546992851625e-02 1.632522394466207061e-01 3.683986238923466772e-01 6.864871011248396826e-02 3.685451826004282339e-01 -1.445154689614014387e-01 -2.831969866258532420e-01 9.688633243001731898e-03 -1.258574391709998963e-01 4.015673785329454404e-02 -1.744961641940108166e-01 -7.863893106031127900e-02 6.133959997691249555e-01
-3.766393341432490161e-01 -2.500944712099339995e-01 -5.171160655208950629e-02 -8.378360179193578006e-02 4.307167881978557489e-02 -6.252389368501098943e-02 1.141080490914418988e-01 6.784687065419348073e-02 -1.082271379747226092e-01 8.316799938972962991e-02 1.641773464413631700e-01 -6.886200036888112663e-03 8.503057070663544437e-02 -1.514678935586744046e-02 1.107914899156980937e-01 1.563061937146699165e-01 -4.778503546992851625e-02 1.323918890685149563e-01 9.237854491277630586e-02 -6.394888351263716686e-02 9.112436678094582021e-03 -2.955372029839509196e-02 2.251035216926311477e-02 5.919628654606867713e-02 -8.010336267432194290e-03 1.649720875855109625e-02 -3.627167474428460991e-02 -3.300402892989495740e-02 6.287100133442891092e-02 -4.587136926403445614e-02
-1.251430260007339257e+00 -7.919731969415124695e-01 -4.985062095794319248e-01 -3.409193188164749699e-01 -5.691858132024663064e-03 -1.465746078785912232e-01 1.818965692550591484e-01 2.225902483604613735e-02 -2.236781000214307369e-01 1.059664404662612469e-01 3.685810440169916546e-01 7.840707305493310741e-02 2.119382693328475398e-01 1.548037728484246145e-01 2.054349923858467264e-01 4.220705873761687599e-01 1.632522394466207061e-01 9.237854491277630586e-02 6.108068526635577200e-01 -2.710554101121260828e-01 5.544345961399699263e-02 4.996195876574347494e-01 -1.210722956995766708e-01 4.787049389759090445e-02 -1.640910081289916889e-01 2.197844829447603843e-02 4.457311143471542891e-02 -2.758565070433860456e-01 4.589179861591787812e-01 3.446519079396921370e-01
5.222032082311898193e-01 1.420079892551598277e+00 8.539044245173386116e-01 8.584182458434952423e-03 5.313741266937199725e-01 -5.973699615209397962e-01 -2.358869608471536594e-01 -1.023753690588534937e+00 -5.329614079120119641e-01 -1.057113294092459910e-01 -1.109053117871440008e+00 3.725370564974355148e-01 2.814681848529971830e-01 -1.791089058124839539e-01 -1.752610297197634281e-01 -2.113007984539194695e-01 3.683986238923466772e-01 -6.394888351263716686e-02 -2.710554101121260828e-01 9.413371693725025580e-01 1.159752605210542242e-01 -2.941375402471919642e-01 1.822342505494134457e-01 -1.835627630803173815e-01 2.751411075292935493e-01 -2.220980933320788608e-01 6.053051825949751219e-02 3.069410266425620648e-02 -9.094139156647429445e-01 1.501570895221107094e-01
-1.670910077890539469e-01 8.811575137679028558e-02 2.797080963566713763e-01 -2.565305322838185020e-02 1.946657780473515231e-02 -4.217883975542235930e-02 -2.369232152602762653e-03 -9.071511994432057691e-02 -8.774680361432274367e-02 -4.648413989997379758e-02 -1.327944844665580604e-01 -1.100132844004519939e-01 3.842429649171208439e-02 -5.855996528225659858e-05 -1.954839614667207570e-01 -1.212697016864581201e-01 6.864871011248396826e-02 9.112436678094582021e-03 5.544345961399699263e-02 1.159752605210542242e-01 2.292776042049808893e-01 1.332115546057366373e-01 4.629248119158546615e-03 2.091686832841332944e-02 9.021358834070269950e-02 -2.657873049304271262e-02 -5.626869219975105807e-02 4.557248387271783940e-02 -4.668776241419436701e-02 -4.732467301369069901e-02
-1.127531890309910523e+00 -7.160852683576877098e-01 -2.288713649766691560e-01 -2.798775735935805642e-01 -3.331051533973550249e-02 -7.283311083574517397e-02 1.578376133832080086e-01 -5.533599588676452186e-02 -3.477150302765039669e-01 7.630441431160761567e-03 9.131093873907047964e-02 -2.430988663161315344e-02 1.042116509539141589e-01 2.234793999074895510e-01 1.086155195987146271e-01 1.194975042041050983e-01 3.685451826004282339e-01 -2.955372029839509196e-02 4.996195876574347494e-01 -2.941375402471919642e-01 1.332115546057366373e-01 7.875954305287393709e-01 -2.780493694330914423e-01 -6.319952931249872563e-02 -1.227895038182680310e-01 4.036244872577299247e-02 4.130606724373819816e-02 -1.461929638204537696e-01 6.532233566168201833e-01 4.833506130540854429e-01
4.714379862423925260e-01 5.014753893844954291e-01 1.883430948053614884e-01 9.771436495657326304e-02 1.870289200189745316e-02 -9.833150552032066116e-02 -1.436290735748571024e-01 -1.556001972832632418e-01 1.811368741269347993e-01 -4.944970768275425144e-02 -9.648301143505477739e-02 9.724332430698723329e-02 -3.894499231728332234e-02 -8.518758733862341614e-02 -1.377437152897300621e-01 -3.995098617571102295e-02 -1.445154689614014387e-01 2.251035216926311477e-02 -1.210722956995766708e-01 1.822342505494134457e-01 4.629248119158546615e-03 -2.780493694330914423e-01 2.689219745146260721e-01 3.126982362687158457e-02 1.162243762348396103e-01 -3.574506324775938992e-02 -4.839018498557834391e-02 -1.428087375683162463e-02 -4.538037445511236001e-01 -2.406673799526402036e-01
-2.396443979461082563e-01 -4.721450699620390878e-01 -1.582437622248562548e-01 -1.209128336097364809e-02 -1.483573081206372990e-01 2.074007711797207776e-01 5.896789293109350183e-02 4.460855140869739444e-01 2.235034227935557283e-01 7.643530556896394046e-02 4.498834092748325020e-01 -2.676114463620251627e-01 -6.348992790753982263e-02 -2.259874687251794967e-02 -6.403755058232718511e-02 8.348151959864935634e-02 -2.831969866258532420e-01 5.919628654606867713e-02 4.787049389759090445e-02 -1.835627630803173815e-01 2.091686832841332944e-02 -6.319952931249872563e-02 3.126982362687158457e-02 1.888257481079449462e-01 3.025841827172826015e-02 6.926932497611915096e-02 -1.282416360140814504e-03 8.141360562706267956e-02 1.133524091624735775e-01 -2.086684120788504515e-01
-9.159348596199379244e-04 2.991551796051226120e-01 4.663133653784257149e-01 1.852416491550457067e-02 1.341171088356531982e-01 -9.371025225374296497e-02 -9.017425683305191342e-02 -1.762590069504881285e-01 -1.099380408175534285e-01 -5.945129286857309125e-02 -2.871325720041681961e-01 -7.015237881745406412e-02 -9.538956006679200073e-03 -7.007379657289902752e-02 -2.174324273798902141e-01 -1.854543834404580593e-01 9.688633243001731898e-03 -8.010336267432194290e-03 -1.640910081289916889e-01 2.751411075292935493e-01 9.021358834070269950e-02 -1.227895038182680310e-01 1.162243762348396103e-01 3.025841827172826015e-02 3.429299259150013768e-01 2.980311498390619818e-03 -2.197004185569539914e-02 2.709617366622296686e-01 -3.038413231679442106e-01 -6.557219282450432729e-02
-1.510863082096989274e-01 -3.690364927062432798e-01 -1.122109832685964648e-01 2.182319949963584804e-02 -1.203082934816279703e-01 1.263444827256989811e-01 4.242352842214813791e-02 2.599483212327413639e-01 1.378153121571585871e-01 9.758335105459536862e-03 2.683996524087888247e-01 -1.187829745525732505e-01 -1.048851533794277202e-01 3.034380291285287967e-02 1.987973052513325456e-02 3.264567876777846323e-02 -1.258574391709998963e-01 1.649720875855109625e-02 2.197844829447603843e-02 -2.220980933320788608e-01 -2.657873049304271262e-02 4.036244872577299247e-02 -3.574506324775938992e-02 6.926932497611915096e-02 2.980311498390619818e-03 1.188020939023886058e-01 -3.010671268998521555e-02 8.400061765661348545e-02 1.955491496324270884e-01 -8.212749466628110895e-02
-3.370144281348075310e-01 -2.504161656440828665e-01 -1.410892293371261985e-01 -1.099327541774073325e-01 9.455976916399322363e-02 5.727857657041113271e-02 1.970914153184821771e-02 1.181892219027531610e-01 -1.262814681246027249e-01 7.233641016154024328e-02 3.670966647371187719e-02 -1.325779972534633089e-01 1.205041119391694338e-01 -6.241610217858806209e-02 2.449522102665468992e-02 8.046599738315762806e-02 4.015673785329454404e-02 -3.627167474428460991e-02 4.457311143471542891e-02 6.053051825949751219e-02 -5.626869219975105807e-02 4.130606724373819816e-02 -4.839018498557834391e-02 -1.282416360140814504e-03 -2.197004185569539914e-02 -3.010671268998521555e-02 2.790641222487124651e-01 9.001966313826414989e-02 4.118029235587528092e-02 1.329322854565475609e-01
-8.245042342696251580e-02 -3.095862721024218445e-01 2.169582136652934423e-01 8.126264630789137300e-02 -1.977256667510118859e-02 3.569100061057497442e-01 -1.530828836308728569e-02 4.331360803936945558e-01 1.062830258952658369e-01 -1.790153080952450182e-02 4.602197449446521205e-02 -4.309708145482318287e-01 -1.342147647355318441e-01 -1.256527229257358158e-01 -2.163480300416154023e-01 -2.541294754739737982e-01 -1.744961641940108166e-01 -3.300402892989495740e-02 -2.758565070433860456e-01 3.069410266425620648e-02 4.557248387271783940e-02 -1.461929638204537696e-01 -1.428087375683162463e-02 8.141360562706267956e-02 2.709617366622296686e-01 8.400061765661348545e-02 9.001966313826414989e-02 5.738301875314846257e-01 4.993505969162015390e-02 -2.168329332213261296e-01
-1.401196735534767868e+00 -1.871615338052265543e+00 -8.159045618253344401e-01 -1.982753747025185476e-01 -3.719130286374365824e-01 4.623651040286063107e-01 4.057443407996856877e-01 9.106771238799069579e-01 3.831121855228047934e-02 1.596547042316274201e-01 9.891924818711572698e-01 -4.013177207571629879e-01 -1.028255561883497649e-01 2.033182562376509850e-01 3.385938624258528762e-01 2.786660859574112692e-01 -7.863893106031127900e-02 6.287100133442891092e-02 4.589179861591787812e-01 -9.094139156647429445e-01 -4.668776241419436701e-02 6.532233566168201833e-01 -4.538037445511236001e-01 1.133524091624735775e-01 -3.038413231679442106e-01 1.955491496324270884e-01 4.118029235587528092e-02 4.993505969162015390e-02 1.386648518970389432e+00 2.072347693127198909e-01
-1.009948655641210280e+00 -1.263782262855670524e-01 -1.641847301613097443e-02 -3.567752918379483162e-01 4.038665781994268400e-01 -5.439700465678924957e-01 1.542272937043094316e-01 -6.379040979925321153e-01 -8.529693264721345258e-01 6.499000593476012000e-02 -4.305382399762720524e-01 3.825843613681172428e-01 3.621960408801214726e-01 1.429616001735780628e-01 3.432063239478111427e-01 2.397161648748351581e-01 6.133959997691249555e-01 -4.587136926403445614e-02 3.446519079396921370e-01 1.501570895221107094e-01 -4.732467301369069901e-02 4.833506130540854429e-01 -2.406673799526402036e-01 -2.086684120788504515e-01 -6.557219282450432729e-02 -8.212749466628110895e-02 1.329322854565475609e-01 -2.168329332213261296e-01 2.072347693127198909e-01 8.565028692209466499e-01
