4.446454584626621909e+00 2.691312553157956700e+00 2.120817276340119406e+00 5.082851181790601913e-01 2.863421802553034468e-01 4.184209472161342092e-01 -8.590191982779060709e-01 -1.141784162542080594e+00 6.627098663549304547e-01 -9.190082068092806367e-01 -8.039312233624968940e-01 5.584932830482784993e-01 -6.644633499076917360e-01 -6.050331200450500546e-01 -1.032779383772776782e+00 -1.454182756526620324e+00 3.713138538122962018e-01 -7.425605154744516767e-01 -1.262692777435006519e+00 1.104554134266436449e+00 -3.376395017078834826e-01 -8.830525480204300948e-01 4.119898169848283942e-01 -5.756357824919859922e-01 7.118832895012587869e-01 -4.187741914075218119e-01 -4.987585806388779019e-01 3.757961725029304034e-01 -1.895989594442369253e+00 -5.730672893602104523e-01
2.691312553157956700e+00 3.810425579362174631e+00 1.030477196434617326e+00 4.511391811860789858e-01 -1.267258285490129310e-01 -6.833655538338803126e-01 -3.726162284229985744e-01 -1.914971301464845510e+00 1.093377135699370228e+00 -6.276274682170992492e-01 -6.245350553337516430e-01 1.372708587300792260e+00 -1.406753878603694830e-01 -3.991976133723937892e-01 -4.787779420617539472e-01 -9.069594512160961131e-01 9.945991913625107372e-01 -5.334828351669784752e-01 -7.322784479076176467e-01 1.488513925657969139e+00 -3.933634355479398437e-01 -7.178817996667703483e-01 1.471617637024564829e-01 -8.530700112675049240e-01 3.739783695752976200e-01 -1.017545758452797600e+00 -1.961009957333317288e-01 -1.839147919497463590e-02 -2.357723524936091053e+00 -3.584022022393469342e-01
2.120817276340119406e+00 1.030477196434617326e+00 3.628352476613372346e+00 1.935040522675990360e-02 8.033659326447377680e-01 3.592747268415337203e-01 -4.950624598455419800e-01 -1.045347513028900721e+00 -1.174232271307744213e+00 -8.593727965284756465e-01 -7.534699794659331928e-01 -5.977695564322971222e-01 -8.682537429592116496e-01 -3.045289098098464819e-01 -1.089863085029548984e+00 -1.728670773780208947e+00 6.295544893259261698e-01 -5.552967041126635195e-01 -8.975237523066823542e-01 6.745019619526715360e-01 5.783967686695064003e-01 2.904431912540417215e-01 1.061216069949750818e-01 -1.331180732480561346e-01 1.317156493184029387e+00 -2.148498406700127816e-01 -4.912363013735330242e-01 1.101116440211683312e+00 -9.258260760946086521e-01 -5.245074968639755753e-01
5.082851181790601913e-01 4.511391811860789858e-01 1.935040522675990360e-02 4.444250108804226329e-01 -1.293853596308736087e-01 -7.003667451294859347e-02 -6.190166348528691742e-02 3.680771684025785362e-02 3.803513839139895936e-01 4.141926573151977209e-02 -1.581023182296803498e-01 1.539433580124978107e-01 -9.830859342542908053e-02 1.482176781303223834e-01 -1.843816581248347575e-02 -1.022329541589215296e-01 -7.491757892040595834e-02 -8.289447725320542304e-02 -2.671196084954203798e-01 1.514748647070973675e-02 -1.369049604170982093e-01 -2.639257853789445107e-01 5.017922261117746530e-03 -6.700189242582155202e-02 -9.476862123085538769e-02 -7.282922342017172923e-02 -6.916583075326343533e-02 -1.058722776339777738e-01 -2.210948501505640706e-01 -1.092029147438324799e-01
2.863421802553034468e-01 -1.267258285490129310e-01 8.033659326447377680e-01 -1.293853596308736087e-01 8.808839361148557145e-01 2.014835389898621543e-01 -1.665179032645482948e-01 -2.765646066413296467e-01 -5.387355960619970574e-01 -2.573696233832265534e-01 -2.432776315430942304e-01 -3.368642112303632530e-02 1.251587034556678191e-02 -5.567835185740932502e-01 -3.174750732544566745e-01 -5.178133215561047109e-01 2.531835575414334016e-01 -2.098158345918932355e-01 -2.510733653825241163e-01 4.740287414537647237e-01 1.833712919467416214e-01 9.475628205109387636e-02 7.265463283175677134e-02 -6.972532175097967411e-02 4.837443310100866256e-01 -9.803051036828946962e-02 -2.922958619529936186e-02 4.448019712751261068e-01 -3.793676774243408545e-01 1.044753616804428020e-02
4.184209472161342092e-01 -6.833655538338803126e-01 3.592747268415337203e-01 -7.003667451294859347e-02 2.014835389898621543e-01 7.101531624460335479e-01 -1.919840615723842348e-01 4.176122999839435579e-01 -2.761620309271393126e-01 -1.214280363942066288e-01 -8.475679484286047227e-02 -5.411022537211920280e-01 -1.784165471715937201e-01 -1.461198133456491632e-01 -3.074850959602599687e-01 -2.734905083966054917e-01 -3.007060288686602689e-01 -1.059334409841881097e-01 -1.678786558013882768e-01 -1.382766630234186778e-01 1.478945502718715943e-01 6.264282574301205386e-02 1.279391423300353381e-01 2.185384564321566359e-01 2.451590797092535468e-01 3.033604425202724997e-01 -9.983934270718464177e-02 2.770117350961527336e-01 3.028300086279500647e-01 -1.053383269631922303e-01
-8.590191982779060709e-01 -3.726162284229985744e-01 -4.950624598455419800e-01 -6.190166348528691742e-02 -1.665179032645482948e-01 -1.919840615723842348e-01 3.803930404405946319e-01 1.421520812065182326e-01 -8.671650066685288039e-02 2.275076356166323421e-01 2.593656502294265920e-01 8.905286160427294817e-03 1.267650002630489325e-01 1.276567763446223580e-01 2.951316502899885563e-01 3.104168218747531682e-01 1.551372903043102269e-02 1.711894191054739167e-01 2.219130945717324721e-01 -2.690810137012817904e-01 2.973792038784495162e-02 1.149870551207641256e-01 -1.648195532213208025e-01 6.771671690648872755e-02 -2.823920842761253880e-01 1.834651129678377401e-02 8.200284708817662249e-02 -1.786697369651051304e-01 4.099997400624602051e-01 1.190789016761755192e-01
-1.141784162542080594e+00 -1.914971301464845510e+00 -1.045347513028900721e+00 3.680771684025785362e-02 -2.765646066413296467e-01 4.176122999839435579e-01 1.421520812065182326e-01 1.660007683049002480e+00 -1.710808440942059860e-01 6.501320490557986886e-01 1.750716560736691463e-01 -8.669131294176395386e-01 7.609219642711195775e-02 5.534539753637659487e-01 5.689672264847445149e-01 8.147696788665825807e-01 -9.365799818872346805e-01 3.602365248897285710e-01 2.344509545456503474e-01 -9.073659803582359018e-01 -8.296169790929752708e-02 -1.028904943176485176e-01 -5.402741836064706149e-03 5.900700075412146361e-01 -4.833095490654955029e-01 5.562558717608112602e-01 2.239715430765727433e-01 -2.264197393508311507e-01 1.096095675045319240e+00 5.445804527425934793e-03
6.627098663549304547e-01 1.093377135699370228e+00 -1.174232271307744213e+00 3.803513839139895936e-01 -5.387355960619970574e-01 -2.761620309271393126e-01 -8.671650066685288039e-02 -1.710808440942059860e-01 1.431892300335732671e+00 -2.093567053350398055e-03 2.885770368889666315e-01 8.357399747285398917e-01 2.051693708420998519e-01 -1.778359826689097645e-01 4.623148952231304065e-02 2.944298864122174564e-01 -1.643380515149033272e-01 -2.009488733591524579e-02 -3.081721872837306364e-02 2.318125374222859136e-01 -4.726961907027771304e-01 -5.983043216921828389e-01 1.737621010911425401e-01 -2.581600082447721434e-01 -3.682402071205501670e-01 -1.828207675553699119e-01 -1.799296146884898917e-02 -4.564892638884430198e-01 -5.527168894943201849e-01 -9.452599766672165060e-02
-9.190082068092806367e-01 -6.276274682170992492e-01 -8.593727965284756465e-01 4.141926573151977209e-02 -2.573696233832265534e-01 -1.214280363942066288e-01 2.275076356166323421e-01 6.501320490557986886e-01 -2.093567053350398055e-03 6.254409442145743014e-01 -9.852108372570000938e-04 -2.486380957870437669e-01 1.309514957332567064e-01 5.739039287606146900e-01 5.549001951227978680e-01 6.483084424256730927e-01 -3.071245005789933202e-01 3.413143084491139234e-01 2.145485967479032752e-01 -4.917578825567261447e-01 -1.127844572721414806e-01 -1.259488979991374435e-01 -1.254249975106063175e-01 2.106948029957038671e-01 -4.862529761492737634e-01 1.290709322237830747e-01 1.723153852688028564e-01 -3.569663034077166230e-01 4.571835292780406235e-01 6.509250918139741771e-02
-8.039312233624968940e-01 -6.245350553337516430e-01 -7.534699794659331928e-01 -1.581023182296803498e-01 -2.432776315430942304e-01 -8.475679484286047227e-02 2.593656502294265920e-01 1.750716560736691463e-01 2.885770368889666315e-01 -9.852108372570000938e-04 9.631722904107391514e-01 7.358064002386299762e-02 2.360198169522504941e-01 -3.953751588541649653e-01 9.783840346773331476e-02 3.514723885929242897e-01 -2.634548130871507965e-01 1.885861469933729495e-01 3.431573580024860348e-01 -2.572813603861163756e-01 1.226243885184885585e-03 5.912739222731033806e-02 2.898938673121165266e-02 8.029283731684699887e-02 -1.754309250715664348e-01 1.674232591599320585e-01 2.815083687045216720e-02 -1.106936040110326758e-01 4.492683230791385540e-01 7.997468804671825637e-02
5.584932830482784993e-01 1.372708587300792260e+00 -5.977695564322971222e-01 1.539433580124978107e-01 -3.368642112303632530e-02 -5.411022537211920280e-01 8.905286160427294817e-03 -8.669131294176395386e-01 8.357399747285398917e-01 -2.486380957870437669e-01 7.358064002386299762e-02 1.278089852996743048e+00 2.597052412070297578e-01 -4.214372137007558194e-01 -2.623579906662598660e-02 -8.369671933309064116e-03 3.938509314318707766e-01 -1.435056887644350354e-01 -1.310495044506865270e-02 5.918836120864057193e-01 -3.439249822641841092e-01 -2.956515063507936247e-01 7.009611848633312547e-02 -5.017277547758567380e-01 -1.367723238739131375e-01 -4.044285786439445474e-01 -5.739793319810360117e-02 -2.785104293376434725e-01 -7.756539825410868616e-01 9.783400437618183787e-02
-6.644633499076917360e-01 -1.406753878603694830e-01 -8.682537429592116496e-01 -9.830859342542908053e-02 1.251587034556678191e-02 -1.784165471715937201e-01 1.267650002630489325e-01 7.609219642711195775e-02 2.051693708420998519e-01 1.309514957332567064e-01 2.360198169522504941e-01 2.597052412070297578e-01 4.617181897895079601e-01 -2.372328822668805515e-01 2.390629839183588956e-01 2.938155436604574788e-01 5.240302770550897549e-02 7.371362076906962102e-02 2.097328133311009424e-01 1.208314073624023877e-01 -8.083481758876587264e-02 -1.304811330140864811e-02 -6.038902220626596318e-02 -3.545933209431950672e-02 -2.392045331237682149e-01 -9.185526016176481789e-02 2.034567227386787636e-01 -2.079582471192225057e-01 3.228998105959135501e-02 1.818559017037273406e-01
-6.050331200450500546e-01 -3.991976133723937892e-01 -3.045289098098464819e-01 1.482176781303223834e-01 -5.567835185740932502e-01 -1.461198133456491632e-01 1.276567763446223580e-01 5.534539753637659487e-01 -1.778359826689097645e-01 5.739039287606146900e-01 -3.953751588541649653e-01 -4.214372137007558194e-01 -2.372328822668805515e-01 1.232323679608839484e+00 4.842618834296672503e-01 5.827729472357532359e-01 -3.183296418822578744e-01 3.258389139742234875e-01 2.000430341046524063e-01 -7.497805536802957249e-01 -7.220030190757142918e-02 2.026791715957187989e-02 -1.516289852172008068e-01 2.538575735193830951e-01 -4.450433713831216664e-01 2.018212340988156939e-01 5.792197908442631160e-02 -3.655536278180875343e-01 5.834967207398449318e-01 2.419312646111393406e-04
-1.032779383772776782e+00 -4.787779420617539472e-01 -1.089863085029548984e+00 -1.843816581248347575e-02 -3.174750732544566745e-01 -3.074850959602599687e-01 2.951316502899885563e-01 5.689672264847445149e-01 4.623148952231304065e-02 5.549001951227978680e-01 9.783840346773331476e-02 -2.623579906662598660e-02 2.390629839183588956e-01 4.842618834296672503e-01 8.310045025764338789e-01 7.858255224919332704e-01 -2.000478990050282846e-01 3.133613884649548709e-01 2.966327752150448305e-01 -3.935169678118768388e-01 -2.510455355249519016e-01 -1.207403517871341592e-01 -1.520953004321654589e-01 1.258153097055014769e-01 -5.630134385540941366e-01 2.532900509078217510e-02 2.428654865816497477e-01 -4.365822172504181253e-01 3.655170670633651753e-01 1.153512710168911326e-01
-1.454182756526620324e+00 -9.069594512160961131e-01 -1.728670773780208947e+00 -1.022329541589215296e-01 -5.178133215561047109e-01 -2.734905083966054917e-01 3.104168218747531682e-01 8.147696788665825807e-01 2.944298864122174564e-01 6.483084424256730927e-01 3.514723885929242897e-01 -8.369671933309064116e-03 2.938155436604574788e-01 5.827729472357532359e-01 7.858255224919332704e-01 1.248057473131609640e+00 -5.090307208018884921e-01 5.639004544379986328e-01 6.294236781353959032e-01 -6.929183005578636312e-01 -2.854428788360792169e-01 -1.812340961353982038e-01 -3.876690986149355922e-02 2.256030377949969079e-01 -7.682257961066625285e-01 2.397872026481309149e-01 2.732687379826188590e-01 -6.241468925218214281e-01 6.766870771064645851e-01 1.529462229628961722e-01
3.713138538122962018e-01 9.945991913625107372e-01 6.295544893259261698e-01 -7.491757892040595834e-02 2.531835575414334016e-01 -3.007060288686602689e-01 1.551372903043102269e-02 -9.365799818872346805e-01 -1.643380515149033272e-01 -3.071245005789933202e-01 -2.634548130871507965e-01 3.938509314318707766e-01 5.240302770550897549e-02 -3.183296418822578744e-01 -2.000478990050282846e-01 -5.090307208018884921e-01 8.168033176316384925e-01 -2.519660001970009944e-01 -1.288751630935394132e-01 5.313820656759276062e-01 1.341435836699247375e-01 2.270958693598288392e-01 -1.827292305765126912e-01 -3.355342356606456633e-01 2.247985047943643622e-01 -3.913819458058469536e-01 -5.557897763020491766e-02 1.288233449741369441e-01 -5.034920769228392601e-01 1.506221692478106888e-01
-7.425605154744516767e-01 -5.334828351669784752e-01 -5.552967041126635195e-01 -8.289447725320542304e-02 -2.098158345918932355e-01 -1.059334409841881097e-01 1.711894191054739167e-01 3.602365248897285710e-01 -2.009488733591524579e-02 3.413143084491139234e-01 1.885861469933729495e-01 -1.435056887644350354e-01 7.371362076906962102e-02 3.258389139742234875e-01 3.133613884649548709e-01 5.639004544379986328e-01 -2.519660001970009944e-01 4.206110376545666441e-01 3.205944455687586014e-01 -4.340338199696134325e-01 -3.695850431341796138e-02 -7.762534521626207606e-02 -3.866828403914723822e-03 1.192862561327956428e-01 -3.097361948043726443e-01 1.670499228604853670e-01 2.430857780348105734e-02 -2.578956725657235438e-01 3.914539133056678111e-01 -1.577844236271630507e-02
-1.262692777435006519e+00 -7.322784479076176467e-01 -8.975237523066823542e-01 -2.671196084954203798e-01 -2.510733653825241163e-01 -1.678786558013882768e-01 2.219130945717324721e-01 2.344509545456503474e-01 -3.081721872837306364e-02 2.145485967479032752e-01 3.431573580024860348e-01 -1.310495044506865270e-02 2.097328133311009424e-01 2.000430341046524063e-01 2.966327752150448305e-01 6.294236781353959032e-01 -1.288751630935394132e-01 3.205944455687586014e-01 6.182211664382748495e-01 -3.928278869694850073e-01 4.457629955987840731e-02 2.580412984403039900e-01 -7.851044497601833427e-02 1.066571532250577548e-01 -3.445424356229409568e-01 1.725112287735441896e-01 1.329117682089417940e-01 -2.775259993948679949e-01 6.334030168436299846e-01 2.079513981200875605e-01
1.104554134266436449e+00 1.488513925657969139e+00 6.745019619526715360e-01 1.514748647070973675e-02 4.740287414537647237e-01 -1.382766630234186778e-01 -2.690810137012817904e-01 -9.073659803582359018e-01 2.318125374222859136e-01 -4.917578825567261447e-01 -2.572813603861163756e-01 5.918836120864057193e-01 1.208314073624023877e-01 -7.497805536802957249e-01 -3.935169678118768388e-01 -6.929183005578636312e-01 5.313820656759276062e-01 -4.340338199696134325e-01 -3.928278869694850073e-01 1.168166685170717756e+00 -4.265133515531260855e-02 -1.782237821215062468e-01 7.980188442542157645e-02 -3.930220558524410990e-01 4.793213603847448212e-01 -5.661989722359521693e-01 5.824146152463072212e-03 3.049549961915545282e-01 -1.261265890979871074e+00 -1.025217491318812790e-01
-3.376395017078834826e-01 -3.933634355479398437e-01 5.783967686695064003e-01 -1.369049604170982093e-01 1.833712919467416214e-01 1.478945502718715943e-01 2.973792038784495162e-02 -8.296169790929752708e-02 -4.726961907027771304e-01 -1.127844572721414806e-01 1.226243885184885585e-03 -3.439249822641841092e-01 -8.083481758876587264e-02 -7.220030190757142918e-02 -2.510455355249519016e-01 -2.854428788360792169e-01 1.341435836699247375e-01 -3.695850431341796138e-02 4.457629955987840731e-02 -4.265133515531260855e-02 3.584640061916957166e-01 3.898589377978396442e-01 -9.443990344198027742e-02 8.558446721832524418e-02 2.416014984319758696e-01 8.305826003055472029e-02 -9.033428976852064807e-02 2.478329238132914725e-01 2.838166058915589929e-01 2.462005058981731054e-02
-8.830525480204300948e-01 -7.178817996667703483e-01 2.904431912540417215e-01 -2.639257853789445107e-01 9.475628205109387636e-02 6.264282574301205386e-02 1.149870551207641256e-01 -1.028904943176485176e-01 -5.983043216921828389e-01 -1.259488979991374435e-01 5.912739222731033806e-02 -2.956515063507936247e-01 -1.304811330140864811e-02 2.026791715957187989e-02 -1.207403517871341592e-01 -1.812340961353982038e-01 2.270958693598288392e-01 -7.762534521626207606e-02 2.580412984403039900e-01 -1.782237821215062468e-01 3.898589377978396442e-01 7.666225068838059542e-01 -2.142535826771165830e-01 9.154357856255046499e-02 1.472854379454417995e-01 1.374189974329738106e-01 -5.133570274722387694e-03 1.802729602386534680e-01 6.745830773195393704e-01 2.629667397986850119e-01
4.119898169848283942e-01 1.471617637024564829e-01 1.061216069949750818e-01 5.017922261117746530e-03 7.265463283175677134e-02 1.279391423300353381e-01 -1.648195532213208025e-01 -5.402741836064706149e-03 1.737621010911425401e-01 -1.254249975106063175e-01 2.898938673121165266e-02 7.009611848633312547e-02 -6.038902220626596318e-02 -1.516289852172008068e-01 -1.520953004321654589e-01 -3.876690986149355922e-02 -1.827292305765126912e-01 -3.866828403914723822e-03 -7.851044497601833427e-02 7.980188442542157645e-02 -9.443990344198027742e-02 -2.142535826771165830e-01 2.851952690219832220e-01 -4.224303693263209425e-03 1.693069714897887934e-01 3.855670534039745689e-02 -2.790970030821426917e-02 9.584936794612985977e-02 -3.125978830988742629e-01 -1.953823590768593021e-01
-5.756357824919859922e-01 -8.530700112675049240e-01 -1.331180732480561346e-01 -6.700189242582155202e-02 -6.972532175097967411e-02 2.185384564321566359e-01 6.771671690648872755e-02 5.900700075412146361e-01 -2.581600082447721434e-01 2.106948029957038671e-01 8.029283731684699887e-02 -5.017277547758567380e-01 -3.545933209431950672e-02 2.538575735193830951e-01 1.258153097055014769e-01 2.256030377949969079e-01 -3.355342356606456633e-01 1.192862561327956428e-01 1.066571532250577548e-01 -3.930220558524410990e-01 8.558446721832524418e-02 9.154357856255046499e-02 -4.224303693263209425e-03 3.348166508518488627e-01 -5.406925064414735971e-02 2.456901675390099626e-01 5.994234023415856427e-02 2.995087382993233405e-02 4.856646652061726854e-01 -5.097732765938189914e-02
7.118832895012587869e-01 3.739783695752976200e-01 1.317156493184029387e+00 -9.476862123085538769e-02 4.837443310100866256e-01 2.451590797092535468e-01 -2.823920842761253880e-01 -4.833095490654955029e-01 -3.682402071205501670e-01 -4.862529761492737634e-01 -1.754309250715664348e-01 -1.367723238739131375e-01 -2.392045331237682149e-01 -4.450433713831216664e-01 -5.630134385540941366e-01 -7.682257961066625285e-01 2.247985047943643622e-01 -3.097361948043726443e-01 -3.445424356229409568e-01 4.793213603847448212e-01 2.416014984319758696e-01 1.472854379454417995e-01 1.693069714897887934e-01 -5.406925064414735971e-02 7.506336153503241349e-01 -9.652141925988644289e-02 -1.879402840813781950e-01 6.055849599914040482e-01 -5.308449647266115790e-01 -1.841447137796308198e-01
-4.187741914075218119e-01 -1.017545758452797600e+00 -2.148498406700127816e-01 -7.282922342017172923e-02 -9.803051036828946962e-02 3.033604425202724997e-01 1.834651129678377401e-02 5.562558717608112602e-01 -1.828207675553699119e-01 1.290709322237830747e-01 1.674232591599320585e-01 -4.044285786439445474e-01 -9.185526016176481789e-02 2.018212340988156939e-01 2.532900509078217510e-02 2.397872026481309149e-01 -3.913819458058469536e-01 1.670499228604853670e-01 1.725112287735441896e-01 -5.661989722359521693e-01 8.305826003055472029e-02 1.374189974329738106e-01 3.855670534039745689e-02 2.456901675390099626e-01 -9.652141925988644289e-02 4.332030025834683329e-01 -5.110275750769233127e-02 -1.715393834984979549e-02 6.758964597976842015e-01 2.871397547954757101e-02
-4.987585806388779019e-01 -1.961009957333317288e-01 -4.912363013735330242e-01 -6.916583075326343533e-02 -2.922958619529936186e-02 -9.983934270718464177e-02 8.200284708817662249e-02 2.239715430765727433e-01 -1.799296146884898917e-02 1.723153852688028564e-01 2.815083687045216720e-02 -5.739793319810360117e-02 2.034567227386787636e-01 5.792197908442631160e-02 2.428654865816497477e-01 2.732687379826188590e-01 -5.557897763020491766e-02 2.430857780348105734e-02 1.329117682089417940e-01 5.824146152463072212e-03 -9.033428976852064807e-02 -5.133570274722387694e-03 -2.790970030821426917e-02 5.994234023415856427e-02 -1.879402840813781950e-01 -5.110275750769233127e-02 3.373112091717871408e-01 -1.029573179988574338e-01 4.405395744123552504e-02 9.237331302375650921e-02
3.757961725029304034e-01 -1.839147919497463590e-02 1.101116440211683312e+00 -1.058722776339777738e-01 4.448019712751261068e-01 2.770117350961527336e-01 -1.786697369651051304e-01 -2.264197393508311507e-01 -4.564892638884430198e-01 -3.569663034077166230e-01 -1.106936040110326758e-01 -2.785104293376434725e-01 -2.079582471192225057e-01 -3.655536278180875343e-01 -4.365822172504181253e-01 -6.241468925218214281e-01 1.288233449741369441e-01 -2.578956725657235438e-01 -2.775259993948679949e-01 3.049549961915545282e-01 2.478329238132914725e-01 1.802729602386534680e-01 9.584936794612985977e-02 2.995087382993233405e-02 6.055849599914040482e-01 -1.715393834984979549e-02 -1.029573179988574338e-01 5.894852615654713190e-01 -2.362176596441827314e-01 -1.234771553589553150e-01
-1.895989594442369253e+00 -2.357723524936091053e+00 -9.258260760946086521e-01 -2.210948501505640706e-01 -3.793676774243408545e-01 3.028300086279500647e-01 4.099997400624602051e-01 1.096095675045319240e+00 -5.527168894943201849e-01 4.571835292780406235e-01 4.492683230791385540e-01 -7.756539825410868616e-01 3.228998105959135501e-02 5.834967207398449318e-01 3.655170670633651753e-01 6.766870771064645851e-01 -5.034920769228392601e-01 3.914539133056678111e-01 6.334030168436299846e-01 -1.261265890979871074e+00 2.838166058915589929e-01 6.745830773195393704e-01 -3.125978830988742629e-01 4.856646652061726854e-01 -5.308449647266115790e-01 6.758964597976842015e-01 4.405395744123552504e-02 -2.362176596441827314e-01 2.009689683834267271e+00 3.808603540479111871e-01
-5.730672893602104523e-01 -3.584022022393469342e-01 -5.245074968639755753e-01 -1.092029147438324799e-01 1.044753616804428020e-02 -1.053383269631922303e-01 1.190789016761755192e-01 5.445804527425934793e-03 -9.452599766672165060e-02 6.509250918139741771e-02 7.997468804671825637e-02 9.783400437618183787e-02 1.818559017037273406e-01 2.419312646111393406e-04 1.153512710168911326e-01 1.529462229628961722e-01 1.506221692478106888e-01 -1.577844236271630507e-02 2.079513981200875605e-01 -1.025217491318812790e-01 2.462005058981731054e-02 2.629667397986850119e-01 -1.953823590768593021e-01 -5.097732765938189914e-02 -1.841447137796308198e-01 2.871397547954757101e-02 9.237331302375650921e-02 -1.234771553589553150e-01 3.808603540479111871e-01 4.609485831608139961e-01
