4.432332542956146426e+00 2.442192654744530955e+00 2.495280721595065643e+00 4.872426602604491563e-01 4.077105208623379440e-01 5.656233953822038529e-01 -8.567582297926037427e-01 -1.123121494617294047e+00 3.007215778213208068e-01 -8.928472622019398841e-01 -1.050446554008203748e+00 1.554435151074358146e-01 -6.655214692578965696e-01 -7.815760137634697458e-01 -1.251802114159545454e+00 -1.475867110010256056e+00 3.215720781150821495e-02 -6.400024309016316693e-01 -1.271613869482564496e+00 8.785628272920007475e-01 -5.905933692275766589e-02 -8.666963321704201917e-01 5.705651922882566396e-01 -2.896752478509938555e-01 7.165795452189627213e-01 9.026258228402639361e-03 -6.302945991293427141e-01 3.931495203489703272e-01 -1.385071403269307666e+00 -6.462353744827851187e-01
2.442192654744530955e+00 4.068133125490362545e+00 8.630526600840653373e-01 4.192388754483999946e-01 -1.615314926627320347e-01 -9.303768943607906294e-01 -2.041357966335226592e-01 -2.251872495484803949e+00 1.073727864479792515e+00 -4.694704392637163437e-01 -8.531933703451386464e-01 1.599758800292647720e+00 1.176381328082243272e-02 -5.321496509105259065e-01 -4.623449713222953505e-01 -6.444137784959593773e-01 8.105569649919175390e-01 -2.999577675507225649e-01 -6.195080676246504936e-01 1.553146187644529164e+00 -3.355690072901893473e-01 -8.997349515258861175e-01 3.938623785224990570e-01 -7.788237215121966983e-01 1.704065483710905937e-01 -8.527986601109773801e-01 -2.875314747069523946e-01 -2.063380913084529311e-01 -2.174152241547460562e+00 -4.419343784635429984e-01
2.495280721595065643e+00 8.630526600840653373e-01 3.787995073413412683e+00 4.083432456224045382e-02 7.576925468621311666e-01 4.481203794032921905e-01 -5.173790389560508629e-01 -1.128386346326635703e+00 -1.321347180082511841e+00 -8.979648066205072610e-01 -9.341632028787785202e-01 -8.390873416677209207e-01 -7.834515918182205496e-01 -7.135496675342665185e-01 -1.352696983243447448e+00 -1.737101748645102361e+00 1.902406646088934394e-01 -4.526696765813653656e-01 -8.973906926683525853e-01 5.288896883880056521e-01 7.100552932511163817e-01 1.362404497975262530e-01 4.153617235974138566e-01 9.613681768041715259e-02 1.233720105245197374e+00 3.915395404114292432e-01 -6.728130957786220279e-01 9.272136301667046610e-01 -3.706793229662821432e-01 -4.036924625035567260e-01
4.872426602604491563e-01 4.192388754483999946e-01 4.083432456224045382e-02 4.510499789066670928e-01 -1.343217765416966358e-01 -3.041796004754360183e-02 -6.563212972628207353e-02 5.879796547742444091e-02 3.672173781408218929e-01 5.142154533052689658e-02 -1.714643584554096378e-01 8.780174382917493858e-02 -1.045897250450025240e-01 1.808967617509438242e-01 -5.492422864790569292e-02 -9.978342084275482193e-02 -7.904289387857943439e-02 -5.321241540474375142e-02 -2.562246052887076075e-01 -4.481161252323317967e-02 -8.338096853231036221e-02 -2.483705701509393293e-01 -1.232026653372031433e-02 -4.739746091257757143e-02 -1.061991484850182133e-01 -4.722305297468665231e-02 -8.717440963971512247e-02 -1.089143568910913018e-01 -1.697496049903293169e-01 -1.393458384809491690e-01
4.077105208623379440e-01 -1.615314926627320347e-01 7.576925468621311666e-01 -1.343217765416966358e-01 7.968802917266089025e-01 2.476082612568575314e-01 -1.736205818202165574e-01 -3.080957723977348905e-01 -4.834659480324035030e-01 -2.643252433019824821e-01 -2.407522990330903667e-01 -7.814047028244885951e-02 4.523953591461804535e-02 -6.564172993720944760e-01 -4.137069340558241493e-01 -4.466964594798241706e-01 1.141719839970392059e-01 -1.556766247138057224e-01 -2.061107546621201436e-01 3.896270836215194322e-01 2.237971028535525875e-01 2.426428181956907792e-02 1.643884172270873023e-01 -8.695443046235595830e-03 4.051215776287335757e-01 8.229236560055142036e-02 -1.013362681990201963e-01 3.427385160298968003e-01 -1.805632172814171099e-01 1.192324406832767636e-02
5.656233953822038529e-01 -9.303768943607906294e-01 4.481203794032921905e-01 -3.041796004754360183e-02 2.476082612568575314e-01 9.357806522609735111e-01 -2.916944716268972115e-01 6.427896181194796554e-01 -3.015635183770655203e-01 -1.700113507274068070e-01 -4.851432864734306349e-02 -7.934051707578078094e-01 -2.078775901152880579e-01 -1.938108989911029312e-01 -4.068803503430444835e-01 -3.662191035108435244e-01 -3.976813199224693562e-01 -1.809376479100137658e-01 -2.309126349091172870e-01 -2.577294532520113535e-01 1.990248049780802830e-01 9.343727971855741998e-02 9.509636820325795270e-02 3.003698483907442096e-01 3.044113594373243359e-01 4.200488565119258055e-01 -1.079191783393866899e-01 3.336608973459647132e-01 4.225697696861629993e-01 -9.258939760655948703e-02
-8.567582297926037427e-01 -2.041357966335226592e-01 -5.173790389560508629e-01 -6.563212972628207353e-02 -1.736205818202165574e-01 -2.916944716268972115e-01 4.021306712822934060e-01 3.230537940856947898e-02 -2.523026177300380368e-02 2.127226616108828239e-01 2.769020269939801437e-01 1.610636291079572402e-01 1.368864263863542874e-01 1.320655961943657530e-01 3.364436385974158839e-01 2.881029459020396644e-01 1.444387310527304180e-01 1.672977627382010724e-01 2.189382510904351875e-01 -1.445056154946087190e-01 -2.634099638851239433e-02 1.080775677183396510e-01 -1.782472431914925437e-01 -3.648502624923821713e-02 -2.674977335602193307e-01 -1.133437344914227651e-01 9.829842867935667527e-02 -1.769700238861560138e-01 2.281409913423999569e-01 1.340266549333364310e-01
-1.123121494617294047e+00 -2.251872495484803949e+00 -1.128386346326635703e+00 5.879796547742444091e-02 -3.080957723977348905e-01 6.427896181194796554e-01 3.230537940856947898e-02 2.075158329025612147e+00 -8.469614965770233539e-02 6.115211762262902084e-01 4.184493165610092547e-01 -1.074390692610506903e+00 -3.881296865159811205e-02 7.728764377142738340e-01 6.244067961130213007e-01 7.753271546822588789e-01 -8.801309562643382378e-01 2.519060171185856234e-01 2.305122953752629655e-01 -1.107278950297313713e+00 -1.221872263582781670e-01 3.333045592563621540e-02 -2.430909471877953365e-01 5.742505633928658426e-01 -4.375513802568775645e-01 4.383972697368676563e-01 3.065043651157566273e-01 -1.423076166373107299e-01 1.085587590015791193e+00 9.802265976190938090e-03
3.007215778213208068e-01 1.073727864479792515e+00 -1.321347180082511841e+00 3.672173781408218929e-01 -4.834659480324035030e-01 -3.015635183770655203e-01 -2.523026177300380368e-02 -8.469614965770233539e-02 1.459554292032350986e+00 9.440112809079437284e-02 3.079261028219093532e-01 9.076871668817148020e-01 2.122987642959515142e-01 6.346985368793411908e-03 1.739183569156352860e-01 3.947791845211554573e-01 -7.250148281963220143e-02 -1.225872520802795407e-02 -1.116047256476804250e-02 2.347892728692499986e-01 -4.856130580191120316e-01 -5.550572632104149307e-01 7.011277776268798334e-02 -2.744949183791050018e-01 -3.864927863864977553e-01 -3.809602203214694782e-01 6.112793519787373953e-02 -3.914763666708722667e-01 -6.712784739370931675e-01 -2.070105421981338623e-01
-8.928472622019398841e-01 -4.694704392637163437e-01 -8.979648066205072610e-01 5.142154533052689658e-02 -2.643252433019824821e-01 -1.700113507274068070e-01 2.127226616108828239e-01 6.115211762262902084e-01 9.440112809079437284e-02 6.087495627386374508e-01 6.274203308851156180e-02 -1.404563740098296876e-01 1.094503376536977157e-01 6.265747155004532942e-01 6.213717079853608993e-01 6.164145048612681421e-01 -1.747433217698812769e-01 2.933047742612870934e-01 1.997095684269538651e-01 -3.954208362417261924e-01 -1.766918177806360291e-01 -1.122501999728910960e-01 -2.053362573828394488e-01 1.141789082633977159e-01 -4.604018032084695733e-01 -4.635859509613737828e-02 2.093939869874361648e-01 -3.329691875073876872e-01 2.548161544716549542e-01 5.247400905830090778e-02
-1.050446554008203748e+00 -8.531933703451386464e-01 -9.341632028787785202e-01 -1.714643584554096378e-01 -2.407522990330903667e-01 -4.851432864734306349e-02 2.769020269939801437e-01 4.184493165610092547e-01 3.079261028219093532e-01 6.274203308851156180e-02 1.065432113925282920e+00 7.324384984474363591e-02 2.030922647255124502e-01 -1.851028850280727056e-01 2.494632052091105834e-01 4.271710487064979134e-01 -2.114352089926683220e-01 1.483559873204853830e-01 3.579144201291910576e-01 -3.187167292634853766e-01 -8.826784102893725503e-02 1.304177144893401419e-01 -8.991935371790304998e-02 6.536670822856649465e-02 -1.799653471365445512e-01 2.470754887843895631e-02 1.408728763029216680e-01 -5.636360352718838840e-02 3.905310491035152154e-01 8.571610484068514779e-02
1.554435151074358146e-01 1.599758800292647720e+00 -8.390873416677209207e-01 8.780174382917493858e-02 -7.814047028244885951e-02 -7.934051707578078094e-01 1.610636291079572402e-01 -1.074390692610506903e+00 9.076871668817148020e-01 -1.404563740098296876e-01 7.324384984474363591e-02 1.576572522004255461e+00 3.503542008307931610e-01 -3.385903097653795157e-01 1.231535946934627646e-01 1.993585625411355977e-01 4.860565401721146372e-01 -2.711697326407147557e-02 1.049248344733655358e-01 6.893296030729629820e-01 -3.853603088975319224e-01 -3.313000451257153145e-01 9.261317180306605223e-02 -5.679438117005020104e-01 -2.476485886662089797e-01 -5.613446522624485624e-01 -1.611628753892091481e-02 -3.395414773272023012e-01 -8.885363168168964876e-01 2.161643811865587850e-02
-6.655214692578965696e-01 1.176381328082243272e-02 -7.834515918182205496e-01 -1.045897250450025240e-01 4.523953591461804535e-02 -2.078775901152880579e-01 1.368864263863542874e-01 -3.881296865159811205e-02 2.122987642959515142e-01 1.094503376536977157e-01 2.030922647255124502e-01 3.503542008307931610e-01 4.653065885719911421e-01 -2.159957504487692859e-01 1.969344293662516066e-01 2.343024838936003107e-01 1.786847384959742158e-01 4.880764347154809002e-02 1.673827967316299237e-01 2.356636277284565040e-01 -5.641224529688315670e-02 -4.474539189601500766e-03 -7.412748104053434872e-02 -9.408956313774297087e-02 -1.824486172992010324e-01 -2.192625322250592035e-01 2.009064488243552660e-01 -1.562942129259567992e-01 -1.262445530782656533e-01 1.325294187487884301e-01
-7.815760137634697458e-01 -5.321496509105259065e-01 -7.135496675342665185e-01 1.808967617509438242e-01 -6.564172993720944760e-01 -1.938108989911029312e-01 1.320655961943657530e-01 7.728764377142738340e-01 6.346985368793411908e-03 6.265747155004532942e-01 -1.851028850280727056e-01 -3.385903097653795157e-01 -2.159957504487692859e-01 1.347076834015751956e+00 6.981785932699722252e-01 7.166517806066963203e-01 -3.377063497809444925e-01 3.300893026486733106e-01 2.825071601765500873e-01 -8.327283104948151049e-01 -2.191441098918858188e-01 3.403062818102853271e-02 -2.550804988810568830e-01 2.098611291122551847e-01 -5.441165480574454705e-01 1.142797890483393530e-01 1.560574669625225397e-01 -4.310379733367426525e-01 5.649517787281865822e-01 6.456074929093347237e-02
-1.251802114159545454e+00 -4.623449713222953505e-01 -1.352696983243447448e+00 -5.492422864790569292e-02 -4.137069340558241493e-01 -4.068803503430444835e-01 3.364436385974158839e-01 6.244067961130213007e-01 1.739183569156352860e-01 6.213717079853608993e-01 2.494632052091105834e-01 1.231535946934627646e-01 1.969344293662516066e-01 6.981785932699722252e-01 1.024029622576904330e+00 9.424347114457702901e-01 -1.033245369214910170e-01 3.650284342347731581e-01 4.095187976427894228e-01 -4.309867525064987603e-01 -3.642394744288139918e-01 -8.967431950333093482e-02 -2.549482948114700775e-01 2.641206837114395967e-02 -6.362339854965171071e-01 -1.595086583029114990e-01 3.069542071994533217e-01 -4.740688334847504848e-01 2.527719832066850358e-01 1.043202093824788790e-01
-1.475867110010256056e+00 -6.444137784959593773e-01 -1.737101748645102361e+00 -9.978342084275482193e-02 -4.466964594798241706e-01 -3.662191035108435244e-01 2.881029459020396644e-01 7.753271546822588789e-01 3.947791845211554573e-01 6.164145048612681421e-01 4.271710487064979134e-01 1.993585625411355977e-01 2.343024838936003107e-01 7.166517806066963203e-01 9.424347114457702901e-01 1.177585680354013675e+00 -2.724132331337614232e-01 4.234482917390494094e-01 5.631995448679276706e-01 -4.899419821722972301e-01 -4.204476084527755120e-01 -1.418466976709851224e-01 -1.840901836544333037e-01 8.669165685006419153e-02 -6.643909822045657165e-01 -1.287354197889953866e-01 3.881988463742800377e-01 -4.977166510812480738e-01 2.471423162670589591e-01 8.885705551131195534e-02
3.215720781150821495e-02 8.105569649919175390e-01 1.902406646088934394e-01 -7.904289387857943439e-02 1.141719839970392059e-01 -3.976813199224693562e-01 1.444387310527304180e-01 -8.801309562643382378e-01 -7.250148281963220143e-02 -1.747433217698812769e-01 -2.114352089926683220e-01 4.860565401721146372e-01 1.786847384959742158e-01 -3.377063497809444925e-01 -1.033245369214910170e-01 -2.724132331337614232e-01 6.807627568928751316e-01 -1.004554253969445199e-01 7.300453067102807836e-04 4.305797141915377324e-01 1.016319832184535699e-01 1.814741664605037386e-01 -9.538903150672695119e-02 -3.006555578896268344e-01 2.824185903631359906e-02 -2.545156508316495092e-01 -4.560750067736307756e-02 -3.952690643268397253e-02 -2.568940757775521888e-01 2.422967936115583143e-01
-6.400024309016316693e-01 -2.999577675507225649e-01 -4.526696765813653656e-01 -5.321241540474375142e-02 -1.556766247138057224e-01 -1.809376479100137658e-01 1.672977627382010724e-01 2.519060171185856234e-01 -1.225872520802795407e-02 2.933047742612870934e-01 1.483559873204853830e-01 -2.711697326407147557e-02 4.880764347154809002e-02 3.300893026486733106e-01 3.650284342347731581e-01 4.234482917390494094e-01 -1.004554253969445199e-01 2.695078196990436936e-01 2.146360772419200202e-01 -2.523826397262496357e-01 -1.049546994967158753e-01 -3.786238834223354388e-02 -7.659373643480194005e-02 5.720818740098820854e-02 -2.319981921707494621e-01 -1.033200013131363448e-02 8.886855135403948225e-02 -1.844199233306653696e-01 1.650470452125318843e-01 -2.675541555561267160e-03
-1.271613869482564496e+00 -6.195080676246504936e-01 -8.973906926683525853e-01 -2.562246052887076075e-01 -2.061107546621201436e-01 -2.309126349091172870e-01 2.189382510904351875e-01 2.305122953752629655e-01 -1.116047256476804250e-02 1.997095684269538651e-01 3.579144201291910576e-01 1.049248344733655358e-01 1.673827967316299237e-01 2.825071601765500873e-01 4.095187976427894228e-01 5.631995448679276706e-01 7.300453067102807836e-04 2.146360772419200202e-01 5.518438114808645878e-01 -2.593016895645803288e-01 -6.554846161276373095e-02 2.876156052306271249e-01 -1.421467376690088713e-01 3.477252890306203881e-02 -2.693074442186969009e-01 -2.539819518005970167e-02 2.212472426197678033e-01 -1.915435862280219226e-01 3.808016377799106067e-01 2.199126809080667044e-01
8.785628272920007475e-01 1.553146187644529164e+00 5.288896883880056521e-01 -4.481161252323317967e-02 3.896270836215194322e-01 -2.577294532520113535e-01 -1.445056154946087190e-01 -1.107278950297313713e+00 2.347892728692499986e-01 -3.954208362417261924e-01 -3.187167292634853766e-01 6.893296030729629820e-01 2.356636277284565040e-01 -8.327283104948151049e-01 -4.309867525064987603e-01 -4.899419821722972301e-01 4.305797141915377324e-01 -2.523826397262496357e-01 -2.593016895645803288e-01 1.136986280180849462e+00 4.737032976322552713e-02 -2.645359465825549705e-01 2.211646445952624163e-01 -3.502482898479684081e-01 3.305729738031573106e-01 -4.234300847728604822e-01 -8.000761904332875929e-02 1.537177442110646552e-01 -1.049350143030210347e+00 -1.290232939862789863e-01
-5.905933692275766589e-02 -3.355690072901893473e-01 7.100552932511163817e-01 -8.338096853231036221e-02 2.237971028535525875e-01 1.990248049780802830e-01 -2.634099638851239433e-02 -1.221872263582781670e-01 -4.856130580191120316e-01 -1.766918177806360291e-01 -8.826784102893725503e-02 -3.853603088975319224e-01 -5.641224529688315670e-02 -2.191441098918858188e-01 -3.642394744288139918e-01 -4.204476084527755120e-01 1.016319832184535699e-01 -1.049546994967158753e-01 -6.554846161276373095e-02 4.737032976322552713e-02 3.702792607152787241e-01 3.420517586749269867e-01 -3.014549060060289776e-02 9.370778536077750687e-02 2.920532358307355025e-01 1.631881944342694624e-01 -1.124324095243309785e-01 2.537773788824893018e-01 2.593260041069811450e-01 7.953261699094582582e-02
-8.666963321704201917e-01 -8.997349515258861175e-01 1.362404497975262530e-01 -2.483705701509393293e-01 2.426428181956907792e-02 9.343727971855741998e-02 1.080775677183396510e-01 3.333045592563621540e-02 -5.550572632104149307e-01 -1.122501999728910960e-01 1.304177144893401419e-01 -3.313000451257153145e-01 -4.474539189601500766e-03 3.403062818102853271e-02 -8.967431950333093482e-02 -1.418466976709851224e-01 1.814741664605037386e-01 -3.786238834223354388e-02 2.876156052306271249e-01 -2.645359465825549705e-01 3.420517586749269867e-01 7.534420945473527809e-01 -1.976806064942877583e-01 7.628028136787179392e-02 9.921212807586243798e-02 2.134457753841161320e-01 2.357878089185305726e-03 1.252903093194959183e-01 7.449881820827783940e-01 3.635269974246284619e-01
5.705651922882566396e-01 3.938623785224990570e-01 4.153617235974138566e-01 -1.232026653372031433e-02 1.643884172270873023e-01 9.509636820325795270e-02 -1.782472431914925437e-01 -2.430909471877953365e-01 7.011277776268798334e-02 -2.053362573828394488e-01 -8.991935371790304998e-02 9.261317180306605223e-02 -7.412748104053434872e-02 -2.550804988810568830e-01 -2.549482948114700775e-01 -1.840901836544333037e-01 -9.538903150672695119e-02 -7.659373643480194005e-02 -1.421467376690088713e-01 2.211646445952624163e-01 -3.014549060060289776e-02 -1.976806064942877583e-01 2.997750171496136318e-01 -4.552903779938333173e-03 2.633241512897654957e-01 4.352769202341733035e-03 -6.789949288537400207e-02 1.600583222195268718e-01 -4.000637737310057673e-01 -2.390438797429510487e-01
-2.896752478509938555e-01 -7.788237215121966983e-01 9.613681768041715259e-02 -4.739746091257757143e-02 -8.695443046235595830e-03 3.003698483907442096e-01 -3.648502624923821713e-02 5.742505633928658426e-01 -2.744949183791050018e-01 1.141789082633977159e-01 6.536670822856649465e-02 -5.679438117005020104e-01 -9.408956313774297087e-02 2.098611291122551847e-01 2.641206837114395967e-02 8.669165685006419153e-02 -3.006555578896268344e-01 5.720818740098820854e-02 3.477252890306203881e-02 -3.502482898479684081e-01 9.370778536077750687e-02 7.628028136787179392e-02 -4.552903779938333173e-03 3.048935557343952496e-01 5.708198997814406539e-02 2.332100799379759337e-01 3.533587917422664759e-02 9.864227046858786707e-02 3.602878697798246321e-01 -7.162596582941205270e-02
7.165795452189627213e-01 1.704065483710905937e-01 1.233720105245197374e+00 -1.061991484850182133e-01 4.051215776287335757e-01 3.044113594373243359e-01 -2.674977335602193307e-01 -4.375513802568775645e-01 -3.864927863864977553e-01 -4.604018032084695733e-01 -1.799653471365445512e-01 -2.476485886662089797e-01 -1.824486172992010324e-01 -5.441165480574454705e-01 -6.362339854965171071e-01 -6.643909822045657165e-01 2.824185903631359906e-02 -2.319981921707494621e-01 -2.693074442186969009e-01 3.305729738031573106e-01 2.920532358307355025e-01 9.921212807586243798e-02 2.633241512897654957e-01 5.708198997814406539e-02 6.466844390560595457e-01 1.680416198519196769e-01 -2.498276128951033570e-01 4.877691194807312058e-01 -2.040755305631591909e-01 -1.350646968570572426e-01
9.026258228402639361e-03 -8.527986601109773801e-01 3.915395404114292432e-01 -4.722305297468665231e-02 8.229236560055142036e-02 4.200488565119258055e-01 -1.133437344914227651e-01 4.383972697368676563e-01 -3.809602203214694782e-01 -4.635859509613737828e-02 2.470754887843895631e-02 -5.613446522624485624e-01 -2.192625322250592035e-01 1.142797890483393530e-01 -1.595086583029114990e-01 -1.287354197889953866e-01 -2.545156508316495092e-01 -1.033200013131363448e-02 -2.539819518005970167e-02 -4.234300847728604822e-01 1.631881944342694624e-01 2.134457753841161320e-01 4.352769202341733035e-03 2.332100799379759337e-01 1.680416198519196769e-01 3.941480880910148699e-01 -9.913988263940609613e-02 1.898073322525419826e-01 4.725672684695609860e-01 3.298608008151404647e-03
-6.302945991293427141e-01 -2.875314747069523946e-01 -6.728130957786220279e-01 -8.717440963971512247e-02 -1.013362681990201963e-01 -1.079191783393866899e-01 9.829842867935667527e-02 3.065043651157566273e-01 6.112793519787373953e-02 2.093939869874361648e-01 1.408728763029216680e-01 -1.611628753892091481e-02 2.009064488243552660e-01 1.560574669625225397e-01 3.069542071994533217e-01 3.881988463742800377e-01 -4.560750067736307756e-02 8.886855135403948225e-02 2.212472426197678033e-01 -8.000761904332875929e-02 -1.124324095243309785e-01 2.357878089185305726e-03 -6.789949288537400207e-02 3.533587917422664759e-02 -2.498276128951033570e-01 -9.913988263940609613e-02 3.337439332625535826e-01 -1.531060144814659907e-01 7.808691707776915791e-02 8.325045017852517049e-02
3.931495203489703272e-01 -2.063380913084529311e-01 9.272136301667046610e-01 -1.089143568910913018e-01 3.427385160298968003e-01 3.336608973459647132e-01 -1.769700238861560138e-01 -1.423076166373107299e-01 -3.914763666708722667e-01 -3.329691875073876872e-01 -5.636360352718838840e-02 -3.395414773272023012e-01 -1.562942129259567992e-01 -4.310379733367426525e-01 -4.740688334847504848e-01 -4.977166510812480738e-01 -3.952690643268397253e-02 -1.844199233306653696e-01 -1.915435862280219226e-01 1.537177442110646552e-01 2.537773788824893018e-01 1.252903093194959183e-01 1.600583222195268718e-01 9.864227046858786707e-02 4.877691194807312058e-01 1.898073322525419826e-01 -1.531060144814659907e-01 4.581985775472503519e-01 2.925177540225831763e-02 -7.068048302005536243e-02
-1.385071403269307666e+00 -2.174152241547460562e+00 -3.706793229662821432e-01 -1.697496049903293169e-01 -1.805632172814171099e-01 4.225697696861629993e-01 2.281409913423999569e-01 1.085587590015791193e+00 -6.712784739370931675e-01 2.548161544716549542e-01 3.905310491035152154e-01 -8.885363168168964876e-01 -1.262445530782656533e-01 5.649517787281865822e-01 2.527719832066850358e-01 2.471423162670589591e-01 -2.568940757775521888e-01 1.650470452125318843e-01 3.808016377799106067e-01 -1.049350143030210347e+00 2.593260041069811450e-01 7.449881820827783940e-01 -4.000637737310057673e-01 3.602878697798246321e-01 -2.040755305631591909e-01 4.725672684695609860e-01 7.808691707776915791e-02 2.925177540225831763e-02 1.547385628017650561e+00 3.924039716621336993e-01
-6.462353744827851187e-01 -4.419343784635429984e-01 -4.036924625035567260e-01 -1.393458384809491690e-01 1.192324406832767636e-02 -9.258939760655948703e-02 1.340266549333364310e-01 9.802265976190938090e-03 -2.070105421981338623e-01 5.247400905830090778e-02 8.571610484068514779e-02 2.161643811865587850e-02 1.325294187487884301e-01 6.456074929093347237e-02 1.043202093824788790e-01 8.885705551131195534e-02 2.422967936115583143e-01 -2.675541555561267160e-03 2.199126809080667044e-01 -1.290232939862789863e-01 7.953261699094582582e-02 3.635269974246284619e-01 -2.390438797429510487e-01 -7.162596582941205270e-02 -1.350646968570572426e-01 3.298608008151404647e-03 8.325045017852517049e-02 -7.068048302005536243e-02 3.924039716621336993e-01 4.888748533800253426e-01
