4.560860787643491676e+00 2.573221217848924880e+00 2.354729427513746032e+00 4.791451328682114763e-01 4.253317620102166075e-01 4.393734348297471115e-01 -8.927448024987825193e-01 -1.237455214129340675e+00 3.720423188823360761e-01 -1.027376676402525391e+00 -9.785043281408434268e-01 3.399594641511498594e-01 -6.640811029164410684e-01 -9.116049536706896106e-01 -1.226514455616722898e+00 -1.547422484445803548e+00 1.945787800356129083e-01 -6.667356509852311319e-01 -1.269299528891110640e+00 1.071650161355307773e+00 -8.938789640416189286e-02 -8.374619693329918846e-01 6.062929596010349087e-01 -3.701464602187911623e-01 7.945320359158358769e-01 -1.521301628732203426e-01 -5.862850286322327520e-01 4.038477972942473571e-01 -1.591380753988119068e+00 -5.670326216738885705e-01
2.573221217848924880e+00 3.701134329551621249e+00 8.489721265215735002e-01 3.868860464518775188e-01 -1.971618943081807629e-01 -8.361600140965492756e-01 -3.224843007520235005e-01 -2.120144964919120412e+00 9.662034736972486826e-01 -5.953795552903784483e-01 -7.223212423819518335e-01 1.417842508945795998e+00 -6.848448048140198807e-02 -5.883047943024735105e-01 -4.968516416717534412e-01 -7.409771972417615871e-01 8.140536051228650649e-01 -3.624425298746700719e-01 -5.855389195056659446e-01 1.514300240637169281e+00 -3.063784726969629446e-01 -7.622112980341739785e-01 3.970494730841096498e-01 -7.181928559018615488e-01 2.726905002245416654e-01 -7.508579237291428399e-01 -2.318436499544418439e-01 -1.577227854845091315e-01 -2.047746382369211915e+00 -2.811480741580680842e-01
2.354729427513746032e+00 8.489721265215735002e-01 3.745141143906948855e+00 -5.421228721615989343e-04 9.136184686236106245e-01 4.459115140352878370e-01 -5.429811603968914824e-01 -1.099222512379583350e+00 -1.346683357691688343e+00 -9.797426572085328189e-01 -8.432122409698195042e-01 -8.222774114195772199e-01 -8.160376561580164889e-01 -7.534778097581238399e-01 -1.313287779179916015e+00 -1.788994149779910003e+00 3.784936908039071568e-01 -4.919166364221609911e-01 -8.995177972568910718e-01 5.936739365652101696e-01 7.503091081088655301e-01 2.619495248964653911e-01 3.111277173626945114e-01 6.511884593084005246e-02 1.352345954421764418e+00 1.587434484159189196e-01 -6.238480756820763418e-01 1.058789855832515059e+00 -5.087180268642441661e-01 -4.084661008024568218e-01
4.791451328682114763e-01 3.868860464518775188e-01 -5.421228721615989343e-04 4.500847376942829214e-01 -1.480023006632791294e-01 -4.561674745258414987e-02 -6.154539024919358781e-02 7.834991205891128629e-02 3.522226104706192018e-01 5.059759480747061389e-02 -1.766823043416252403e-01 1.167461570292402939e-01 -8.576176662677426066e-02 1.804086327827576497e-01 -4.435527103464664833e-02 -8.885438437124548727e-02 -8.457940327173218975e-02 -4.442545937627073727e-02 -2.506699907009988237e-01 -2.257092391670312281e-02 -9.073322647407167096e-02 -2.547656391898271977e-01 2.557707700873379508e-03 -4.761516001468635295e-02 -1.147759546672091346e-01 -4.597943504967361150e-02 -7.649929533579324925e-02 -1.234538654429115923e-01 -1.703876852450889601e-01 -1.191815179821560378e-01
4.253317620102166075e-01 -1.971618943081807629e-01 9.136184686236106245e-01 -1.480023006632791294e-01 9.170422968321076951e-01 2.790197217748300318e-01 -2.086174258603250564e-01 -3.089037507108969294e-01 -5.630747974085466012e-01 -3.325187666171700585e-01 -2.234052386779126209e-01 -1.373727443734651388e-01 -8.194905165282762027e-03 -7.392706303085105901e-01 -4.305354827990868216e-01 -5.264928985567394193e-01 1.558747678586769325e-01 -1.979762839165459809e-01 -2.220056876531373291e-01 4.042708988291110472e-01 2.471707112170520304e-01 9.299278839478120062e-02 1.411197933379071401e-01 -1.184588862508917373e-02 4.967111363468461604e-01 4.767231437767804891e-02 -1.125541237888683099e-01 4.307963915190384796e-01 -1.972386168467323841e-01 1.355062538021911678e-02
4.393734348297471115e-01 -8.361600140965492756e-01 4.459115140352878370e-01 -4.561674745258414987e-02 2.790197217748300318e-01 8.543858921747755630e-01 -2.275279024877931988e-01 5.989356141216717333e-01 -3.148138104459690112e-01 -1.409845773627580456e-01 -8.001176192675529819e-02 -7.155464503293273992e-01 -1.880646724960115534e-01 -1.839522839923120046e-01 -3.591689687216899074e-01 -3.372140612076464095e-01 -3.587687952690430393e-01 -1.452688675325930490e-01 -2.180427552058574747e-01 -2.269280227588410526e-01 1.963980976029233716e-01 9.850360237282984599e-02 9.092380255418675006e-02 2.714368947450225278e-01 2.916418485967824381e-01 3.421761673826608785e-01 -1.182607600910046131e-01 3.279311819284771445e-01 3.747660677833550835e-01 -1.150735618952580808e-01
-8.927448024987825193e-01 -3.224843007520235005e-01 -5.429811603968914824e-01 -6.154539024919358781e-02 -2.086174258603250564e-01 -2.275279024877931988e-01 3.960449582546630154e-01 1.305299502310504067e-01 -3.436234397327098122e-02 2.622832264422072512e-01 2.779918265239302855e-01 6.493427387050587640e-02 1.284361298571639054e-01 2.029222250969837660e-01 3.512628810098590293e-01 3.330218238661473151e-01 7.393762356514343992e-02 1.704041723694444954e-01 2.227520496886654655e-01 -2.292844948452170684e-01 -2.213626077690378224e-02 9.706739564381905438e-02 -1.949591196427604700e-01 1.532153736599184413e-02 -3.006794575656499546e-01 -5.032127000845321163e-02 1.078721904943336085e-01 -1.846365768219015990e-01 3.202845975305876891e-01 1.172130048750545939e-01
-1.237455214129340675e+00 -2.120144964919120412e+00 -1.099222512379583350e+00 7.834991205891128629e-02 -3.089037507108969294e-01 5.989356141216717333e-01 1.305299502310504067e-01 2.008828719189239109e+00 -8.844240545545289933e-02 7.004832252028450057e-01 2.801375963471741670e-01 -9.740969941967705381e-01 3.219040055341793050e-02 8.171214327521170162e-01 6.056027669233117194e-01 8.130228130875707393e-01 -9.421643867954685447e-01 3.232657318330325324e-01 2.109132090368461832e-01 -1.081787289040391897e+00 -1.150144821717162813e-01 -4.768507156609302911e-02 -1.746351005953101776e-01 5.606722538176427406e-01 -4.954062826152494381e-01 4.580996426706178681e-01 2.518038890004277164e-01 -1.849430772322193661e-01 1.063447255383323409e+00 -6.350371435166834999e-02
3.720423188823360761e-01 9.662034736972486826e-01 -1.346683357691688343e+00 3.522226104706192018e-01 -5.630747974085466012e-01 -3.148138104459690112e-01 -3.436234397327098122e-02 -8.844240545545289933e-02 1.408190483205771670e+00 8.752639443622456383e-02 3.199988144774579268e-01 8.758167650179302655e-01 2.209353999332392959e-01 -2.690271380720332672e-02 1.636516383834418775e-01 3.813549131029390082e-01 -1.195203589690549961e-01 5.410262397731457895e-03 2.241405497568393912e-02 2.215080720142168502e-01 -4.871338162948859463e-01 -5.403251078409425645e-01 1.266956721045744416e-01 -2.644175535928638965e-01 -4.112371299815436032e-01 -2.616408504320588690e-01 6.381625693472869898e-02 -4.505710713710868731e-01 -5.748236999606319841e-01 -1.038374661040393221e-01
-1.027376676402525391e+00 -5.953795552903784483e-01 -9.797426572085328189e-01 5.059759480747061389e-02 -3.325187666171700585e-01 -1.409845773627580456e-01 2.622832264422072512e-01 7.004832252028450057e-01 8.752639443622456383e-02 6.860390564025919957e-01 5.414155937404530050e-02 -1.735014208042002792e-01 1.481654326672696698e-01 7.212717745879899667e-01 6.315181872830066823e-01 6.942138909965365201e-01 -2.594851671175888441e-01 3.407497276571689326e-01 2.286322165867602507e-01 -4.826232025145031912e-01 -1.753935471801923995e-01 -1.333747020680107198e-01 -1.978981836552407003e-01 1.526626287331396270e-01 -5.316635212599862825e-01 2.825098363825873093e-02 2.139718197190632054e-01 -3.775158814602264101e-01 3.637581562662717261e-01 4.319297902878815876e-02
-9.785043281408434268e-01 -7.223212423819518335e-01 -8.432122409698195042e-01 -1.766823043416252403e-01 -2.234052386779126209e-01 -8.001176192675529819e-02 2.779918265239302855e-01 2.801375963471741670e-01 3.199988144774579268e-01 5.414155937404530050e-02 1.043773257177917912e+00 1.030554922788269323e-01 2.049876389363589624e-01 -2.559835665069272181e-01 2.113747489240722643e-01 3.821425916700604830e-01 -1.926113629145902451e-01 1.452578001507163208e-01 3.461125881095199475e-01 -2.828037189473207036e-01 -7.125159952772719407e-02 1.160915637194079864e-01 -5.762547373819870700e-02 3.355296255597295385e-02 -1.700691315080007371e-01 4.890340008927296367e-02 1.008458101158566933e-01 -5.621171289919857372e-02 3.619366658179501428e-01 8.038980009177976171e-02
3.399594641511498594e-01 1.417842508945795998e+00 -8.222774114195772199e-01 1.167461570292402939e-01 -1.373727443734651388e-01 -7.155464503293273992e-01 6.493427387050587640e-02 -9.740969941967705381e-01 8.758167650179302655e-01 -1.735014208042002792e-01 1.030554922788269323e-01 1.421081379234976794e+00 2.964763138058401637e-01 -3.371410501207492416e-01 1.051397479427578219e-01 1.589692191708138580e-01 4.178506222362443623e-01 -6.604152740814583922e-02 1.018579359974296494e-01 6.195003037938136004e-01 -3.890617431614487032e-01 -3.074296004240011371e-01 9.835920279880383532e-02 -5.203401526287052548e-01 -2.388320108915991113e-01 -4.338818244643221078e-01 3.770521192961950874e-03 -3.591805672032251096e-01 -7.741149385736889599e-01 1.074579024732429389e-01
-6.640811029164410684e-01 -6.848448048140198807e-02 -8.160376561580164889e-01 -8.576176662677426066e-02 -8.194905165282762027e-03 -1.880646724960115534e-01 1.284361298571639054e-01 3.219040055341793050e-02 2.209353999332392959e-01 1.481654326672696698e-01 2.049876389363589624e-01 2.964763138058401637e-01 4.464163999593893095e-01 -1.743273961160412000e-01 2.417640543474703918e-01 2.874949024776753959e-01 1.016771926050523689e-01 5.037397211157212951e-02 1.958450829574189811e-01 1.619858670520102351e-01 -9.981615518296393930e-02 -1.758797261879863072e-02 -7.069728281010156934e-02 -6.931897424982480516e-02 -2.361055289640603405e-01 -1.395262531491994196e-01 2.087994787155480481e-01 -2.028217127926836838e-01 -3.961021500668948647e-02 1.548875502419946315e-01
-9.116049536706896106e-01 -5.883047943024735105e-01 -7.534778097581238399e-01 1.804086327827576497e-01 -7.392706303085105901e-01 -1.839522839923120046e-01 2.029222250969837660e-01 8.171214327521170162e-01 -2.690271380720332672e-02 7.212717745879899667e-01 -2.559835665069272181e-01 -3.371410501207492416e-01 -1.743273961160412000e-01 1.524328821545509527e+00 6.841235509531315984e-01 7.869832928726623322e-01 -3.875680816109365878e-01 4.058752710332669267e-01 2.839265241554755903e-01 -9.119599763289443217e-01 -1.864676528859945392e-01 1.129427231660429243e-03 -2.575099007937637907e-01 2.363899878124584575e-01 -6.139569354829745862e-01 1.592758927929480706e-01 1.377449317832883935e-01 -4.767524156669651347e-01 6.398710172501296256e-01 2.380750404245191021e-02
-1.226514455616722898e+00 -4.968516416717534412e-01 -1.313287779179916015e+00 -4.435527103464664833e-02 -4.305354827990868216e-01 -3.591689687216899074e-01 3.512628810098590293e-01 6.056027669233117194e-01 1.636516383834418775e-01 6.315181872830066823e-01 2.113747489240722643e-01 1.051397479427578219e-01 2.417640543474703918e-01 6.841235509531315984e-01 9.458536104759218688e-01 9.185423009374176218e-01 -1.613696846322341116e-01 3.619958989861800092e-01 3.877798867234787394e-01 -4.354998574529531652e-01 -3.345250782931543654e-01 -1.225081725244763220e-01 -2.139992811099773462e-01 5.093818376872150111e-02 -6.503101837243434602e-01 -6.667092192242307647e-02 2.857538387959834836e-01 -4.871791764851991502e-01 3.038262817167378671e-01 9.364859320140794807e-02
-1.547422484445803548e+00 -7.409771972417615871e-01 -1.788994149779910003e+00 -8.885438437124548727e-02 -5.264928985567394193e-01 -3.372140612076464095e-01 3.330218238661473151e-01 8.130228130875707393e-01 3.813549131029390082e-01 6.942138909965365201e-01 3.821425916700604830e-01 1.589692191708138580e-01 2.874949024776753959e-01 7.869832928726623322e-01 9.185423009374176218e-01 1.221548475380529908e+00 -3.572517617880066609e-01 4.697170473766334453e-01 5.809264409792547212e-01 -5.735620550615863067e-01 -4.056691954637585695e-01 -1.663695622045793243e-01 -1.581584077182469628e-01 1.112886650354312223e-01 -7.490228799013607386e-01 -2.506890245570048137e-03 3.797377818268046212e-01 -5.655360942531615365e-01 3.768011017556887055e-01 1.122669616461848818e-01
1.945787800356129083e-01 8.140536051228650649e-01 3.784936908039071568e-01 -8.457940327173218975e-02 1.558747678586769325e-01 -3.587687952690430393e-01 7.393762356514343992e-02 -9.421643867954685447e-01 -1.195203589690549961e-01 -2.594851671175888441e-01 -1.926113629145902451e-01 4.178506222362443623e-01 1.016771926050523689e-01 -3.875680816109365878e-01 -1.613696846322341116e-01 -3.572517617880066609e-01 7.247492780172137827e-01 -1.767286769367615307e-01 -3.067099739101308842e-02 4.427782724559392591e-01 1.296491202203924331e-01 2.217730474579582278e-01 -1.224972236420853733e-01 -2.805123581889574780e-01 1.146906466477162212e-01 -2.410054020463121560e-01 -6.970295591054309625e-02 2.533008655728963276e-02 -2.516098644604767287e-01 2.406096478496237978e-01
-6.667356509852311319e-01 -3.624425298746700719e-01 -4.919166364221609911e-01 -4.442545937627073727e-02 -1.979762839165459809e-01 -1.452688675325930490e-01 1.704041723694444954e-01 3.232657318330325324e-01 5.410262397731457895e-03 3.407497276571689326e-01 1.452578001507163208e-01 -6.604152740814583922e-02 5.037397211157212951e-02 4.058752710332669267e-01 3.619958989861800092e-01 4.697170473766334453e-01 -1.767286769367615307e-01 3.097010016104775332e-01 2.197592214131418586e-01 -3.211376076754959286e-01 -1.090348715254663148e-01 -7.550153513571444819e-02 -5.645615528649727821e-02 8.173472253093905238e-02 -2.631196531214072820e-01 3.788472194509040492e-02 8.792518070873711622e-02 -2.012214173605570977e-01 2.024579718419659002e-01 -3.450579678155918373e-02
-1.269299528891110640e+00 -5.855389195056659446e-01 -8.995177972568910718e-01 -2.506699907009988237e-01 -2.220056876531373291e-01 -2.180427552058574747e-01 2.227520496886654655e-01 2.109132090368461832e-01 2.241405497568393912e-02 2.286322165867602507e-01 3.461125881095199475e-01 1.018579359974296494e-01 1.958450829574189811e-01 2.839265241554755903e-01 3.877798867234787394e-01 5.809264409792547212e-01 -3.067099739101308842e-02 2.197592214131418586e-01 5.509879690856109846e-01 -2.701134450109066165e-01 -6.477203272953602209e-02 2.544027025387549656e-01 -1.413981957159080594e-01 3.510949391275630660e-02 -3.001727741871604849e-01 1.182645418413130756e-02 2.134897407269704672e-01 -2.134036632409390677e-01 3.969487486117202479e-01 2.019218412341956537e-01
1.071650161355307773e+00 1.514300240637169281e+00 5.936739365652101696e-01 -2.257092391670312281e-02 4.042708988291110472e-01 -2.269280227588410526e-01 -2.292844948452170684e-01 -1.081787289040391897e+00 2.215080720142168502e-01 -4.826232025145031912e-01 -2.828037189473207036e-01 6.195003037938136004e-01 1.619858670520102351e-01 -9.119599763289443217e-01 -4.354998574529531652e-01 -5.735620550615863067e-01 4.427782724559392591e-01 -3.211376076754959286e-01 -2.701134450109066165e-01 1.156772375773300610e+00 1.631214327829866306e-02 -2.250477698719350883e-01 2.201475988389915983e-01 -3.429110108301642867e-01 3.890889743480556717e-01 -4.021900839518934845e-01 -6.240058706845275083e-02 1.804768670356224902e-01 -1.059528606302649223e+00 -6.211704609847856773e-02
-8.938789640416189286e-02 -3.063784726969629446e-01 7.503091081088655301e-01 -9.073322647407167096e-02 2.471707112170520304e-01 1.963980976029233716e-01 -2.213626077690378224e-02 -1.150144821717162813e-01 -4.871338162948859463e-01 -1.753935471801923995e-01 -7.125159952772719407e-02 -3.890617431614487032e-01 -9.981615518296393930e-02 -1.864676528859945392e-01 -3.345250782931543654e-01 -4.056691954637585695e-01 1.296491202203924331e-01 -1.090348715254663148e-01 -6.477203272953602209e-02 1.631214327829866306e-02 3.608020023704625601e-01 3.563276173915141953e-01 -7.068984999722260909e-02 9.392047013415094625e-02 3.068899418674391200e-01 1.123480060489896459e-01 -1.217205362609092845e-01 2.846908094556397373e-01 2.443217196167779548e-01 4.004639599838810682e-02
-8.374619693329918846e-01 -7.622112980341739785e-01 2.619495248964653911e-01 -2.547656391898271977e-01 9.299278839478120062e-02 9.850360237282984599e-02 9.706739564381905438e-02 -4.768507156609302911e-02 -5.403251078409425645e-01 -1.333747020680107198e-01 1.160915637194079864e-01 -3.074296004240011371e-01 -1.758797261879863072e-02 1.129427231660429243e-03 -1.225081725244763220e-01 -1.663695622045793243e-01 2.217730474579582278e-01 -7.550153513571444819e-02 2.544027025387549656e-01 -2.250477698719350883e-01 3.563276173915141953e-01 7.413030720837241461e-01 -2.318271055669640646e-01 6.959788079569761976e-02 1.417363717257273947e-01 1.557171467180182844e-01 -2.566311077583804945e-02 1.750501097027949982e-01 6.790666386333725768e-01 2.850483797792549012e-01
6.062929596010349087e-01 3.970494730841096498e-01 3.111277173626945114e-01 2.557707700873379508e-03 1.411197933379071401e-01 9.092380255418675006e-02 -1.949591196427604700e-01 -1.746351005953101776e-01 1.266956721045744416e-01 -1.978981836552407003e-01 -5.762547373819870700e-02 9.835920279880383532e-02 -7.069728281010156934e-02 -2.575099007937637907e-01 -2.139992811099773462e-01 -1.581584077182469628e-01 -1.224972236420853733e-01 -5.645615528649727821e-02 -1.413981957159080594e-01 2.201475988389915983e-01 -7.068984999722260909e-02 -2.318271055669640646e-01 3.233834647251683236e-01 -1.885249991403270542e-02 2.473237447636620345e-01 -1.505829985023865447e-02 -3.814408783534872782e-02 1.387628456665197518e-01 -4.543748806493681514e-01 -2.289644238940127252e-01
-3.701464602187911623e-01 -7.181928559018615488e-01 6.511884593084005246e-02 -4.761516001468635295e-02 -1.184588862508917373e-02 2.714368947450225278e-01 1.532153736599184413e-02 5.606722538176427406e-01 -2.644175535928638965e-01 1.526626287331396270e-01 3.355296255597295385e-02 -5.203401526287052548e-01 -6.931897424982480516e-02 2.363899878124584575e-01 5.093818376872150111e-02 1.112886650354312223e-01 -2.805123581889574780e-01 8.173472253093905238e-02 3.510949391275630660e-02 -3.429110108301642867e-01 9.392047013415094625e-02 6.959788079569761976e-02 -1.885249991403270542e-02 2.825861175585373530e-01 2.116716048993794175e-02 1.948626216070010742e-01 2.711984857160132378e-02 8.193373144604265690e-02 3.468371121037421290e-01 -8.809781961014095941e-02
7.945320359158358769e-01 2.726905002245416654e-01 1.352345954421764418e+00 -1.147759546672091346e-01 4.967111363468461604e-01 2.916418485967824381e-01 -3.006794575656499546e-01 -4.954062826152494381e-01 -4.112371299815436032e-01 -5.316635212599862825e-01 -1.700691315080007371e-01 -2.388320108915991113e-01 -2.361055289640603405e-01 -6.139569354829745862e-01 -6.503101837243434602e-01 -7.490228799013607386e-01 1.146906466477162212e-01 -2.631196531214072820e-01 -3.001727741871604849e-01 3.890889743480556717e-01 3.068899418674391200e-01 1.417363717257273947e-01 2.473237447636620345e-01 2.116716048993794175e-02 7.363404147547498724e-01 7.275287529631668804e-02 -2.649967608573433608e-01 5.598108920315780779e-01 -3.138256462834192462e-01 -1.435493869671518041e-01
-1.521301628732203426e-01 -7.508579237291428399e-01 1.587434484159189196e-01 -4.597943504967361150e-02 4.767231437767804891e-02 3.421761673826608785e-01 -5.032127000845321163e-02 4.580996426706178681e-01 -2.616408504320588690e-01 2.825098363825873093e-02 4.890340008927296367e-02 -4.338818244643221078e-01 -1.395262531491994196e-01 1.592758927929480706e-01 -6.667092192242307647e-02 -2.506890245570048137e-03 -2.410054020463121560e-01 3.788472194509040492e-02 1.182645418413130756e-02 -4.021900839518934845e-01 1.123480060489896459e-01 1.557171467180182844e-01 -1.505829985023865447e-02 1.948626216070010742e-01 7.275287529631668804e-02 2.906742709116088008e-01 -5.290015130043457248e-02 1.219175406075692081e-01 4.044857373353352159e-01 -3.092057616566989964e-02
-5.862850286322327520e-01 -2.318436499544418439e-01 -6.238480756820763418e-01 -7.649929533579324925e-02 -1.125541237888683099e-01 -1.182607600910046131e-01 1.078721904943336085e-01 2.518038890004277164e-01 6.381625693472869898e-02 2.139718197190632054e-01 1.008458101158566933e-01 3.770521192961950874e-03 2.087994787155480481e-01 1.377449317832883935e-01 2.857538387959834836e-01 3.797377818268046212e-01 -6.970295591054309625e-02 8.792518070873711622e-02 2.134897407269704672e-01 -6.240058706845275083e-02 -1.217205362609092845e-01 -2.566311077583804945e-02 -3.814408783534872782e-02 2.711984857160132378e-02 -2.649967608573433608e-01 -5.290015130043457248e-02 3.162796703541630450e-01 -1.704261196287006896e-01 7.715117800393045400e-02 7.916365684479842457e-02
4.038477972942473571e-01 -1.577227854845091315e-01 1.058789855832515059e+00 -1.234538654429115923e-01 4.307963915190384796e-01 3.279311819284771445e-01 -1.846365768219015990e-01 -1.849430772322193661e-01 -4.505710713710868731e-01 -3.775158814602264101e-01 -5.621171289919857372e-02 -3.591805672032251096e-01 -2.028217127926836838e-01 -4.767524156669651347e-01 -4.871791764851991502e-01 -5.655360942531615365e-01 2.533008655728963276e-02 -2.012214173605570977e-01 -2.134036632409390677e-01 1.804768670356224902e-01 2.846908094556397373e-01 1.750501097027949982e-01 1.387628456665197518e-01 8.193373144604265690e-02 5.598108920315780779e-01 1.219175406075692081e-01 -1.704261196287006896e-01 5.286582371521717505e-01 -2.165446240280743950e-02 -8.476719099104457200e-02
-1.591380753988119068e+00 -2.047746382369211915e+00 -5.087180268642441661e-01 -1.703876852450889601e-01 -1.972386168467323841e-01 3.747660677833550835e-01 3.202845975305876891e-01 1.063447255383323409e+00 -5.748236999606319841e-01 3.637581562662717261e-01 3.619366658179501428e-01 -7.741149385736889599e-01 -3.961021500668948647e-02 6.398710172501296256e-01 3.038262817167378671e-01 3.768011017556887055e-01 -2.516098644604767287e-01 2.024579718419659002e-01 3.969487486117202479e-01 -1.059528606302649223e+00 2.443217196167779548e-01 6.790666386333725768e-01 -4.543748806493681514e-01 3.468371121037421290e-01 -3.138256462834192462e-01 4.044857373353352159e-01 7.715117800393045400e-02 -2.165446240280743950e-02 1.540756960211126625e+00 3.082960323896486443e-01
-5.670326216738885705e-01 -2.811480741580680842e-01 -4.084661008024568218e-01 -1.191815179821560378e-01 1.355062538021911678e-02 -1.150735618952580808e-01 1.172130048750545939e-01 -6.350371435166834999e-02 -1.038374661040393221e-01 4.319297902878815876e-02 8.038980009177976171e-02 1.074579024732429389e-01 1.548875502419946315e-01 2.380750404245191021e-02 9.364859320140794807e-02 1.122669616461848818e-01 2.406096478496237978e-01 -3.450579678155918373e-02 2.019218412341956537e-01 -6.211704609847856773e-02 4.004639599838810682e-02 2.850483797792549012e-01 -2.289644238940127252e-01 -8.809781961014095941e-02 -1.435493869671518041e-01 -3.092057616566989964e-02 7.916365684479842457e-02 -8.476719099104457200e-02 3.082960323896486443e-01 4.296636963716764512e-01
