4.569681751993016405e+00 2.490268567409827938e+00 2.594770048848147326e+00 3.265057807105904431e-01 6.459993999037010326e-01 6.432919503701555186e-01 -9.571789802536159186e-01 -1.210686291675017401e+00 3.586556408053525047e-01 -1.163765920650405405e+00 -7.268375918507103961e-01 3.298386203406948880e-01 -6.918383325478885126e-01 -1.060918099909542889e+00 -1.308163456164095351e+00 -1.619913300294797409e+00 3.769858324467350030e-01 -7.868168035430471718e-01 -1.217121397905430058e+00 9.863459563142100706e-01 -1.301670837265191949e-01 -6.767250804136892839e-01 4.438798122440061888e-01 -5.049926001836411160e-01 8.941129490806929425e-01 -2.754227382200724605e-01 -6.210214315191251444e-01 5.362426619375355585e-01 -1.669615231093359853e+00 -5.753969093203750163e-01
2.490268567409827938e+00 3.941383137447189711e+00 8.891017937279457328e-01 2.966160944392299825e-01 2.711349909975524497e-02 -7.909728225267258495e-01 -3.320397429218360230e-01 -2.045320030299308200e+00 1.087857209063315622e+00 -6.258070680758009985e-01 -5.492695367403825912e-01 1.533942032840002412e+00 -7.936370324807739962e-02 -5.636569212823019370e-01 -4.753822161750917985e-01 -7.737374655989128769e-01 1.030353698610440460e+00 -4.239324549115508489e-01 -5.848744592179286883e-01 1.447546439834013654e+00 -3.237646081812499688e-01 -6.711064958111592205e-01 1.319211897221066465e-01 -8.667469374306620011e-01 3.250594598196130391e-01 -1.109547415032864137e+00 -2.232753368621729351e-01 -4.501615265286318390e-02 -2.310524096461392674e+00 -4.068272781795485571e-01
2.594770048848147326e+00 8.891017937279457328e-01 3.935981235311089677e+00 -1.165202014302053612e-01 1.003987436099919250e+00 6.201512305275400649e-01 -6.125561024905437080e-01 -1.206851827858940851e+00 -1.261685659827833206e+00 -1.128482884359527816e+00 -6.841772822552343314e-01 -7.126506310893887530e-01 -7.930003446492150943e-01 -9.702068884578807229e-01 -1.432425721541164876e+00 -1.836622122202243190e+00 5.040879272610823136e-01 -5.951912206105589576e-01 -8.681544863797228118e-01 6.272594142569687392e-01 6.502289347956207166e-01 2.880208721778672043e-01 3.071762283397561077e-01 -9.017231773390221861e-02 1.387317856909248803e+00 1.444594355185699897e-01 -6.902507410287626044e-01 1.085227051495280648e+00 -6.148362644851772529e-01 -4.239852095099081453e-01
3.265057807105904431e-01 2.966160944392299825e-01 -1.165202014302053612e-01 4.777548715328521212e-01 -1.801815794477761301e-01 -7.419943633647108072e-02 -4.095577248597237485e-02 1.887408854684053949e-01 3.779340218569586796e-01 1.308326530748331606e-01 -1.527642937780910870e-01 7.821218653924688624e-02 -8.778590525662366417e-02 2.973609324213839500e-01 4.841695149008273802e-02 -5.323601614747985877e-03 -1.390673416275944874e-01 -7.793275380890918314e-03 -2.082314384728647383e-01 -1.071795015302541287e-01 -1.126879010475931864e-01 -2.472300494252976932e-01 -4.475609240046196646e-02 -3.204142182300984132e-02 -1.812447352203889750e-01 -5.478129505968354351e-02 -4.988670279533380381e-02 -1.643217774521872343e-01 -1.039878510144944812e-01 -1.114342303055764205e-01
6.459993999037010326e-01 2.711349909975524497e-02 1.003987436099919250e+00 -1.801815794477761301e-01 9.281438632293088631e-01 2.822044991562506766e-01 -2.261213329004476691e-01 -4.806677856519740999e-01 -4.996947977199965862e-01 -4.287267980609499318e-01 -2.130442928314550954e-01 -3.347608488297737495e-04 1.049668323207697540e-02 -8.486210878023712212e-01 -5.317237642515237894e-01 -6.123549857904890814e-01 2.869226393949020348e-01 -2.424790985093068230e-01 -2.600647973721663675e-01 5.066397029416407349e-01 2.271666318205802781e-01 7.265123601297318601e-02 1.630397500017579659e-01 -9.935767468431322413e-02 5.345215419168880544e-01 -1.603613364966349764e-02 -1.405539188817783725e-01 4.437803916553093586e-01 -3.534896277299139911e-01 7.850304077123837487e-04
6.432919503701555186e-01 -7.909728225267258495e-01 6.201512305275400649e-01 -7.419943633647108072e-02 2.822044991562506766e-01 8.901627951688624307e-01 -2.721109108432528956e-01 4.477016912592830522e-01 -3.514405416067347687e-01 -2.463351990781461609e-01 -8.363374363455022831e-02 -7.037633889940480003e-01 -2.090367900967748938e-01 -3.109524164804042812e-01 -4.455206093977608361e-01 -4.158243802862671146e-01 -3.118552178290201482e-01 -1.932584550613682950e-01 -2.337463114417062116e-01 -1.341751298037365814e-01 1.969990356824382616e-01 9.573094618798450028e-02 1.660232039034781337e-01 2.482684662038536771e-01 3.557034783231074471e-01 4.031676113724529387e-01 -1.543387317039446316e-01 3.565268986774299265e-01 3.324929790072133073e-01 -1.072599376327048049e-01
-9.571789802536159186e-01 -3.320397429218360230e-01 -6.125561024905437080e-01 -4.095577248597237485e-02 -2.261213329004476691e-01 -2.721109108432528956e-01 4.090334273843723167e-01 1.444274824020794767e-01 -3.620338115774757171e-02 2.945476237490538551e-01 2.386353476527460771e-01 7.285508969198417617e-02 1.453513520418141525e-01 2.235987257400893213e-01 3.656714101299485264e-01 3.598285289507430207e-01 3.330199990915616581e-02 2.057609321869904306e-01 2.272443324148412103e-01 -2.223325155704287681e-01 -1.032341113887014217e-02 7.922673137653646336e-02 -1.654966200414378363e-01 4.059882855608520913e-02 -3.142798194401734690e-01 -3.229021813575627675e-02 1.204833482258322874e-01 -2.028166383704501641e-01 3.383168226355337538e-01 1.258242308255717035e-01
-1.210686291675017401e+00 -2.045320030299308200e+00 -1.206851827858940851e+00 1.887408854684053949e-01 -4.806677856519740999e-01 4.477016912592830522e-01 1.444274824020794767e-01 1.893914904081668737e+00 -6.759131015888897309e-02 7.612613267319261467e-01 1.352356089532804617e-01 -9.601697645393869607e-01 4.661327741445120409e-02 8.625003872218144352e-01 6.814433292403236919e-01 8.732992605475828896e-01 -1.038095837331127314e+00 3.535939637877163477e-01 2.201627161575743230e-01 -9.817509818312828429e-01 -1.404701747771923692e-01 -1.374604298729309448e-01 -5.849061343059247520e-02 6.140989168928854269e-01 -5.769835134868799287e-01 5.819353558493389755e-01 2.688775736380080161e-01 -3.093738281544347046e-01 1.130738847477857689e+00 9.367942802555262460e-03
3.586556408053525047e-01 1.087857209063315622e+00 -1.261685659827833206e+00 3.779340218569586796e-01 -4.996947977199965862e-01 -3.514405416067347687e-01 -3.620338115774757171e-02 -6.759131015888897309e-02 1.373836989358323990e+00 1.031755479753542204e-01 2.654536101201188103e-01 8.423320787508146168e-01 1.700224807381687242e-01 7.475055910367700562e-02 1.801522122023015982e-01 3.325025634364919824e-01 -7.122256552753469805e-02 1.561773600258220540e-03 -2.468871452276744094e-02 2.151285613643949546e-01 -4.375687178443286030e-01 -5.237873604917240300e-01 3.976514683301957120e-02 -2.541630305275361934e-01 -3.652275078972593292e-01 -3.846348344289935994e-01 7.515773526438351837e-02 -3.923832522324914862e-01 -6.598116586352489321e-01 -1.681827349247555503e-01
-1.163765920650405405e+00 -6.258070680758009985e-01 -1.128482884359527816e+00 1.308326530748331606e-01 -4.287267980609499318e-01 -2.463351990781461609e-01 2.945476237490538551e-01 7.612613267319261467e-01 1.031755479753542204e-01 7.824003199187359314e-01 -1.888109991239161900e-02 -2.039923426734731038e-01 1.500120187386642101e-01 8.403727792193080859e-01 7.335282794482509416e-01 7.856142969939696741e-01 -3.695168721578170334e-01 3.986788774180354267e-01 2.556373106789351368e-01 -5.148849760298617184e-01 -1.835858721142358263e-01 -1.663245974806955019e-01 -1.775804888151810701e-01 2.087672199681378515e-01 -6.108758861978458299e-01 7.987448022305443374e-02 2.406177324049849631e-01 -4.580770503576445662e-01 4.538883018587398510e-01 7.762865312434996667e-02
-7.268375918507103961e-01 -5.492695367403825912e-01 -6.841772822552343314e-01 -1.527642937780910870e-01 -2.130442928314550954e-01 -8.363374363455022831e-02 2.386353476527460771e-01 1.352356089532804617e-01 2.654536101201188103e-01 -1.888109991239161900e-02 8.931160812206258015e-01 1.298717640545987706e-01 1.919300721894501294e-01 -3.141369599325116724e-01 1.008741613699157824e-01 2.603255918836566707e-01 -1.465320591468639577e-01 1.081313295863992607e-01 2.556395758091127846e-01 -1.554496179635975750e-01 -3.341846542838311507e-02 7.338861418111264356e-02 1.131297601233427486e-02 4.352872876489755072e-02 -9.666778308070433923e-02 6.553633571843420214e-02 8.203175103943749491e-02 -2.476835466273996644e-02 2.732317096627525643e-01 7.133810041921151424e-02
3.298386203406948880e-01 1.533942032840002412e+00 -7.126506310893887530e-01 7.821218653924688624e-02 -3.347608488297737495e-04 -7.037633889940480003e-01 7.285508969198417617e-02 -9.601697645393869607e-01 8.423320787508146168e-01 -2.039923426734731038e-01 1.298717640545987706e-01 1.426118066687308783e+00 2.702274498443557604e-01 -3.532825159384174185e-01 5.438818506979714584e-02 6.344776944604291202e-02 5.107765246713142915e-01 -8.429537551873522716e-02 4.624020630018321754e-02 6.236227063102433021e-01 -3.249690834306306897e-01 -2.655033256893375437e-01 1.188463386620242090e-02 -5.352376225550870004e-01 -1.445038740686754863e-01 -5.941258976943117887e-01 5.390117567571905965e-03 -2.468218891685864946e-01 -9.021847665173936548e-01 3.268731919132505936e-02
-6.918383325478885126e-01 -7.936370324807739962e-02 -7.930003446492150943e-01 -8.778590525662366417e-02 1.049668323207697540e-02 -2.090367900967748938e-01 1.453513520418141525e-01 4.661327741445120409e-02 1.700224807381687242e-01 1.500120187386642101e-01 1.919300721894501294e-01 2.702274498443557604e-01 4.108040096951413034e-01 -1.319903618775128962e-01 2.372580031978372972e-01 2.633388283157955811e-01 1.045083857717372666e-01 7.493460069198931706e-02 1.764205371652280974e-01 1.409468031114897713e-01 -5.186318913251852791e-02 -2.724250624311252977e-03 -7.940913262393678451e-02 -3.757688298753691925e-02 -2.004826930848366828e-01 -1.613285980843102152e-01 2.099716225587826557e-01 -1.630957255689509111e-01 -4.240321625570686592e-02 1.290632887753417890e-01
-1.060918099909542889e+00 -5.636569212823019370e-01 -9.702068884578807229e-01 2.973609324213839500e-01 -8.486210878023712212e-01 -3.109524164804042812e-01 2.235987257400893213e-01 8.625003872218144352e-01 7.475055910367700562e-02 8.403727792193080859e-01 -3.141369599325116724e-01 -3.532825159384174185e-01 -1.319903618775128962e-01 1.585866374488659858e+00 8.152449440974010031e-01 8.986644557576255465e-01 -5.341233747244586993e-01 4.370220074019925960e-01 3.210115390894259235e-01 -8.857307524619955075e-01 -2.275454492610720081e-01 -6.841778294551659201e-02 -2.261965119208753094e-01 2.865549462721901364e-01 -7.267496343937978054e-01 2.071188673610890874e-01 1.818293228581069343e-01 -5.929314263067340107e-01 7.169803939081020872e-01 6.658573607626294688e-02
-1.308163456164095351e+00 -4.753822161750917985e-01 -1.432425721541164876e+00 4.841695149008273802e-02 -5.317237642515237894e-01 -4.455206093977608361e-01 3.656714101299485264e-01 6.814433292403236919e-01 1.801522122023015982e-01 7.335282794482509416e-01 1.008741613699157824e-01 5.438818506979714584e-02 2.372580031978372972e-01 8.152449440974010031e-01 1.024589566297208876e+00 9.833562652048613018e-01 -2.871051451701873702e-01 4.051792073311446529e-01 3.794585543996333854e-01 -4.599325682561357098e-01 -3.346947939477331602e-01 -1.724010498629979793e-01 -1.895120719411806931e-01 1.269006652445341388e-01 -7.128571350514789629e-01 -2.478885063271718536e-02 3.160931203300378911e-01 -5.542669795273127420e-01 3.708821971844145082e-01 1.053377958801888781e-01
-1.619913300294797409e+00 -7.737374655989128769e-01 -1.836622122202243190e+00 -5.323601614747985877e-03 -6.123549857904890814e-01 -4.158243802862671146e-01 3.598285289507430207e-01 8.732992605475828896e-01 3.325025634364919824e-01 7.856142969939696741e-01 2.603255918836566707e-01 6.344776944604291202e-02 2.633388283157955811e-01 8.986644557576255465e-01 9.833562652048613018e-01 1.261295977871668583e+00 -4.876789650826367506e-01 5.228146395373300948e-01 5.600858415236587007e-01 -5.959096522549884867e-01 -3.727295627769819930e-01 -2.117821775770210024e-01 -1.140790223511771728e-01 2.151665274440688336e-01 -7.833136993973539575e-01 7.043037278913288901e-02 3.896404430416851028e-01 -6.098302371527779542e-01 4.810404997774639924e-01 1.182484492063053949e-01
3.769858324467350030e-01 1.030353698610440460e+00 5.040879272610823136e-01 -1.390673416275944874e-01 2.869226393949020348e-01 -3.118552178290201482e-01 3.330199990915616581e-02 -1.038095837331127314e+00 -7.122256552753469805e-02 -3.695168721578170334e-01 -1.465320591468639577e-01 5.107765246713142915e-01 1.045083857717372666e-01 -5.341233747244586993e-01 -2.871051451701873702e-01 -4.876789650826367506e-01 8.434763878238982215e-01 -2.191155083959870353e-01 -8.587674929677291402e-02 5.319202249742716049e-01 1.470160686121744220e-01 2.303530046040123125e-01 -1.424722802718179082e-01 -3.680917276178092834e-01 2.142684127009601980e-01 -3.738658100116936112e-01 -8.512964864445393687e-02 1.227219644360957318e-01 -4.575824805951924645e-01 1.806393136572523872e-01
-7.868168035430471718e-01 -4.239324549115508489e-01 -5.951912206105589576e-01 -7.793275380890918314e-03 -2.424790985093068230e-01 -1.932584550613682950e-01 2.057609321869904306e-01 3.535939637877163477e-01 1.561773600258220540e-03 3.986788774180354267e-01 1.081313295863992607e-01 -8.429537551873522716e-02 7.493460069198931706e-02 4.370220074019925960e-01 4.051792073311446529e-01 5.228146395373300948e-01 -2.191155083959870353e-01 3.363718819299492679e-01 2.410661305582095792e-01 -3.377178006988970083e-01 -1.004864266771505754e-01 -7.769533881236156958e-02 -5.372507907637213975e-02 1.138277706544386092e-01 -3.181758425838552284e-01 8.479630639624247124e-02 1.013767049093985406e-01 -2.527742900797420589e-01 2.934257958719967974e-01 1.491465379001510883e-02
-1.217121397905430058e+00 -5.848744592179286883e-01 -8.681544863797228118e-01 -2.082314384728647383e-01 -2.600647973721663675e-01 -2.337463114417062116e-01 2.272443324148412103e-01 2.201627161575743230e-01 -2.468871452276744094e-02 2.556373106789351368e-01 2.556395758091127846e-01 4.624020630018321754e-02 1.764205371652280974e-01 3.210115390894259235e-01 3.794585543996333854e-01 5.600858415236587007e-01 -8.587674929677291402e-02 2.410661305582095792e-01 5.048817789855206684e-01 -2.609983966420088564e-01 -2.811874561328409072e-02 2.174503909151610515e-01 -1.009780721607285159e-01 8.798993780803243681e-02 -2.965262980516740754e-01 6.228104977572002099e-02 2.051572862039847678e-01 -2.198413351147507910e-01 4.336974740426455810e-01 1.947962520334272085e-01
9.863459563142100706e-01 1.447546439834013654e+00 6.272594142569687392e-01 -1.071795015302541287e-01 5.066397029416407349e-01 -1.341751298037365814e-01 -2.223325155704287681e-01 -9.817509818312828429e-01 2.151285613643949546e-01 -5.148849760298617184e-01 -1.554496179635975750e-01 6.236227063102433021e-01 1.409468031114897713e-01 -8.857307524619955075e-01 -4.599325682561357098e-01 -5.959096522549884867e-01 5.319202249742716049e-01 -3.377178006988970083e-01 -2.609983966420088564e-01 1.067332451301354013e+00 4.764154112069718394e-02 -1.398435350480156103e-01 1.057841682025468799e-01 -3.793304599417979261e-01 4.428291797568704169e-01 -5.268409439258334714e-01 -6.662175518931690021e-02 2.710259472834195549e-01 -1.109450741191096768e+00 -1.358746887429447270e-01
-1.301670837265191949e-01 -3.237646081812499688e-01 6.502289347956207166e-01 -1.126879010475931864e-01 2.271666318205802781e-01 1.969990356824382616e-01 -1.032341113887014217e-02 -1.404701747771923692e-01 -4.375687178443286030e-01 -1.835858721142358263e-01 -3.341846542838311507e-02 -3.249690834306306897e-01 -5.186318913251852791e-02 -2.275454492610720081e-01 -3.346947939477331602e-01 -3.727295627769819930e-01 1.470160686121744220e-01 -1.004864266771505754e-01 -2.811874561328409072e-02 4.764154112069718394e-02 3.425906628980897040e-01 3.504032959730523089e-01 -4.847815943520572546e-02 6.524717293996218359e-02 2.805747680769741237e-01 1.189898994826990020e-01 -1.114434506478687581e-01 2.584969205030347439e-01 2.328629633003629351e-01 5.409674207180614758e-02
-6.767250804136892839e-01 -6.711064958111592205e-01 2.880208721778672043e-01 -2.472300494252976932e-01 7.265123601297318601e-02 9.573094618798450028e-02 7.922673137653646336e-02 -1.374604298729309448e-01 -5.237873604917240300e-01 -1.663245974806955019e-01 7.338861418111264356e-02 -2.655033256893375437e-01 -2.724250624311252977e-03 -6.841778294551659201e-02 -1.724010498629979793e-01 -2.117821775770210024e-01 2.303530046040123125e-01 -7.769533881236156958e-02 2.174503909151610515e-01 -1.398435350480156103e-01 3.504032959730523089e-01 6.832999163463284731e-01 -1.619791924020148599e-01 5.329009662369799116e-02 1.546602314419942559e-01 1.848554964723803096e-01 -3.241146613180490021e-02 1.701498211921830261e-01 6.175590600718123824e-01 2.843538981397273346e-01
4.438798122440061888e-01 1.319211897221066465e-01 3.071762283397561077e-01 -4.475609240046196646e-02 1.630397500017579659e-01 1.660232039034781337e-01 -1.654966200414378363e-01 -5.849061343059247520e-02 3.976514683301957120e-02 -1.775804888151810701e-01 1.131297601233427486e-02 1.188463386620242090e-02 -7.940913262393678451e-02 -2.261965119208753094e-01 -1.895120719411806931e-01 -1.140790223511771728e-01 -1.424722802718179082e-01 -5.372507907637213975e-02 -1.009780721607285159e-01 1.057841682025468799e-01 -4.847815943520572546e-02 -1.619791924020148599e-01 2.817218874776585835e-01 2.486671351118729945e-02 2.414875703717598299e-01 3.727274829276439050e-02 -4.599589632175593579e-02 1.589112582545908481e-01 -3.038932892417847142e-01 -2.120052500295628306e-01
-5.049926001836411160e-01 -8.667469374306620011e-01 -9.017231773390221861e-02 -3.204142182300984132e-02 -9.935767468431322413e-02 2.482684662038536771e-01 4.059882855608520913e-02 6.140989168928854269e-01 -2.541630305275361934e-01 2.087672199681378515e-01 4.352872876489755072e-02 -5.352376225550870004e-01 -3.757688298753691925e-02 2.865549462721901364e-01 1.269006652445341388e-01 2.151665274440688336e-01 -3.680917276178092834e-01 1.138277706544386092e-01 8.798993780803243681e-02 -3.793304599417979261e-01 6.524717293996218359e-02 5.329009662369799116e-02 2.486671351118729945e-02 3.310331818464078424e-01 -4.636107983424153645e-02 2.813198721826779547e-01 4.893694672489345976e-02 1.515919086358508139e-02 4.631573424837824859e-01 -5.464113626430844306e-02
8.941129490806929425e-01 3.250594598196130391e-01 1.387317856909248803e+00 -1.812447352203889750e-01 5.345215419168880544e-01 3.557034783231074471e-01 -3.142798194401734690e-01 -5.769835134868799287e-01 -3.652275078972593292e-01 -6.108758861978458299e-01 -9.666778308070433923e-02 -1.445038740686754863e-01 -2.004826930848366828e-01 -7.267496343937978054e-01 -7.128571350514789629e-01 -7.833136993973539575e-01 2.142684127009601980e-01 -3.181758425838552284e-01 -2.965262980516740754e-01 4.428291797568704169e-01 2.805747680769741237e-01 1.546602314419942559e-01 2.414875703717598299e-01 -4.636107983424153645e-02 7.574591331483020440e-01 3.382038417009880504e-02 -2.773883252442601588e-01 5.804904234148011710e-01 -3.915858634143205563e-01 -1.590823420222022833e-01
-2.754227382200724605e-01 -1.109547415032864137e+00 1.444594355185699897e-01 -5.478129505968354351e-02 -1.603613364966349764e-02 4.031676113724529387e-01 -3.229021813575627675e-02 5.819353558493389755e-01 -3.846348344289935994e-01 7.987448022305443374e-02 6.553633571843420214e-02 -5.941258976943117887e-01 -1.613285980843102152e-01 2.071188673610890874e-01 -2.478885063271718536e-02 7.043037278913288901e-02 -3.738658100116936112e-01 8.479630639624247124e-02 6.228104977572002099e-02 -5.268409439258334714e-01 1.189898994826990020e-01 1.848554964723803096e-01 3.727274829276439050e-02 2.813198721826779547e-01 3.382038417009880504e-02 4.857226014764819411e-01 -6.241114120575730340e-02 9.256054912367517318e-02 6.487044048464554180e-01 3.322761551800113011e-02
-6.210214315191251444e-01 -2.232753368621729351e-01 -6.902507410287626044e-01 -4.988670279533380381e-02 -1.405539188817783725e-01 -1.543387317039446316e-01 1.204833482258322874e-01 2.688775736380080161e-01 7.515773526438351837e-02 2.406177324049849631e-01 8.203175103943749491e-02 5.390117567571905965e-03 2.099716225587826557e-01 1.818293228581069343e-01 3.160931203300378911e-01 3.896404430416851028e-01 -8.512964864445393687e-02 1.013767049093985406e-01 2.051572862039847678e-01 -6.662175518931690021e-02 -1.114434506478687581e-01 -3.241146613180490021e-02 -4.599589632175593579e-02 4.893694672489345976e-02 -2.773883252442601588e-01 -6.241114120575730340e-02 3.248823125360331687e-01 -1.851623439594050069e-01 9.124844083140715156e-02 8.419508968188438303e-02
5.362426619375355585e-01 -4.501615265286318390e-02 1.085227051495280648e+00 -1.643217774521872343e-01 4.437803916553093586e-01 3.565268986774299265e-01 -2.028166383704501641e-01 -3.093738281544347046e-01 -3.923832522324914862e-01 -4.580770503576445662e-01 -2.476835466273996644e-02 -2.468218891685864946e-01 -1.630957255689509111e-01 -5.929314263067340107e-01 -5.542669795273127420e-01 -6.098302371527779542e-01 1.227219644360957318e-01 -2.527742900797420589e-01 -2.198413351147507910e-01 2.710259472834195549e-01 2.584969205030347439e-01 1.701498211921830261e-01 1.589112582545908481e-01 1.515919086358508139e-02 5.804904234148011710e-01 9.256054912367517318e-02 -1.851623439594050069e-01 5.310997925594165281e-01 -1.169099287401991205e-01 -8.400159399428730467e-02
-1.669615231093359853e+00 -2.310524096461392674e+00 -6.148362644851772529e-01 -1.039878510144944812e-01 -3.534896277299139911e-01 3.324929790072133073e-01 3.383168226355337538e-01 1.130738847477857689e+00 -6.598116586352489321e-01 4.538883018587398510e-01 2.732317096627525643e-01 -9.021847665173936548e-01 -4.240321625570686592e-02 7.169803939081020872e-01 3.708821971844145082e-01 4.810404997774639924e-01 -4.575824805951924645e-01 2.934257958719967974e-01 4.336974740426455810e-01 -1.109450741191096768e+00 2.328629633003629351e-01 6.175590600718123824e-01 -3.038932892417847142e-01 4.631573424837824859e-01 -3.915858634143205563e-01 6.487044048464554180e-01 9.124844083140715156e-02 -1.169099287401991205e-01 1.765285267089780064e+00 3.927636944176242650e-01
-5.753969093203750163e-01 -4.068272781795485571e-01 -4.239852095099081453e-01 -1.114342303055764205e-01 7.850304077123837487e-04 -1.072599376327048049e-01 1.258242308255717035e-01 9.367942802555262460e-03 -1.681827349247555503e-01 7.762865312434996667e-02 7.133810041921151424e-02 3.268731919132505936e-02 1.290632887753417890e-01 6.658573607626294688e-02 1.053377958801888781e-01 1.182484492063053949e-01 1.806393136572523872e-01 1.491465379001510883e-02 1.947962520334272085e-01 -1.358746887429447270e-01 5.409674207180614758e-02 2.843538981397273346e-01 -2.120052500295628306e-01 -5.464113626430844306e-02 -1.590823420222022833e-01 3.322761551800113011e-02 8.419508968188438303e-02 -8.400159399428730467e-02 3.927636944176242650e-01 4.628377787590807202e-01
