4.380118308995974985e+00 2.657401518051415223e+00 2.454733625078688419e+00 3.172007621071770700e-01 5.976833564843673230e-01 4.196794416992588594e-01 -8.173609329251121380e-01 -1.480982635382133594e+00 2.009084062209467447e-01 -1.134281996788160995e+00 -1.005155870259727635e+00 4.354673906842663200e-01 -5.588484247817291362e-01 -1.244000522650480889e+00 -1.319974029130776216e+00 -1.608527514043998963e+00 2.648254645816336961e-01 -7.065478972074856756e-01 -1.257831014388102631e+00 1.188123979723627599e+00 -5.267229761210501238e-02 -7.479124073742013934e-01 7.060380422478829132e-01 -3.935552559005941475e-01 9.102701614719990175e-01 -1.200273159753919572e-01 -5.808935268349841863e-01 5.171721852163386757e-01 -1.563905863042009514e+00 -4.571469652546511497e-01
2.657401518051415223e+00 3.267503337739469771e+00 1.283186577556534758e+00 2.771784688166007982e-01 -5.748837913358784135e-03 -5.327222769595891805e-01 -3.724110496507364587e-01 -2.018970753408495966e+00 5.510030390551605706e-01 -7.319671258816242698e-01 -8.197723290812177765e-01 1.003165092726305829e+00 -1.273808982999753425e-01 -8.993424226358115448e-01 -7.711546505785236150e-01 -9.712087712545098839e-01 5.718992048145423723e-01 -4.146554770948682744e-01 -6.782199884648889565e-01 1.366712837542934267e+00 -1.444439434015407642e-01 -6.245889969837321587e-01 5.371073872024112461e-01 -5.250162929090720354e-01 5.063314096366866579e-01 -3.657503604499083849e-01 -3.140540778391027743e-01 6.486478402388229370e-02 -1.633638499733024219e+00 -1.353088877070263152e-01
2.454733625078688419e+00 1.283186577556534758e+00 4.109361771299347765e+00 -1.735128955006075557e-01 1.265243255989162208e+00 4.888273179115572020e-01 -5.459494734838017393e-01 -1.466763035421422501e+00 -1.384223900677000074e+00 -1.213551189713427902e+00 -8.319160233004367910e-01 -6.269140824505257115e-01 -7.896691703946316920e-01 -1.148379093490973446e+00 -1.504392667910849468e+00 -2.028560418179438329e+00 7.140145326510491941e-01 -6.976898115327117011e-01 -1.001472058361656536e+00 8.682767630444914175e-01 7.726669926449858394e-01 3.874807918730311940e-01 2.912119442630114463e-01 -9.889408754952455638e-02 1.598369685001841844e+00 -1.111697991137248209e-01 -6.313025157503489027e-01 1.312130607868027710e+00 -8.637048443097228301e-01 -4.274400363543691128e-01
3.172007621071770700e-01 2.771784688166007982e-01 -1.735128955006075557e-01 4.799753658032841486e-01 -2.330634984672883547e-01 -8.077992871074002323e-02 -2.256173122248128493e-02 1.716651468557301996e-01 3.534460962496268621e-01 1.468809340742041059e-01 -1.967241269791202285e-01 1.329263520899530704e-01 -5.352446974774238697e-02 2.807392911620354425e-01 4.338585419958462808e-02 3.000554049719994509e-02 -1.733326038919926759e-01 1.280804661024603774e-02 -1.916523455078049665e-01 -7.643818201700014470e-02 -1.382522650195028291e-01 -2.787423998237841261e-01 1.098118844373630054e-02 -2.332747184618710889e-02 -2.149091570506698190e-01 1.438940730338345020e-03 -5.247965267813015089e-02 -2.126733720793936300e-01 -6.244478534557629246e-02 -7.421337403093275498e-02
5.976833564843673230e-01 -5.748837913358784135e-03 1.265243255989162208e+00 -2.330634984672883547e-01 1.134517076325266771e+00 3.212815750273989579e-01 -2.581334107256338939e-01 -4.582140532708081082e-01 -6.260975790622183013e-01 -5.124369486654245520e-01 -1.856078756081842585e-01 -1.343756244277756196e-01 -4.819842573516552875e-02 -9.338637967715612831e-01 -5.240956206109785853e-01 -7.369633262954380371e-01 3.568219727517316642e-01 -3.476045223052324218e-01 -3.119495940776459975e-01 5.229724792281444934e-01 2.839332486629473351e-01 2.000064457175199095e-01 7.317162236870444758e-02 -8.969060251837390751e-02 6.813130318454909684e-01 -1.121761818319555459e-01 -1.212568871012535965e-01 6.217412965994526530e-01 -3.918727170320721598e-01 -2.733751579307863722e-02
4.196794416992588594e-01 -5.327222769595891805e-01 4.888273179115572020e-01 -8.077992871074002323e-02 3.212815750273989579e-01 7.154082287420351349e-01 -1.932202608398938537e-01 4.071885566704622761e-01 -2.600948006248700040e-01 -1.580710550716162288e-01 -8.837824057275156520e-02 -5.013189928382075777e-01 -1.657460769738463569e-01 -1.969869530762480281e-01 -2.998697893924031632e-01 -3.256276487886680115e-01 -1.886458021918429040e-01 -1.655081913452818299e-01 -2.087851336694086513e-01 -7.370744901402304095e-02 1.498916218426984415e-01 9.058562623340549180e-02 7.274275041430655619e-02 1.581589519919361919e-01 2.974409704507365859e-01 1.471730111402393959e-01 -1.091233477707191923e-01 3.245246676501665206e-01 1.320552900572806720e-01 -1.763716065245262143e-01
-8.173609329251121380e-01 -3.724110496507364587e-01 -5.459494734838017393e-01 -2.256173122248128493e-02 -2.581334107256338939e-01 -1.932202608398938537e-01 3.592838192890326354e-01 1.947442501643195101e-01 -6.239464277143724757e-03 2.702303697920456216e-01 2.735491255681949951e-01 7.421511061920682550e-03 9.137183253443481590e-02 2.711746497373042075e-01 3.389513032838635809e-01 3.334494401243546235e-01 1.841989830171542053e-02 1.713773800822764315e-01 2.161648046905497722e-01 -2.832693849337601932e-01 -1.751359695271048622e-02 8.055031909697163428e-02 -1.986833563922232315e-01 5.103500182951847819e-02 -3.099392345016553918e-01 -7.861783729367743945e-03 9.352322006560598311e-02 -2.011892838877429313e-01 3.624709687152289916e-01 1.006146376334982051e-01
-1.480982635382133594e+00 -2.018970753408495966e+00 -1.466763035421422501e+00 1.716651468557301996e-01 -4.582140532708081082e-01 4.071885566704622761e-01 1.947442501643195101e-01 2.029212811408967809e+00 7.572963849929692515e-02 8.681263028701096118e-01 2.841378580563969081e-01 -7.383757223939255709e-01 9.489526448055585206e-02 1.083148328302627306e+00 8.284514674646175081e-01 1.008237254737025523e+00 -8.576981934700711463e-01 4.196976237710146052e-01 3.141037294633406418e-01 -9.939884885679362014e-01 -1.983189799151432453e-01 -1.204522246458168411e-01 -2.357591503808293965e-01 4.751094358801424278e-01 -6.840012412824307830e-01 2.676170003946936049e-01 3.152022822196158813e-01 -3.663359212866907910e-01 9.005147025891915291e-01 -1.179205365953066575e-01
2.009084062209467447e-01 5.510030390551605706e-01 -1.384223900677000074e+00 3.534460962496268621e-01 -6.260975790622183013e-01 -2.600948006248700040e-01 -6.239464277143724757e-03 7.572963849929692515e-02 1.201251442583441076e+00 1.770862652968503426e-01 2.675427066876636673e-01 6.626521095872703881e-01 2.308987867658629511e-01 2.687025554649835613e-02 1.948720378954362786e-01 4.625060286580264801e-01 -3.459859900763149199e-01 1.144606432594059697e-01 9.140369045675811321e-02 3.921567086757704601e-02 -4.416920496945522245e-01 -5.190033316218318760e-01 1.908675711820251308e-01 -1.331010753433474747e-01 -4.740889201989375579e-01 1.938366318438511371e-02 4.337140619912815964e-02 -5.169174939707659178e-01 -1.985286594704120944e-01 2.504125283053326712e-03
-1.134281996788160995e+00 -7.319671258816242698e-01 -1.213551189713427902e+00 1.468809340742041059e-01 -5.124369486654245520e-01 -1.580710550716162288e-01 2.702303697920456216e-01 8.681263028701096118e-01 1.770862652968503426e-01 8.020204063417395446e-01 6.417355508750688386e-02 -1.921781829201449909e-01 1.260945000537390115e-01 9.651215056348974031e-01 7.045176151241889784e-01 8.026729392061042745e-01 -3.387122968435392067e-01 4.135616803253014950e-01 2.785792703922993496e-01 -5.791894372112551537e-01 -1.901309958636829833e-01 -1.663690488550173541e-01 -2.333991369211503297e-01 1.918506405650077795e-01 -6.450790120749729795e-01 5.154325176482643656e-02 2.302693269206770310e-01 -4.807482906905420350e-01 4.467401310974423723e-01 3.664668875012466742e-02
-1.005155870259727635e+00 -8.197723290812177765e-01 -8.319160233004367910e-01 -1.967241269791202285e-01 -1.856078756081842585e-01 -8.837824057275156520e-02 2.735491255681949951e-01 2.841378580563969081e-01 2.675427066876636673e-01 6.417355508750688386e-02 1.034450020174688234e+00 4.376055445641213737e-02 2.325112591279321350e-01 -2.537724218335029036e-01 2.433679302906170960e-01 4.088252944297323666e-01 -1.965828416885528895e-01 1.714824088488740017e-01 3.748059900950693191e-01 -3.222939129203723496e-01 -4.643163646778702969e-02 1.257079950237880439e-01 -6.290741171483205108e-02 4.968749830425167602e-02 -1.940743482386437790e-01 9.573104520433162179e-02 1.041748846216705715e-01 -8.361889101308861427e-02 4.266183142668751316e-01 8.671060216636305995e-02
4.354673906842663200e-01 1.003165092726305829e+00 -6.269140824505257115e-01 1.329263520899530704e-01 -1.343756244277756196e-01 -5.013189928382075777e-01 7.421511061920682550e-03 -7.383757223939255709e-01 6.626521095872703881e-01 -1.921781829201449909e-01 4.376055445641213737e-02 1.030123805458799779e+00 2.324057203818483686e-01 -3.573257331781860557e-01 3.288351718424564751e-04 7.624652175280743904e-02 1.747487382999679539e-01 -6.051446927767756279e-02 5.067424072962012360e-02 4.026215806919140050e-01 -2.936829607103845774e-01 -2.660129101017503217e-01 1.474538649562191495e-01 -3.417304988224145745e-01 -1.777897216236397071e-01 -1.269754096832684809e-01 -4.138668794723798783e-02 -2.991602023537325294e-01 -4.146975919875330874e-01 1.724427540301576300e-01
-5.588484247817291362e-01 -1.273808982999753425e-01 -7.896691703946316920e-01 -5.352446974774238697e-02 -4.819842573516552875e-02 -1.657460769738463569e-01 9.137183253443481590e-02 9.489526448055585206e-02 2.308987867658629511e-01 1.260945000537390115e-01 2.325112591279321350e-01 2.324057203818483686e-01 4.030164726650014018e-01 -1.569491912508169662e-01 2.501299795966929196e-01 2.762746101333846127e-01 1.787522690398191116e-02 5.269683856451479187e-02 1.881996390492588489e-01 9.404232842950932536e-02 -1.073353900437155062e-01 -2.667461055850139928e-02 -6.210527943733268330e-02 -3.900004822349956157e-02 -2.357888453952341479e-01 -6.896799292076138954e-02 1.849884304185707151e-01 -2.101202613246186957e-01 2.427649060837211437e-02 1.506309340846314626e-01
-1.244000522650480889e+00 -8.993424226358115448e-01 -1.148379093490973446e+00 2.807392911620354425e-01 -9.338637967715612831e-01 -1.969869530762480281e-01 2.711746497373042075e-01 1.083148328302627306e+00 2.687025554649835613e-02 9.651215056348974031e-01 -2.537724218335029036e-01 -3.573257331781860557e-01 -1.569491912508169662e-01 1.864856235023637510e+00 8.081404789793964483e-01 9.952903670433670413e-01 -4.868618708401868389e-01 5.559777180051241885e-01 3.796892182772637625e-01 -1.030711823156195805e+00 -1.925065827285266096e-01 -5.172113717458159954e-02 -2.997021730366782322e-01 2.899249520292528359e-01 -8.058911086237685595e-01 1.834897032651952031e-01 1.867443101661478977e-01 -6.334529417811722851e-01 7.727595849542581163e-01 2.754083030941956167e-02
-1.319974029130776216e+00 -7.711546505785236150e-01 -1.504392667910849468e+00 4.338585419958462808e-02 -5.240956206109785853e-01 -2.998697893924031632e-01 3.389513032838635809e-01 8.284514674646175081e-01 1.948720378954362786e-01 7.045176151241889784e-01 2.433679302906170960e-01 3.288351718424564751e-04 2.501299795966929196e-01 8.081404789793964483e-01 9.655015043290404719e-01 9.650582507730121051e-01 -2.737287926278213490e-01 4.068407526986561606e-01 4.112562891482696159e-01 -5.256379896617886516e-01 -3.009314100219739885e-01 -1.381825998073225037e-01 -2.306610822121228921e-01 1.298339395636389781e-01 -7.153789125591742959e-01 1.086127138916026524e-02 3.062272786620496845e-01 -5.397631695210520775e-01 4.344565978297509901e-01 1.015901722486773906e-01
-1.608527514043998963e+00 -9.712087712545098839e-01 -2.028560418179438329e+00 3.000554049719994509e-02 -7.369633262954380371e-01 -3.256276487886680115e-01 3.334494401243546235e-01 1.008237254737025523e+00 4.625060286580264801e-01 8.026729392061042745e-01 4.088252944297323666e-01 7.624652175280743904e-02 2.762746101333846127e-01 9.952903670433670413e-01 9.650582507730121051e-01 1.301391539176904644e+00 -4.755741892926153014e-01 5.595266542702859169e-01 6.199605190165300428e-01 -6.926449827115561675e-01 -3.854281636686494039e-01 -2.080617001828102275e-01 -1.733312494474148480e-01 1.765549921568094760e-01 -8.679461382282909199e-01 1.018713852561745625e-01 3.792479295053681199e-01 -6.792188956085283280e-01 5.354979439887870285e-01 1.204771182507329286e-01
2.648254645816336961e-01 5.718992048145423723e-01 7.140145326510491941e-01 -1.733326038919926759e-01 3.568219727517316642e-01 -1.886458021918429040e-01 1.841989830171542053e-02 -8.576981934700711463e-01 -3.459859900763149199e-01 -3.387122968435392067e-01 -1.965828416885528895e-01 1.747487382999679539e-01 1.787522690398191116e-02 -4.868618708401868389e-01 -2.737287926278213490e-01 -4.755741892926153014e-01 6.749592297384765516e-01 -2.246081003756330574e-01 -8.603230624044044816e-02 3.466466236077394569e-01 2.171867904608575373e-01 3.099659321303818160e-01 -1.248141034859031606e-01 -1.924804593285216470e-01 2.691907739240377850e-01 -1.536746193750104794e-01 -1.014065195597595448e-01 1.933737284426229053e-01 -1.306957177765184497e-01 2.209047174458191876e-01
-7.065478972074856756e-01 -4.146554770948682744e-01 -6.976898115327117011e-01 1.280804661024603774e-02 -3.476045223052324218e-01 -1.655081913452818299e-01 1.713773800822764315e-01 4.196976237710146052e-01 1.144606432594059697e-01 4.135616803253014950e-01 1.714824088488740017e-01 -6.051446927767756279e-02 5.269683856451479187e-02 5.559777180051241885e-01 4.068407526986561606e-01 5.595266542702859169e-01 -2.246081003756330574e-01 3.751550016567648527e-01 2.568955792074518740e-01 -3.811926175411599615e-01 -1.304777516609192389e-01 -1.213564474487043299e-01 -6.464124378749147581e-02 8.774694727412679640e-02 -3.523615560817745518e-01 5.331406113009506953e-02 1.044809912087885095e-01 -2.865998879373705677e-01 2.322299376042451513e-01 -3.449340522570309986e-02
-1.257831014388102631e+00 -6.782199884648889565e-01 -1.001472058361656536e+00 -1.916523455078049665e-01 -3.119495940776459975e-01 -2.087851336694086513e-01 2.161648046905497722e-01 3.141037294633406418e-01 9.140369045675811321e-02 2.785792703922993496e-01 3.748059900950693191e-01 5.067424072962012360e-02 1.881996390492588489e-01 3.796892182772637625e-01 4.112562891482696159e-01 6.199605190165300428e-01 -8.603230624044044816e-02 2.568955792074518740e-01 5.558669491838088561e-01 -3.375859457794376794e-01 -5.923121219979066154e-02 2.200490428279522348e-01 -1.636857128065400957e-01 6.289361176848728974e-02 -3.602563940670222564e-01 5.413926249096334686e-02 2.106085800975847633e-01 -2.690803244182120579e-01 4.547351391331346804e-01 1.857572501396589360e-01
1.188123979723627599e+00 1.366712837542934267e+00 8.682767630444914175e-01 -7.643818201700014470e-02 5.229724792281444934e-01 -7.370744901402304095e-02 -2.832693849337601932e-01 -9.939884885679362014e-01 3.921567086757704601e-02 -5.791894372112551537e-01 -3.222939129203723496e-01 4.026215806919140050e-01 9.404232842950932536e-02 -1.030711823156195805e+00 -5.256379896617886516e-01 -6.926449827115561675e-01 3.466466236077394569e-01 -3.811926175411599615e-01 -3.375859457794376794e-01 1.059787735366626293e+00 5.860966647873055990e-02 -1.508844651369258827e-01 2.434359166278454722e-01 -2.653896741844050666e-01 5.204748953593139049e-01 -2.706172406743689862e-01 -9.427795727805232673e-02 3.173711098804119501e-01 -9.219443174447405909e-01 -2.851788010019618014e-02
-5.267229761210501238e-02 -1.444439434015407642e-01 7.726669926449858394e-01 -1.382522650195028291e-01 2.839332486629473351e-01 1.498916218426984415e-01 -1.751359695271048622e-02 -1.983189799151432453e-01 -4.416920496945522245e-01 -1.901309958636829833e-01 -4.643163646778702969e-02 -2.936829607103845774e-01 -1.073353900437155062e-01 -1.925065827285266096e-01 -3.009314100219739885e-01 -3.854281636686494039e-01 2.171867904608575373e-01 -1.304777516609192389e-01 -5.923121219979066154e-02 5.860966647873055990e-02 3.128085463829961554e-01 3.512547148835380995e-01 -1.011613966427944433e-01 3.366125645050033199e-02 3.090821919707309462e-01 4.921145253888425941e-03 -1.110042996274955840e-01 2.902274564908111643e-01 1.182117865590157635e-01 8.760372160281804099e-03
-7.479124073742013934e-01 -6.245889969837321587e-01 3.874807918730311940e-01 -2.787423998237841261e-01 2.000064457175199095e-01 9.058562623340549180e-02 8.055031909697163428e-02 -1.204522246458168411e-01 -5.190033316218318760e-01 -1.663690488550173541e-01 1.257079950237880439e-01 -2.660129101017503217e-01 -2.667461055850139928e-02 -5.172113717458159954e-02 -1.381825998073225037e-01 -2.080617001828102275e-01 3.099659321303818160e-01 -1.213564474487043299e-01 2.200490428279522348e-01 -1.508844651369258827e-01 3.512547148835380995e-01 7.312259926358990469e-01 -2.643807740604131595e-01 2.617810970190248554e-02 1.834634700797153073e-01 4.710374886946055994e-02 -2.812676340914777029e-02 2.124711323087353776e-01 5.292430458514445490e-01 2.171833083232854733e-01
7.060380422478829132e-01 5.371073872024112461e-01 2.912119442630114463e-01 1.098118844373630054e-02 7.317162236870444758e-02 7.274275041430655619e-02 -1.986833563922232315e-01 -2.357591503808293965e-01 1.908675711820251308e-01 -2.333991369211503297e-01 -6.290741171483205108e-02 1.474538649562191495e-01 -6.210527943733268330e-02 -2.997021730366782322e-01 -2.306610822121228921e-01 -1.733312494474148480e-01 -1.248141034859031606e-01 -6.464124378749147581e-02 -1.636857128065400957e-01 2.434359166278454722e-01 -1.011613966427944433e-01 -2.643807740604131595e-01 3.673088567422269080e-01 -4.842130823527668326e-02 2.499487047903130588e-01 9.968943088551895926e-04 -4.947361069326916549e-02 1.286172424440792383e-01 -4.988388703248460843e-01 -2.079178225941973324e-01
-3.935552559005941475e-01 -5.250162929090720354e-01 -9.889408754952455638e-02 -2.332747184618710889e-02 -8.969060251837390751e-02 1.581589519919361919e-01 5.103500182951847819e-02 4.751094358801424278e-01 -1.331010753433474747e-01 1.918506405650077795e-01 4.968749830425167602e-02 -3.417304988224145745e-01 -3.900004822349956157e-02 2.899249520292528359e-01 1.298339395636389781e-01 1.765549921568094760e-01 -1.924804593285216470e-01 8.774694727412679640e-02 6.289361176848728974e-02 -2.653896741844050666e-01 3.366125645050033199e-02 2.617810970190248554e-02 -4.842130823527668326e-02 2.065357713234448056e-01 -5.909707688476828480e-02 8.497605047182332783e-02 4.897982653801591368e-02 6.467508668663413118e-03 2.213002372991468292e-01 -9.119095722797965209e-02
9.102701614719990175e-01 5.063314096366866579e-01 1.598369685001841844e+00 -2.149091570506698190e-01 6.813130318454909684e-01 2.974409704507365859e-01 -3.099392345016553918e-01 -6.840012412824307830e-01 -4.740889201989375579e-01 -6.450790120749729795e-01 -1.940743482386437790e-01 -1.777897216236397071e-01 -2.357888453952341479e-01 -8.058911086237685595e-01 -7.153789125591742959e-01 -8.679461382282909199e-01 2.691907739240377850e-01 -3.523615560817745518e-01 -3.602563940670222564e-01 5.204748953593139049e-01 3.090821919707309462e-01 1.834634700797153073e-01 2.499487047903130588e-01 -5.909707688476828480e-02 8.603703521515910779e-01 -4.441933235568740201e-02 -2.698793949209061793e-01 6.798143425948524055e-01 -4.988730987398071193e-01 -1.562972909555924161e-01
-1.200273159753919572e-01 -3.657503604499083849e-01 -1.111697991137248209e-01 1.438940730338345020e-03 -1.121761818319555459e-01 1.471730111402393959e-01 -7.861783729367743945e-03 2.676170003946936049e-01 1.938366318438511371e-02 5.154325176482643656e-02 9.573104520433162179e-02 -1.269754096832684809e-01 -6.896799292076138954e-02 1.834897032651952031e-01 1.086127138916026524e-02 1.018713852561745625e-01 -1.536746193750104794e-01 5.331406113009506953e-02 5.413926249096334686e-02 -2.706172406743689862e-01 4.921145253888425941e-03 4.710374886946055994e-02 9.968943088551895926e-04 8.497605047182332783e-02 -4.441933235568740201e-02 1.578504462833620892e-01 -2.797178737176864161e-02 -1.482079557928273061e-02 1.965334102893621093e-01 -5.451212614900668996e-02
-5.808935268349841863e-01 -3.140540778391027743e-01 -6.313025157503489027e-01 -5.247965267813015089e-02 -1.212568871012535965e-01 -1.091233477707191923e-01 9.352322006560598311e-02 3.152022822196158813e-01 4.337140619912815964e-02 2.302693269206770310e-01 1.041748846216705715e-01 -4.138668794723798783e-02 1.849884304185707151e-01 1.867443101661478977e-01 3.062272786620496845e-01 3.792479295053681199e-01 -1.014065195597595448e-01 1.044809912087885095e-01 2.106085800975847633e-01 -9.427795727805232673e-02 -1.110042996274955840e-01 -2.812676340914777029e-02 -4.947361069326916549e-02 4.897982653801591368e-02 -2.698793949209061793e-01 -2.797178737176864161e-02 3.174997218453654568e-01 -1.672585718048367198e-01 1.023189133370578929e-01 7.225780711746665474e-02
5.171721852163386757e-01 6.486478402388229370e-02 1.312130607868027710e+00 -2.126733720793936300e-01 6.217412965994526530e-01 3.245246676501665206e-01 -2.011892838877429313e-01 -3.663359212866907910e-01 -5.169174939707659178e-01 -4.807482906905420350e-01 -8.361889101308861427e-02 -2.991602023537325294e-01 -2.101202613246186957e-01 -6.334529417811722851e-01 -5.397631695210520775e-01 -6.792188956085283280e-01 1.933737284426229053e-01 -2.865998879373705677e-01 -2.690803244182120579e-01 3.173711098804119501e-01 2.902274564908111643e-01 2.124711323087353776e-01 1.286172424440792383e-01 6.467508668663413118e-03 6.798143425948524055e-01 -1.482079557928273061e-02 -1.672585718048367198e-01 6.435723381615048311e-01 -2.277407921506551247e-01 -1.236519719020066077e-01
-1.563905863042009514e+00 -1.633638499733024219e+00 -8.637048443097228301e-01 -6.244478534557629246e-02 -3.918727170320721598e-01 1.320552900572806720e-01 3.624709687152289916e-01 9.005147025891915291e-01 -1.985286594704120944e-01 4.467401310974423723e-01 4.266183142668751316e-01 -4.146975919875330874e-01 2.427649060837211437e-02 7.727595849542581163e-01 4.344565978297509901e-01 5.354979439887870285e-01 -1.306957177765184497e-01 2.322299376042451513e-01 4.547351391331346804e-01 -9.219443174447405909e-01 1.182117865590157635e-01 5.292430458514445490e-01 -4.988388703248460843e-01 2.213002372991468292e-01 -4.988730987398071193e-01 1.965334102893621093e-01 1.023189133370578929e-01 -2.277407921506551247e-01 1.280563621561952914e+00 2.363587429207427704e-01
-4.571469652546511497e-01 -1.353088877070263152e-01 -4.274400363543691128e-01 -7.421337403093275498e-02 -2.733751579307863722e-02 -1.763716065245262143e-01 1.006146376334982051e-01 -1.179205365953066575e-01 2.504125283053326712e-03 3.664668875012466742e-02 8.671060216636305995e-02 1.724427540301576300e-01 1.506309340846314626e-01 2.754083030941956167e-02 1.015901722486773906e-01 1.204771182507329286e-01 2.209047174458191876e-01 -3.449340522570309986e-02 1.857572501396589360e-01 -2.851788010019618014e-02 8.760372160281804099e-03 2.171833083232854733e-01 -2.079178225941973324e-01 -9.119095722797965209e-02 -1.562972909555924161e-01 -5.451212614900668996e-02 7.225780711746665474e-02 -1.236519719020066077e-01 2.363587429207427704e-01 3.719409719716395557e-01
