4.393198560831365285e+00 2.591885975872344261e+00 2.404613779638793858e+00 2.482475439303470921e-01 5.478186033172960379e-01 4.552801617260797684e-01 -7.997634301387961386e-01 -1.580556921496736322e+00 3.857434578640095424e-01 -1.191091557386073418e+00 -6.874005657350039655e-01 6.511621995028349374e-01 -6.101536933384750228e-01 -1.125553235280392528e+00 -1.270572975610832600e+00 -1.694706513302776330e+00 7.368639123558295978e-01 -8.375332759197249288e-01 -1.259899817382404308e+00 1.419489071462805896e+00 -1.802156174351807749e-01 -6.930323689459783054e-01 5.518217406873873188e-01 -6.131818912729727344e-01 9.981185367059879354e-01 -4.523920002914678662e-01 -5.053997414498780927e-01 6.090832174626825690e-01 -2.001977689656712300e+00 -4.898975665660145751e-01
2.591885975872344261e+00 2.982687015555484322e+00 1.273580500901914547e+00 2.830906550101985886e-01 -2.098198440148735244e-02 -3.583409053369450703e-01 -3.782975323825894520e-01 -1.764971160608808987e+00 6.635582737679328602e-01 -7.084622927214923038e-01 -5.917794707997359183e-01 9.490290356514492487e-01 -1.887486449165294289e-01 -6.493686282541375476e-01 -6.847832695179931761e-01 -1.034054999696365940e+00 8.877041105950524980e-01 -5.492327721862579892e-01 -7.252089738250049322e-01 1.385067736709231667e+00 -2.009167175360175861e-01 -5.386596951319688742e-01 2.847885746407996521e-01 -6.316005298967866111e-01 5.468312165064617147e-01 -6.472590082943270318e-01 -2.457188040847313459e-01 1.516253166871024405e-01 -1.865887529532415101e+00 -2.155743049314082782e-01
2.404613779638793858e+00 1.273580500901914547e+00 3.870206958915105133e+00 -2.010892093771303735e-01 1.170776189911009624e+00 4.230888445260916342e-01 -5.395977712689727923e-01 -1.506504502864686401e+00 -1.223482363903940495e+00 -1.213737099661159391e+00 -5.642716754745720209e-01 -3.604855219116416265e-01 -8.614406718510281280e-01 -8.685154507763286347e-01 -1.356042248105211456e+00 -2.019572892869803127e+00 1.132059164422514641e+00 -7.616142331023070255e-01 -9.853614547113238586e-01 1.074980947291749089e+00 6.346069518144190624e-01 3.946692556620519099e-01 1.306457538735230628e-01 -2.673238178079486715e-01 1.626864947509886861e+00 -4.808562105258147312e-01 -4.515162576246893877e-01 1.394652128932193591e+00 -1.361895692708287697e+00 -5.074382362678306890e-01
2.482475439303470921e-01 2.830906550101985886e-01 -2.010892093771303735e-01 4.660187160825444153e-01 -2.148093722920521031e-01 -1.408556010925394730e-01 -1.296634556979370245e-03 1.753578685082288757e-01 3.554234832822089629e-01 1.716245317707034701e-01 -1.850051411158233350e-01 1.411755939935233073e-01 -4.446117325579734825e-02 3.022522130908100735e-01 1.089244628739152176e-01 4.924514332464013933e-02 -1.882957612867244279e-01 -3.080830704107029305e-03 -1.858882122910472390e-01 -7.625412295607247870e-02 -1.677393966807585457e-01 -2.678297654742323175e-01 -8.658708617872434843e-03 -2.531619551643871091e-02 -2.248558907959932185e-01 -1.994970425045039519e-02 -2.064057706240873813e-02 -2.108034900479651697e-01 -6.772754083863219421e-02 -4.680107256103838154e-02
5.478186033172960379e-01 -2.098198440148735244e-02 1.170776189911009624e+00 -2.148093722920521031e-01 1.062554926127290855e+00 2.848403590840575816e-01 -2.287558767051223185e-01 -4.747680405565688488e-01 -6.273518238782571643e-01 -4.842519873816399922e-01 -1.561984617382563556e-01 -4.384077862630419986e-02 -7.793360671382743021e-02 -8.144930109469328272e-01 -4.938074409679416021e-01 -7.458321484463112938e-01 4.696499608604085552e-01 -3.547135899068507570e-01 -3.355536276930592976e-01 6.026983689635585506e-01 2.416548700784915127e-01 1.881315837825354720e-01 5.962962850105668622e-02 -1.043589865081457901e-01 6.947806487523280339e-01 -1.947670702574555435e-01 -4.534996002246316493e-02 6.564062564131631916e-01 -5.333245090545801759e-01 -2.784924383780662538e-02
4.552801617260797684e-01 -3.583409053369450703e-01 4.230888445260916342e-01 -1.408556010925394730e-01 2.848403590840575816e-01 5.867598567909340090e-01 -1.664003557965543223e-01 2.015747646023555717e-01 -2.286358768266154584e-01 -2.018810133148463137e-01 -3.550344367357638475e-02 -3.284547249086813281e-01 -1.663291142805292111e-01 -2.552909090260868652e-01 -2.856693704734993844e-01 -3.078915347263659896e-01 -9.893512405960791511e-02 -1.373953976698203405e-01 -1.674775669723658211e-01 4.071032577746791503e-02 1.133067738289810222e-01 6.138241457159665515e-02 1.255236565174300267e-01 1.027647746997217837e-01 3.101970258360893240e-01 1.019873077731290323e-01 -8.305466322798338297e-02 3.239756623257790125e-01 -6.566862722763744387e-03 -1.627101813764397775e-01
-7.997634301387961386e-01 -3.782975323825894520e-01 -5.395977712689727923e-01 -1.296634556979370245e-03 -2.287558767051223185e-01 -1.664003557965543223e-01 3.346801916415529377e-01 2.455015577760377710e-01 -2.397948047263298577e-02 2.791852157768630605e-01 2.095944742916344694e-01 -4.102058473063152633e-02 1.068460433403402021e-01 2.400546623677541902e-01 3.176906523232219115e-01 3.504747703551061022e-01 -8.320940893173656150e-02 1.836577661254636951e-01 2.091039267775727239e-01 -3.290040111052690008e-01 5.654667648400391045e-04 6.291844911123689599e-02 -1.689476120346284915e-01 9.221013096316710289e-02 -3.244882206473107544e-01 5.420756066098419979e-02 7.680612476821124801e-02 -2.176611197647275731e-01 4.388557098450291960e-01 1.000685520730257849e-01
-1.580556921496736322e+00 -1.764971160608808987e+00 -1.506504502864686401e+00 1.753578685082288757e-01 -4.747680405565688488e-01 2.015747646023555717e-01 2.455015577760377710e-01 1.882952824741948916e+00 2.298272614285679083e-02 9.108161898313369420e-01 1.015748445665280997e-01 -7.264828215664351774e-01 1.652110024248827358e-01 9.581470307825838972e-01 8.683166598353864174e-01 1.118435036732421395e+00 -1.140329016101304660e+00 4.990187338998453015e-01 3.634433240244447916e-01 -1.046479669098403065e+00 -1.954315143407825417e-01 -1.768043362444586819e-01 -8.971723989350266493e-02 5.787506598308027606e-01 -7.586663982650634352e-01 4.632110533346462944e-01 2.937962852972191286e-01 -4.627377766183258245e-01 1.110379803450939562e+00 -3.602160197129933294e-02
3.857434578640095424e-01 6.635582737679328602e-01 -1.223482363903940495e+00 3.554234832822089629e-01 -6.273518238782571643e-01 -2.286358768266154584e-01 -2.397948047263298577e-02 2.298272614285679083e-02 1.233912594751700453e+00 1.350997740202615205e-01 2.274330240584845342e-01 6.297720330945253409e-01 2.200960346173701510e-01 -4.703162184097209320e-02 1.316879212188837300e-01 3.963743950693014995e-01 -3.336323723526106733e-01 9.807161223506000169e-02 6.058798562264655629e-02 4.540121783998074534e-02 -4.221643199537652436e-01 -5.314021821166363679e-01 1.997615438078810257e-01 -1.708437324228953003e-01 -4.580513651141018272e-01 3.784645921240326061e-02 -4.615390054499357575e-02 -5.398918057974810836e-01 -1.889667140432038650e-01 -2.164672064964179299e-03
-1.191091557386073418e+00 -7.084622927214923038e-01 -1.213737099661159391e+00 1.716245317707034701e-01 -4.842519873816399922e-01 -2.018810133148463137e-01 2.791852157768630605e-01 9.108161898313369420e-01 1.350997740202615205e-01 8.382765412976596053e-01 -5.440188063164441701e-02 -2.788135036198013950e-01 1.750340609778504586e-01 9.046016825265610350e-01 7.140439032760923510e-01 8.858595580793462432e-01 -5.782913650649561532e-01 4.673685249928212215e-01 3.025533662575412563e-01 -7.027027561323393456e-01 -1.686221767048436959e-01 -1.976257699757297814e-01 -1.658718857547114567e-01 2.762998911474596753e-01 -7.114359791215747464e-01 2.109546913829944970e-01 1.926593732862329489e-01 -5.523797029782144818e-01 6.676105813500612385e-01 7.758194519595917882e-02
-6.874005657350039655e-01 -5.917794707997359183e-01 -5.642716754745720209e-01 -1.850051411158233350e-01 -1.561984617382563556e-01 -3.550344367357638475e-02 2.095944742916344694e-01 1.015748445665280997e-01 2.274330240584845342e-01 -5.440188063164441701e-02 9.091846479672085479e-01 4.931107029187842272e-02 2.066024388291225478e-01 -4.342090112244818556e-01 5.550143500124704588e-02 2.484352967641711984e-01 -1.624788207045639865e-01 1.510443891314139364e-01 3.093712021544376967e-01 -2.359261888058199474e-01 3.697227200473207631e-02 1.164121295349787033e-01 1.332074430911234231e-02 3.317139570492599887e-02 -1.076147191561176442e-01 1.517888672330514055e-01 -1.391919201444125065e-02 -5.599343777879539630e-02 4.047228886886387045e-01 6.026074222825172910e-02
6.511621995028349374e-01 9.490290356514492487e-01 -3.604855219116416265e-01 1.411755939935233073e-01 -4.384077862630419986e-02 -3.284547249086813281e-01 -4.102058473063152633e-02 -7.264828215664351774e-01 6.297720330945253409e-01 -2.788135036198013950e-01 4.931107029187842272e-02 9.441262769789204867e-01 1.859445592916699752e-01 -4.659243554179965940e-01 -1.426038566814327169e-01 -1.108829527347268140e-01 2.761848241307802709e-01 -1.603343993660928390e-01 -5.353182430718561591e-02 4.617727253478847160e-01 -2.435608563608298027e-01 -2.301529062871452425e-01 1.241550543950893370e-01 -3.731527845629898366e-01 -5.917529907088692198e-02 -1.576192434094991768e-01 -1.110952720010800476e-01 -2.047052802228677137e-01 -4.665850534573792174e-01 1.457897012484750121e-01
-6.101536933384750228e-01 -1.887486449165294289e-01 -8.614406718510281280e-01 -4.446117325579734825e-02 -7.793360671382743021e-02 -1.663291142805292111e-01 1.068460433403402021e-01 1.652110024248827358e-01 2.200960346173701510e-01 1.750340609778504586e-01 2.066024388291225478e-01 1.859445592916699752e-01 4.043052728965221831e-01 -1.238019337857281243e-01 2.793791071650275626e-01 3.426642401575747954e-01 -8.016120121794756415e-02 1.038012938642509653e-01 2.124335710855405068e-01 4.233644037526573811e-03 -1.115750684651857227e-01 -4.823899271028153635e-02 -4.144248861160804154e-02 2.797163994614493276e-04 -2.841846618190402296e-01 5.304415313105437235e-03 1.804632595155339914e-01 -2.542445045136219051e-01 1.307366736562585174e-01 1.693809231924205960e-01
-1.125553235280392528e+00 -6.493686282541375476e-01 -8.685154507763286347e-01 3.022522130908100735e-01 -8.144930109469328272e-01 -2.552909090260868652e-01 2.400546623677541902e-01 9.581470307825838972e-01 -4.703162184097209320e-02 9.046016825265610350e-01 -4.342090112244818556e-01 -4.659243554179965940e-01 -1.238019337857281243e-01 1.655681934963183721e+00 7.311158346122965668e-01 9.137583910165858470e-01 -6.518760309207891623e-01 5.032886908111890989e-01 3.232391546932831261e-01 -1.023732158308064299e+00 -1.190391301380486766e-01 -5.043050510619195848e-02 -2.416099890362488622e-01 3.567555798070998208e-01 -7.644327376970068144e-01 2.946584911064178414e-01 1.153743828422193474e-01 -6.196878287223057669e-01 9.068021435535342789e-01 4.926685619898307777e-02
-1.270572975610832600e+00 -6.847832695179931761e-01 -1.356042248105211456e+00 1.089244628739152176e-01 -4.938074409679416021e-01 -2.856693704734993844e-01 3.176906523232219115e-01 8.683166598353864174e-01 1.316879212188837300e-01 7.140439032760923510e-01 5.550143500124704588e-02 -1.426038566814327169e-01 2.793791071650275626e-01 7.311158346122965668e-01 9.082294738444716131e-01 9.437577323793959749e-01 -5.093856137326042699e-01 3.866306051459673654e-01 3.585893605959995512e-01 -6.057544687252516269e-01 -2.584113083069041750e-01 -1.551247063513301327e-01 -1.641095290424345876e-01 2.392395277631749195e-01 -7.254964457035271153e-01 1.667199990520202846e-01 2.551433149179160864e-01 -5.711915163968228626e-01 6.361866958174005049e-01 1.217959611790888630e-01
-1.694706513302776330e+00 -1.034054999696365940e+00 -2.019572892869803127e+00 4.924514332464013933e-02 -7.458321484463112938e-01 -3.078915347263659896e-01 3.504747703551061022e-01 1.118435036732421395e+00 3.963743950693014995e-01 8.858595580793462432e-01 2.484352967641711984e-01 -1.108829527347268140e-01 3.426642401575747954e-01 9.137583910165858470e-01 9.437577323793959749e-01 1.450600136598723111e+00 -8.246271099944237903e-01 6.879054464095588628e-01 6.859487908966741543e-01 -9.343555227080742043e-01 -3.211965925248705389e-01 -2.549062002202333588e-01 -7.262046640792618746e-02 3.040612201090198141e-01 -9.922250250808701821e-01 3.821467842969923367e-01 2.645477180075772594e-01 -8.229557525911559424e-01 9.487153263304435313e-01 1.628974881677436315e-01
7.368639123558295978e-01 8.877041105950524980e-01 1.132059164422514641e+00 -1.882957612867244279e-01 4.696499608604085552e-01 -9.893512405960791511e-02 -8.320940893173656150e-02 -1.140329016101304660e+00 -3.336323723526106733e-01 -5.782913650649561532e-01 -1.624788207045639865e-01 2.761848241307802709e-01 -8.016120121794756415e-02 -6.518760309207891623e-01 -5.093856137326042699e-01 -8.246271099944237903e-01 1.014207742600717665e+00 -4.047503881928946612e-01 -2.479968984647484831e-01 6.446129957762423146e-01 2.665294215847211490e-01 3.468075858260988298e-01 -1.604770729176721034e-01 -3.234407690175657990e-01 5.140660098898592878e-01 -3.680708911332430944e-01 -1.308530523594413353e-01 4.048444504857684478e-01 -5.329438271906496993e-01 1.262242056799891543e-01
-8.375332759197249288e-01 -5.492327721862579892e-01 -7.616142331023070255e-01 -3.080830704107029305e-03 -3.547135899068507570e-01 -1.373953976698203405e-01 1.836577661254636951e-01 4.990187338998453015e-01 9.807161223506000169e-02 4.673685249928212215e-01 1.510443891314139364e-01 -1.603343993660928390e-01 1.038012938642509653e-01 5.032886908111890989e-01 3.866306051459673654e-01 6.879054464095588628e-01 -4.047503881928946612e-01 5.041864478082516143e-01 3.535425684161452864e-01 -5.565408740126827070e-01 -7.418835011748114994e-02 -1.329146801612353102e-01 -1.462096982240268517e-02 1.341993026936165734e-01 -4.429066893989102027e-01 2.250477440279041730e-01 2.314309247725532259e-02 -3.798399525491049644e-01 5.014597301033631993e-01 -1.269901370528714324e-02
-1.259899817382404308e+00 -7.252089738250049322e-01 -9.853614547113238586e-01 -1.858882122910472390e-01 -3.355536276930592976e-01 -1.674775669723658211e-01 2.091039267775727239e-01 3.634433240244447916e-01 6.058798562264655629e-02 3.025533662575412563e-01 3.093712021544376967e-01 -5.353182430718561591e-02 2.124335710855405068e-01 3.232391546932831261e-01 3.585893605959995512e-01 6.859487908966741543e-01 -2.479968984647484831e-01 3.535425684161452864e-01 6.038749328733956645e-01 -4.674062891432413380e-01 1.263800915842239192e-02 1.934121812361979664e-01 -1.066271281943329541e-01 1.188867268381841313e-01 -4.188095062246759426e-01 2.089824746578017312e-01 1.221684693727524973e-01 -3.427296444237697415e-01 6.777568532348539065e-01 1.799579356659819496e-01
1.419489071462805896e+00 1.385067736709231667e+00 1.074980947291749089e+00 -7.625412295607247870e-02 6.026983689635585506e-01 4.071032577746791503e-02 -3.290040111052690008e-01 -1.046479669098403065e+00 4.540121783998074534e-02 -7.027027561323393456e-01 -2.359261888058199474e-01 4.617727253478847160e-01 4.233644037526573811e-03 -1.023732158308064299e+00 -6.057544687252516269e-01 -9.343555227080742043e-01 6.446129957762423146e-01 -5.565408740126827070e-01 -4.674062891432413380e-01 1.251451190251600565e+00 4.340503189263245076e-02 -8.737410096284747851e-02 1.546969232593369270e-01 -3.600693850808625029e-01 6.891741706787115618e-01 -4.851283193209496858e-01 -5.316674380304675651e-02 4.842003319203058709e-01 -1.247260681982083952e+00 -9.073914624980261578e-02
-1.802156174351807749e-01 -2.009167175360175861e-01 6.346069518144190624e-01 -1.677393966807585457e-01 2.416548700784915127e-01 1.133067738289810222e-01 5.654667648400391045e-04 -1.954315143407825417e-01 -4.221643199537652436e-01 -1.686221767048436959e-01 3.697227200473207631e-02 -2.435608563608298027e-01 -1.115750684651857227e-01 -1.190391301380486766e-01 -2.584113083069041750e-01 -3.211965925248705389e-01 2.665294215847211490e-01 -7.418835011748114994e-02 1.263800915842239192e-02 4.340503189263245076e-02 3.193940480260266668e-01 3.640873634111585488e-01 -1.270170562991665975e-01 1.705424492661222757e-02 2.833620546635415849e-01 -3.444859252437026953e-02 -7.693178641403619622e-02 2.886958060853999086e-01 8.829076641302435746e-02 -9.105185055545916839e-03
-6.930323689459783054e-01 -5.386596951319688742e-01 3.946692556620519099e-01 -2.678297654742323175e-01 1.881315837825354720e-01 6.138241457159665515e-02 6.291844911123689599e-02 -1.768043362444586819e-01 -5.314021821166363679e-01 -1.976257699757297814e-01 1.164121295349787033e-01 -2.301529062871452425e-01 -4.823899271028153635e-02 -5.043050510619195848e-02 -1.551247063513301327e-01 -2.549062002202333588e-01 3.468075858260988298e-01 -1.329146801612353102e-01 1.934121812361979664e-01 -8.737410096284747851e-02 3.640873634111585488e-01 7.233708135458414290e-01 -2.575993354590764284e-01 3.209203350627376494e-02 2.232167896441694666e-01 1.062674928203932723e-02 5.868473701184484526e-03 2.587148926165809826e-01 4.488896546209275584e-01 1.914948565724898799e-01
5.518217406873873188e-01 2.847885746407996521e-01 1.306457538735230628e-01 -8.658708617872434843e-03 5.962962850105668622e-02 1.255236565174300267e-01 -1.689476120346284915e-01 -8.971723989350266493e-02 1.997615438078810257e-01 -1.658718857547114567e-01 1.332074430911234231e-02 1.241550543950893370e-01 -4.144248861160804154e-02 -2.416099890362488622e-01 -1.641095290424345876e-01 -7.262046640792618746e-02 -1.604770729176721034e-01 -1.462096982240268517e-02 -1.066271281943329541e-01 1.546969232593369270e-01 -1.270170562991665975e-01 -2.575993354590764284e-01 3.555037492869814741e-01 -4.597663632131343547e-02 1.883835012873760206e-01 3.423140447631567440e-02 -3.969499991802649674e-02 8.156203123303384928e-02 -4.103665173924468945e-01 -1.886659176712441877e-01
-6.131818912729727344e-01 -6.316005298967866111e-01 -2.673238178079486715e-01 -2.531619551643871091e-02 -1.043589865081457901e-01 1.027647746997217837e-01 9.221013096316710289e-02 5.787506598308027606e-01 -1.708437324228953003e-01 2.762998911474596753e-01 3.317139570492599887e-02 -3.731527845629898366e-01 2.797163994614493276e-04 3.567555798070998208e-01 2.392395277631749195e-01 3.040612201090198141e-01 -3.234407690175657990e-01 1.341993026936165734e-01 1.188867268381841313e-01 -3.600693850808625029e-01 1.705424492661222757e-02 3.209203350627376494e-02 -4.597663632131343547e-02 2.817065326545957760e-01 -1.373437032071365138e-01 1.420831712289327697e-01 9.514040255231748233e-02 -4.798789122759217207e-02 3.546856223977670197e-01 -5.878468846606210718e-02
9.981185367059879354e-01 5.468312165064617147e-01 1.626864947509886861e+00 -2.248558907959932185e-01 6.947806487523280339e-01 3.101970258360893240e-01 -3.244882206473107544e-01 -7.586663982650634352e-01 -4.580513651141018272e-01 -7.114359791215747464e-01 -1.076147191561176442e-01 -5.917529907088692198e-02 -2.841846618190402296e-01 -7.644327376970068144e-01 -7.254964457035271153e-01 -9.922250250808701821e-01 5.140660098898592878e-01 -4.429066893989102027e-01 -4.188095062246759426e-01 6.891741706787115618e-01 2.833620546635415849e-01 2.232167896441694666e-01 1.883835012873760206e-01 -1.373437032071365138e-01 9.526165560389756592e-01 -2.283721256000035282e-01 -2.021445764223699371e-01 7.820483948622154458e-01 -7.741502349121560655e-01 -1.953057739624455280e-01
-4.523920002914678662e-01 -6.472590082943270318e-01 -4.808562105258147312e-01 -1.994970425045039519e-02 -1.947670702574555435e-01 1.019873077731290323e-01 5.420756066098419979e-02 4.632110533346462944e-01 3.784645921240326061e-02 2.109546913829944970e-01 1.517888672330514055e-01 -1.576192434094991768e-01 5.304415313105437235e-03 2.946584911064178414e-01 1.667199990520202846e-01 3.821467842969923367e-01 -3.680708911332430944e-01 2.250477440279041730e-01 2.089824746578017312e-01 -4.851283193209496858e-01 -3.444859252437026953e-02 1.062674928203932723e-02 3.423140447631567440e-02 1.420831712289327697e-01 -2.283721256000035282e-01 2.958252169401021092e-01 -1.744261752889997297e-03 -1.715095797998174021e-01 4.555103046732256189e-01 9.834649212621116021e-04
-5.053997414498780927e-01 -2.457188040847313459e-01 -4.515162576246893877e-01 -2.064057706240873813e-02 -4.534996002246316493e-02 -8.305466322798338297e-02 7.680612476821124801e-02 2.937962852972191286e-01 -4.615390054499357575e-02 1.926593732862329489e-01 -1.391919201444125065e-02 -1.110952720010800476e-01 1.804632595155339914e-01 1.153743828422193474e-01 2.551433149179160864e-01 2.645477180075772594e-01 -1.308530523594413353e-01 2.314309247725532259e-02 1.221684693727524973e-01 -5.316674380304675651e-02 -7.693178641403619622e-02 5.868473701184484526e-03 -3.969499991802649674e-02 9.514040255231748233e-02 -2.021445764223699371e-01 -1.744261752889997297e-03 3.107875220487699153e-01 -1.143291736822789062e-01 1.212763962124654427e-01 8.453696791752918216e-02
6.090832174626825690e-01 1.516253166871024405e-01 1.394652128932193591e+00 -2.108034900479651697e-01 6.564062564131631916e-01 3.239756623257790125e-01 -2.176611197647275731e-01 -4.627377766183258245e-01 -5.398918057974810836e-01 -5.523797029782144818e-01 -5.599343777879539630e-02 -2.047052802228677137e-01 -2.542445045136219051e-01 -6.196878287223057669e-01 -5.711915163968228626e-01 -8.229557525911559424e-01 4.048444504857684478e-01 -3.798399525491049644e-01 -3.427296444237697415e-01 4.842003319203058709e-01 2.886958060853999086e-01 2.587148926165809826e-01 8.156203123303384928e-02 -4.798789122759217207e-02 7.820483948622154458e-01 -1.715095797998174021e-01 -1.143291736822789062e-01 7.509280663913955323e-01 -4.687102922814574413e-01 -1.493775857962305054e-01
-2.001977689656712300e+00 -1.865887529532415101e+00 -1.361895692708287697e+00 -6.772754083863219421e-02 -5.333245090545801759e-01 -6.566862722763744387e-03 4.388557098450291960e-01 1.110379803450939562e+00 -1.889667140432038650e-01 6.676105813500612385e-01 4.047228886886387045e-01 -4.665850534573792174e-01 1.307366736562585174e-01 9.068021435535342789e-01 6.361866958174005049e-01 9.487153263304435313e-01 -5.329438271906496993e-01 5.014597301033631993e-01 6.777568532348539065e-01 -1.247260681982083952e+00 8.829076641302435746e-02 4.488896546209275584e-01 -4.103665173924468945e-01 3.546856223977670197e-01 -7.741502349121560655e-01 4.555103046732256189e-01 1.212763962124654427e-01 -4.687102922814574413e-01 1.712367493538920371e+00 3.221151136177127228e-01
-4.898975665660145751e-01 -2.155743049314082782e-01 -5.074382362678306890e-01 -4.680107256103838154e-02 -2.784924383780662538e-02 -1.627101813764397775e-01 1.000685520730257849e-01 -3.602160197129933294e-02 -2.164672064964179299e-03 7.758194519595917882e-02 6.026074222825172910e-02 1.457897012484750121e-01 1.693809231924205960e-01 4.926685619898307777e-02 1.217959611790888630e-01 1.628974881677436315e-01 1.262242056799891543e-01 -1.269901370528714324e-02 1.799579356659819496e-01 -9.073914624980261578e-02 -9.105185055545916839e-03 1.914948565724898799e-01 -1.886659176712441877e-01 -5.878468846606210718e-02 -1.953057739624455280e-01 9.834649212621116021e-04 8.453696791752918216e-02 -1.493775857962305054e-01 3.221151136177127228e-01 4.007792606461180185e-01
