     0.000     3.283    -0.482    -1.279    -0.978    -1.066     0.436
     3.283     0.000     3.518     2.354    -0.889     1.829    -0.062
    -0.482     3.518     0.000     1.027    -1.491     1.018     0.311
    -1.279     2.354     1.027     0.000     0.290     2.753     4.616
    -0.978    -0.889    -1.491     0.290     0.000     2.326     0.226
    -1.066     1.829     1.018     2.753     2.326     0.000     6.320
     0.436    -0.062     0.311     4.616     0.226     6.320     0.000
