   1.170   0.308   0.309   0.212   0.060   0.084   0.286
   0.308   2.687   1.032   0.683   0.092   0.254   0.595
   0.309   1.032   3.437   1.143   0.113   0.397   1.084
   0.212   0.683   1.143   2.614   0.168   0.370   0.886
   0.060   0.092   0.113   0.168   0.471   0.119   0.138
   0.084   0.254   0.397   0.370   0.119   1.842   0.545
   0.286   0.595   1.084   0.886   0.138   0.545   3.460
