     0.000     2.024    -0.676    -0.871    -0.818    -0.683     0.722
     2.024     0.000     3.092     2.149    -0.914     1.960     0.181
    -0.676     3.092     0.000     1.243    -1.503     1.196     0.101
    -0.871     2.149     1.243     0.000     0.552     2.720     4.467
    -0.818    -0.914    -1.503     0.552     0.000     1.690     0.114
    -0.683     1.960     1.196     2.720     1.690     0.000     8.639
     0.722     0.181     0.101     4.467     0.114     8.639     0.000
