   1.170   3.549   4.298   3.571   1.580   2.928   4.344
   3.549   2.687   5.092   4.618   3.066   4.275   5.553
   4.298   5.092   3.437   4.908   3.794   4.882   5.813
   3.571   4.618   4.908   2.614   2.916   4.086   5.188
   1.580   3.066   3.794   2.916   0.471   2.194   3.793
   2.928   4.275   4.882   4.086   2.194   1.842   4.757
   4.344   5.553   5.813   5.188   3.793   4.757   3.460
