   1.910   2.467   2.304   2.534   2.812   3.280   3.468
   2.467   0.653   1.010   1.291   1.554   2.014   2.206
   2.304   1.010   0.415   1.011   1.313   1.781   1.993
   2.534   1.291   1.011   0.643   1.522   1.986   2.209
   2.812   1.554   1.313   1.522   0.915   2.199   2.451
   3.280   2.014   1.781   1.986   2.199   1.389   2.854
   3.468   2.206   1.993   2.209   2.451   2.854   1.595
