     0.000     9.300    -0.040    -0.273    -0.005     1.313     4.078
     9.300     0.000     3.259     1.724    -1.257     1.835     5.053
    -0.040     3.259     0.000     1.886    -0.464     0.555     1.802
    -0.273     1.724     1.886     0.000     1.577     8.019     0.404
    -0.005    -1.257    -0.464     1.577     0.000     0.752    -0.015
     1.313     1.835     0.555     8.019     0.752     0.000     7.498
     4.078     5.053     1.802     0.404    -0.015     7.498     0.000
