   3.041   1.094   0.533   0.290   0.143   0.288   0.352
   1.094   3.412   1.041   0.649   0.210   0.474   0.526
   0.533   1.041   3.321   0.662   0.155   0.379   0.632
   0.290   0.649   0.662   2.463   0.181   0.464   0.590
   0.143   0.210   0.155   0.181   0.705   0.123   0.088
   0.288   0.474   0.379   0.464   0.123   2.254   0.582
   0.352   0.526   0.632   0.590   0.088   0.582   3.277
