   3.041   5.359   5.829   5.215   3.603   5.007   5.965
   5.359   3.412   5.692   5.227   3.907   5.192   6.163
   5.829   5.692   3.321   5.123   3.871   5.196   5.966
   5.215   5.227   5.123   2.463   2.987   4.253   5.150
   3.603   3.907   3.871   2.987   0.705   2.837   3.894
   5.007   5.192   5.196   4.253   2.837   2.254   4.949
   5.965   6.163   5.966   5.150   3.894   4.949   3.277
