     0.000     2.024     0.693     1.858     3.520     4.093     0.926
     2.024     0.000     5.759     9.418     3.671     8.040     0.664
     0.693     5.759     0.000     6.258     3.881     3.188     2.869
     1.858     9.418     6.258     0.000     6.478    12.096     8.740
     3.520     3.671     3.881     6.478     0.000     2.050     0.086
     4.093     8.040     3.188    12.096     2.050     0.000     9.313
     0.926     0.664     2.869     8.740     0.086     9.313     0.000
