     0.000     2.231     0.581     2.053     2.597     4.155     0.260
     2.231     0.000     7.306     7.857     3.938     6.782     1.000
     0.581     7.306     0.000     6.318     3.033     3.820     3.381
     2.053     7.857     6.318     0.000     5.800    12.904     8.967
     2.597     3.938     3.033     5.800     0.000     1.067     0.038
     4.155     6.782     3.820    12.904     1.067     0.000     7.092
     0.260     1.000     3.381     8.967     0.038     7.092     0.000
