  -0.017   0.057   0.067   0.043   0.017   0.049   0.074
   0.057  -0.015   0.051   0.035   0.017   0.042   0.069
   0.067   0.051  -0.018   0.037   0.016   0.048   0.071
   0.043   0.035   0.037  -0.012   0.007   0.024   0.035
   0.017   0.017   0.016   0.007  -0.004   0.012   0.014
   0.049   0.042   0.048   0.024   0.012  -0.007   0.033
   0.074   0.069   0.071   0.035   0.014   0.033  -0.011
