   0.723   0.150   0.109   0.059   0.004   0.174   0.159
   0.150   1.950   0.476   0.162   0.053   0.221   0.282
   0.109   0.476   2.285   0.282   0.028   0.318   0.433
   0.059   0.162   0.282   1.591   0.065   0.218   0.501
   0.004   0.053   0.028   0.065   0.160   0.092   0.084
   0.174   0.221   0.318   0.218   0.092   1.996   0.825
   0.159   0.282   0.433   0.501   0.084   0.825   2.829
