     0.000     2.366    -0.309    -0.470    -0.443     1.928     0.400
     2.366     0.000     6.657     1.530     0.917     1.018     0.305
    -0.309     6.657     0.000     3.049    -0.862     0.973     0.666
    -0.470     1.530     3.049     0.000     1.680     1.762     6.611
    -0.443     0.917    -0.862     1.680     0.000     3.021     2.652
     1.928     1.018     0.973     1.762     3.021     0.000     9.169
     0.400     0.305     0.666     6.611     2.652     9.169     0.000
