   1.910   0.656   0.107   0.044   0.039   0.131   0.384
   0.656   3.154   0.217   0.227   0.161   0.302   0.853
   0.107   0.217   1.205   0.306   0.086   0.096   0.335
   0.044   0.227   0.306   1.001   0.120   0.364   0.318
   0.039   0.161   0.086   0.120   0.892   0.151   0.200
   0.131   0.302   0.096   0.364   0.151   1.917   0.915
   0.384   0.853   0.335   0.318   0.200   0.915   2.937
