     0.000     7.100     0.107    -1.477    -1.046    -0.433     1.257
     7.100     0.000     0.965     1.415     0.274     0.858     3.508
     0.107     0.965     0.000     9.264     3.312     0.531     4.226
    -1.477     1.415     9.264     0.000     4.321    10.225     3.670
    -1.046     0.274     3.312     4.321     0.000     4.132     1.342
    -0.433     0.858     0.531    10.225     4.132     0.000    13.473
     1.257     3.508     4.226     3.670     1.342    13.473     0.000
