   1.911   2.464   2.328   2.546   2.820   3.291   3.486
   2.464   0.651   1.031   1.300   1.558   2.020   2.219
   2.328   1.031   0.441   1.033   1.339   1.814   2.032
   2.546   1.300   1.033   0.656   1.539   2.008   2.239
   2.820   1.558   1.339   1.539   0.921   2.221   2.470
   3.291   2.020   1.814   2.008   2.221   1.399   2.876
   3.486   2.219   2.032   2.239   2.470   2.876   1.610
