     0.000    11.390     1.381     0.167    -0.921    -1.130    -0.748
    11.390     0.000    14.055    -1.024     0.249     1.444     0.517
     1.381    14.055     0.000     9.011     3.229     2.268    -0.887
     0.167    -1.024     9.011     0.000     6.826     4.321     0.035
    -0.921     0.249     3.229     6.826     0.000    10.727     4.719
    -1.130     1.444     2.268     4.321    10.727     0.000     8.890
    -0.748     0.517    -0.887     0.035     4.719     8.890     0.000
