     0.000     1.983    -0.999    -0.867     1.480     1.323    -0.077
     1.983     0.000     1.465     0.074     1.266    -0.396     1.087
    -0.999     1.465     0.000     2.631     0.715    -0.451     2.721
    -0.867     0.074     2.631     0.000    -1.031    -0.887     0.390
     1.480     1.266     0.715    -1.031     0.000    -0.923     2.068
     1.323    -0.396    -0.451    -0.887    -0.923     0.000    -0.684
    -0.077     1.087     2.721     0.390     2.068    -0.684     0.000
