  -0.035   0.069   0.089   0.040   0.010   0.069   0.089
   0.069  -0.050   0.069   0.059   0.010   0.064   0.114
   0.089   0.069  -0.054   0.035   0.005   0.040   0.104
   0.040   0.059   0.035  -0.050   0.005   0.035   0.074
   0.010   0.010   0.005   0.005  -0.015   0.020   0.015
   0.069   0.064   0.040   0.035   0.020  -0.030   0.074
   0.089   0.114   0.104   0.074   0.015   0.074  -0.045
