     0.000     6.958     0.436     6.862     1.998     3.261     2.304
     6.958     0.000     4.747     6.618     2.399     5.963     4.615
     0.436     4.747     0.000     5.115     2.553     3.418     0.615
     6.862     6.618     5.115     0.000     3.046     5.210     6.934
     1.998     2.399     2.553     3.046     0.000     2.949    -0.076
     3.261     5.963     3.418     5.210     2.949     0.000     5.094
     2.304     4.615     0.615     6.934    -0.076     5.094     0.000
