   1.977   0.092   0.059   0.015   0.029   0.048   0.095
   0.092   0.715   0.078   0.009   0.024   0.049   0.105
   0.059   0.078   0.426   0.072   0.039   0.043   0.043
   0.015   0.009   0.072   0.688   0.033   0.041   0.046
   0.029   0.024   0.039   0.033   0.913   0.120   0.057
   0.048   0.049   0.043   0.041   0.120   1.287   0.129
   0.095   0.105   0.043   0.046   0.057   0.129   1.500
