     0.000    13.269    12.426     9.761     1.700     5.605    11.507
    13.269     0.000     8.850    11.089     2.262     5.073    10.952
    12.426     8.850     0.000    14.616     3.290     6.467     8.063
     9.761    11.089    14.616     0.000     1.914     8.378    11.237
     1.700     2.262     3.290     1.914     0.000     2.197     1.263
     5.605     5.073     6.467     8.378     2.197     0.000     7.853
    11.507    10.952     8.063    11.237     1.263     7.853     0.000
