     0.000     0.819    -0.107    -1.089     0.137     0.002     1.053
     0.819     0.000     0.205    -0.668    -0.839     0.942     1.798
    -0.107     0.205     0.000     7.938    -0.830     0.449    -1.079
    -1.089    -0.668     7.938     0.000     2.274     3.302     1.639
     0.137    -0.839    -0.830     2.274     0.000     1.471    -0.765
     0.002     0.942     0.449     3.302     1.471     0.000     3.207
     1.053     1.798    -1.079     1.639    -0.765     3.207     0.000
