   1.959   2.649   2.320   2.575   2.833   3.149   3.592
   2.649   0.773   1.158   1.397   1.706   1.958   2.467
   2.320   1.158   0.416   0.925   1.354   1.624   2.192
   2.575   1.397   0.925   0.646   1.506   1.800   2.357
   2.833   1.706   1.354   1.506   0.952   2.113   2.694
   3.149   1.958   1.624   1.800   2.113   1.243   2.847
   3.592   2.467   2.192   2.357   2.694   2.847   1.815
