  -0.030   0.054   0.015   0.020   0.030   0.035   0.079
   0.054  -0.064   0.054   0.059   0.069   0.104   0.139
   0.015   0.054  -0.025   0.020   0.010   0.030   0.059
   0.020   0.059   0.020  -0.020   0.005   0.030   0.054
   0.030   0.069   0.010   0.005  -0.015   0.015   0.054
   0.035   0.104   0.030   0.030   0.015  -0.020   0.064
   0.079   0.139   0.059   0.054   0.054   0.064  -0.054
