   1.810   4.430   3.018   2.647   2.530   3.598   4.581
   4.430   3.187   4.191   3.865   3.802   4.827   5.337
   3.018   4.191   1.323   2.161   2.037   3.123   4.070
   2.647   3.865   2.161   1.032   1.725   2.753   3.891
   2.530   3.802   2.037   1.725   0.808   2.647   3.736
   3.598   4.827   3.123   2.753   2.647   1.999   4.283
   4.581   5.337   4.070   3.891   3.736   4.283   3.133
