     0.000     4.009    -0.206     2.294     0.472     1.911     1.607
     4.009     0.000     1.500     2.471     0.342     0.146     4.265
    -0.206     1.500     0.000     4.015     1.327     3.298     4.736
     2.294     2.471     4.015     0.000     2.550     6.846     2.133
     0.472     0.342     1.327     2.550     0.000     2.732     1.419
     1.911     0.146     3.298     6.846     2.732     0.000     9.865
     1.607     4.265     4.736     2.133     1.419     9.865     0.000
