     0.000     1.221    -0.486    -0.771    -0.165    -0.276     0.474
     1.221     0.000    -0.317    -0.660    -0.508     0.272     2.103
    -0.486    -0.317     0.000    -0.399    -0.315     0.590    -1.215
    -0.771    -0.660    -0.399     0.000     5.327     1.217    -0.713
    -0.165    -0.508    -0.315     5.327     0.000    -0.587    -0.953
    -0.276     0.272     0.590     1.217    -0.587     0.000     0.517
     0.474     2.103    -1.215    -0.713    -0.953     0.517     0.000
