   1.721   0.208   0.045   0.098   0.126   0.124   0.349
   0.208   0.659   0.007   0.028   0.028   0.111   0.309
   0.045   0.007   0.206   0.007   0.007   0.054   0.050
   0.098   0.028   0.007   0.684   0.331   0.159   0.169
   0.126   0.028   0.007   0.331   0.659   0.070   0.145
   0.124   0.111   0.054   0.159   0.070   1.308   0.283
   0.349   0.309   0.050   0.169   0.145   0.283   2.219
