   2.050   4.654   3.176   3.076   2.698   3.903   4.965
   4.654   3.169   4.227   4.036   3.693   4.863   5.220
   3.176   4.227   1.420   2.244   2.099   3.210   4.242
   3.076   4.036   2.244   1.130   1.713   2.805   3.949
   2.698   3.693   2.099   1.713   0.713   2.648   3.738
   3.903   4.863   3.210   2.805   2.648   2.059   4.423
   4.965   5.220   4.242   3.949   3.738   4.423   3.181
