     0.000     2.025     2.240     4.938     1.281     0.226     3.005
     2.025     0.000     6.488     8.292     0.769     1.486     2.043
     2.240     6.488     0.000     9.262     0.685     2.971     4.479
     4.938     8.292     9.262     0.000     5.623     6.492     3.469
     1.281     0.769     0.685     5.623     0.000     3.014     0.026
     0.226     1.486     2.971     6.492     3.014     0.000     4.126
     3.005     2.043     4.479     3.469     0.026     4.126     0.000
