     0.000     4.199     1.247    -0.773    -0.619    -0.015     0.464
     4.199     0.000     4.870    -1.317    -0.835     0.330     2.488
     1.247     4.870     0.000     7.813     0.248     0.485     0.123
    -0.773    -1.317     7.813     0.000     0.234     0.118     0.444
    -0.619    -0.835     0.248     0.234     0.000     3.898    -0.741
    -0.015     0.330     0.485     0.118     3.898     0.000     2.890
     0.464     2.488     0.123     0.444    -0.741     2.890     0.000
