   1.935   0.105   0.051   0.015   0.027   0.058   0.103
   0.105   0.730   0.071   0.009   0.013   0.039   0.105
   0.051   0.071   0.435   0.078   0.022   0.030   0.043
   0.015   0.009   0.078   0.635   0.024   0.025   0.052
   0.027   0.013   0.022   0.024   0.942   0.110   0.048
   0.058   0.039   0.030   0.025   0.110   1.266   0.126
   0.103   0.105   0.043   0.052   0.048   0.126   1.571
