   1.403   0.652   0.207   0.410   0.055   0.293   0.387
   0.652   2.683   0.741   0.670   0.112   0.450   0.570
   0.207   0.741   2.308   0.417   0.078   0.429   0.524
   0.410   0.670   0.417   2.087   0.056   0.390   0.687
   0.055   0.112   0.078   0.056   0.332   0.083   0.115
   0.293   0.450   0.429   0.390   0.083   1.949   0.632
   0.387   0.570   0.524   0.687   0.115   0.632   2.804
