  -0.009   0.042   0.051   0.029   0.013   0.033   0.050
   0.042  -0.009   0.034   0.021   0.014   0.027   0.041
   0.051   0.034  -0.010   0.024   0.010   0.030   0.044
   0.029   0.021   0.024  -0.006   0.005   0.014   0.021
   0.013   0.014   0.010   0.005  -0.002   0.008   0.010
   0.033   0.027   0.030   0.014   0.008  -0.004   0.019
   0.050   0.041   0.044   0.021   0.010   0.019  -0.006
