     0.000     8.713    -0.416     5.095     0.580     2.459     2.921
     8.713     0.000     6.804     9.959     0.995     3.053     3.143
    -0.416     6.804     0.000     2.842    -0.026     3.236     2.145
     5.095     9.959     2.842     0.000    -0.151     4.365     7.692
     0.580     0.995    -0.026    -0.151     0.000     0.857     1.073
     2.459     3.053     3.236     4.365     0.857     0.000     6.439
     2.921     3.143     2.145     7.692     1.073     6.439     0.000
