   1.403   3.433   3.503   3.079   1.680   3.058   3.819
   3.433   2.683   4.249   4.099   2.903   4.181   4.916
   3.503   4.249   2.308   3.978   2.562   3.828   4.588
   3.079   4.099   3.978   2.087   2.364   3.646   4.203
   1.680   2.903   2.562   2.364   0.332   2.198   3.022
   3.058   4.181   3.828   3.646   2.198   1.949   4.120
   3.819   4.916   4.588   4.203   3.022   4.120   2.804
