     0.000     2.478     1.291     0.254    -0.492     1.175    -0.331
     2.478     0.000     3.764     1.537     0.920     0.131     0.111
     1.291     3.764     0.000     1.519    -0.112     0.878    -0.309
     0.254     1.537     1.519     0.000     5.084     2.274     6.149
    -0.492     0.920    -0.112     5.084     0.000     2.142    -0.339
     1.175     0.131     0.878     2.274     2.142     0.000     7.123
    -0.331     0.111    -0.309     6.149    -0.339     7.123     0.000
