   2.712   0.883   0.305   0.212   0.068   0.148   0.174
   0.883   3.346   0.820   0.490   0.108   0.293   0.346
   0.305   0.820   3.329   0.453   0.081   0.254   0.447
   0.212   0.490   0.453   2.322   0.146   0.314   0.450
   0.068   0.108   0.081   0.146   0.561   0.077   0.045
   0.148   0.293   0.254   0.314   0.077   2.120   0.531
   0.174   0.346   0.447   0.450   0.045   0.531   3.119
