   2.712   5.175   5.736   4.823   3.205   4.684   5.657
   5.175   3.346   5.855   5.178   3.799   5.174   6.119
   5.736   5.855   3.329   5.199   3.809   5.195   6.001
   4.823   5.178   5.199   2.322   2.737   4.128   4.991
   3.205   3.799   3.809   2.737   0.561   2.604   3.634
   4.684   5.174   5.195   4.128   2.604   2.120   4.708
   5.657   6.119   6.001   4.991   3.634   4.708   3.119
