   1.945   0.089   0.049   0.011   0.022   0.033   0.058
   0.089   0.689   0.067   0.008   0.021   0.037   0.069
   0.049   0.067   0.365   0.050   0.031   0.039   0.028
   0.011   0.008   0.050   0.635   0.027   0.034   0.031
   0.022   0.021   0.031   0.027   0.852   0.087   0.037
   0.033   0.037   0.039   0.034   0.087   1.311   0.102
   0.058   0.069   0.028   0.031   0.037   0.102   1.430
