   2.526   0.766   0.232   0.223   0.053   0.139   0.143
   0.766   3.243   0.705   0.472   0.094   0.290   0.305
   0.232   0.705   3.183   0.435   0.069   0.223   0.343
   0.223   0.472   0.435   2.363   0.137   0.303   0.435
   0.053   0.094   0.069   0.137   0.527   0.070   0.037
   0.139   0.290   0.223   0.303   0.070   2.118   0.503
   0.143   0.305   0.343   0.435   0.037   0.503   3.080
