  -0.004   0.021   0.030   0.016   0.007   0.017   0.024
   0.021  -0.004   0.022   0.015   0.007   0.013   0.021
   0.030   0.022  -0.005   0.019   0.007   0.017   0.025
   0.016   0.015   0.019  -0.003   0.004   0.009   0.014
   0.007   0.007   0.007   0.004  -0.001   0.004   0.005
   0.017   0.013   0.017   0.009   0.004  -0.002   0.009
   0.024   0.021   0.025   0.014   0.005   0.009  -0.003
