     0.000     6.808     1.485    -0.396     0.592     6.572     0.197
     6.808     0.000     6.760     1.178     0.517     7.246     3.242
     1.485     6.760     0.000     0.827    -0.610     0.767     1.312
    -0.396     1.178     0.827     0.000     1.740     2.681     2.019
     0.592     0.517    -0.610     1.740     0.000     0.906     1.056
     6.572     7.246     0.767     2.681     0.906     0.000     5.518
     0.197     3.242     1.312     2.019     1.056     5.518     0.000
