     0.000     9.200     1.321    -0.277     0.383     5.407     0.306
     9.200     0.000     6.723     0.883     0.819    10.196     3.856
     1.321     6.723     0.000     1.372    -0.560     0.554     1.484
    -0.277     0.883     1.372     0.000     2.003     1.945     2.183
     0.383     0.819    -0.560     2.003     0.000     1.131     1.060
     5.407    10.196     0.554     1.945     1.131     0.000     5.402
     0.306     3.856     1.484     2.183     1.060     5.402     0.000
