   2.526   5.004   5.476   4.666   3.000   4.505   5.462
   5.004   3.243   5.721   5.134   3.676   5.072   6.018
   5.476   5.721   3.183   5.110   3.641   5.078   5.919
   4.666   5.134   5.110   2.363   2.752   4.178   5.008
   3.000   3.676   3.641   2.752   0.527   2.576   3.570
   4.505   5.072   5.078   4.178   2.576   2.118   4.695
   5.462   6.018   5.919   5.008   3.570   4.695   3.080
