   1.973   3.987   4.154   3.397   2.287   3.509   4.407
   3.987   2.667   4.521   4.032   2.962   4.133   4.906
   4.154   4.521   2.656   3.942   2.971   4.375   4.889
   3.397   4.032   3.942   1.615   1.892   3.439   4.089
   2.287   2.962   2.971   1.892   0.412   2.377   3.088
   3.509   4.133   4.375   3.439   2.377   2.073   4.334
   4.407   4.906   4.889   4.089   3.088   4.334   2.822
