   1.959   2.538   2.288   2.570   2.749   3.253   3.548
   2.538   0.669   0.978   1.281   1.460   1.965   2.259
   2.288   0.978   0.383   0.955   1.166   1.678   2.001
   2.570   1.281   0.955   0.620   1.402   1.914   2.238
   2.749   1.460   1.166   1.402   0.810   2.051   2.421
   3.253   1.965   1.678   1.914   2.051   1.331   2.835
   3.548   2.259   2.001   2.238   2.421   2.835   1.652
