     0.000     8.404    -0.184    -0.241    -0.024     0.665     3.027
     8.404     0.000     4.541     1.614    -1.243     2.061     4.004
    -0.184     4.541     0.000     1.745    -0.399     0.735     2.121
    -0.241     1.614     1.745     0.000     1.784    10.697     0.330
    -0.024    -1.243    -0.399     1.784     0.000     1.093     0.024
     0.665     2.061     0.735    10.697     1.093     0.000     9.660
     3.027     4.004     2.121     0.330     0.024     9.660     0.000
