         0.50000         0.12000         0.32000         0.52000         0.44000         0.40000         0.10000
         0.12000         0.50000         0.08000         0.76000         0.84000         0.08000         0.34000
         0.32000         0.08000         0.50000         0.02000         0.16000         0.76000         0.10000
         0.52000         0.76000         0.02000         0.50000         0.00000         0.16000         0.28000
         0.44000         0.84000         0.16000         0.00000         0.50000         0.46000         0.56000
         0.40000         0.08000         0.76000         0.16000         0.46000         0.50000         0.76000
         0.10000         0.34000         0.10000         0.28000         0.56000         0.76000         0.50000
