   1.904   0.096   0.032   0.019   0.015   0.029   0.040
   0.096   0.664   0.057   0.004   0.015   0.030   0.044
   0.032   0.057   0.402   0.051   0.022   0.022   0.021
   0.019   0.004   0.051   0.678   0.037   0.048   0.029
   0.015   0.015   0.022   0.037   0.917   0.106   0.063
   0.029   0.030   0.022   0.048   0.106   1.400   0.145
   0.040   0.044   0.021   0.029   0.063   0.145   1.664
