     0.000     9.383     1.824     0.152    -0.565    -0.356    -0.513
     9.383     0.000    13.167    -1.210    -0.037     0.956     0.941
     1.824    13.167     0.000     7.624     3.033     2.232    -0.317
     0.152    -1.210     7.624     0.000     3.934     4.073    -0.094
    -0.565    -0.037     3.033     3.934     0.000    12.035     2.448
    -0.356     0.956     2.232     4.073    12.035     0.000     8.715
    -0.513     0.941    -0.317    -0.094     2.448     8.715     0.000
