     0.000     1.506     0.215    -1.291    -1.311    -1.368    -0.493
     1.506     0.000     6.611     4.161     0.925     1.558     0.903
     0.215     6.611     0.000     6.324     1.467     2.473     5.285
    -1.291     4.161     6.324     0.000     5.063     7.072     4.957
    -1.311     0.925     1.467     5.063     0.000     4.691     4.993
    -1.368     1.558     2.473     7.072     4.691     0.000     9.379
    -0.493     0.903     5.285     4.957     4.993     9.379     0.000
