     0.000     2.008     0.319    -1.535    -1.452    -2.075    -0.618
     2.008     0.000     6.471     5.219     0.587     1.856     1.250
     0.319     6.471     0.000     5.811     1.097     2.067     5.318
    -1.535     5.219     5.811     0.000     3.809     5.777     4.135
    -1.452     0.587     1.097     3.809     0.000     3.641     5.078
    -2.075     1.856     2.067     5.777     3.641     0.000     8.936
    -0.618     1.250     5.318     4.135     5.078     8.936     0.000
