     0.000     8.935    -0.932     6.525     0.365     2.737     3.225
     8.935     0.000     5.049     8.918     1.439     4.370     2.529
    -0.932     5.049     0.000     3.121     0.130     3.074     2.436
     6.525     8.918     3.121     0.000    -0.280     4.605     7.115
     0.365     1.439     0.130    -0.280     0.000     1.362     1.253
     2.737     4.370     3.074     4.605     1.362     0.000     5.743
     3.225     2.529     2.436     7.115     1.253     5.743     0.000
