   1.978   2.288   1.978   2.277   2.267   3.046   2.165
   2.288   0.468   0.468   0.850   0.850   1.696   0.850
   1.978   0.468   0.000   0.391   0.391   1.314   0.391
   2.277   0.850   0.391   0.391   0.773   1.582   0.699
   2.267   0.850   0.391   0.773   0.391   1.696   0.773
   3.046   1.696   1.314   1.582   1.696   1.314   1.696
   2.165   0.850   0.391   0.699   0.773   1.696   0.391
