7.427311171795054179e+00 1.654311221273644605e+00 -3.304526049690252876e-01 7.829214213955992818e-01 5.601748303365070569e-01 -2.055900359935208144e+00 -1.406575391580531686e+00 -2.056456590296932063e+00 -1.159788059537675053e+00 -1.221766344448326436e+00 -2.307782971604012801e+00 5.017928157845403803e-01 -1.338156675500215442e+00 -6.950992093045442743e-01 -6.358032808327038765e-01 -2.495638510318144654e+00 -1.368561612743746991e+00 1.365582731849485754e+00 -2.024769705143683041e+00 -4.782044259417261856e-02 1.840689842049414437e+00 -1.303048459631270362e+00 1.425215074850825658e+00 1.492209000988907519e+00 8.296300038618937833e-01 1.249296079313978680e+00 -6.225391533207584871e-01 7.500901917150031295e-01 1.586721925198048666e+00 -3.957906857545481216e-01
1.654311221273644605e+00 2.780952961053287709e+00 5.714463122814095186e-02 5.994226297610794063e-01 1.001015232915960951e+00 9.874786037165108610e-01 -2.206024231766718913e-01 6.007446363258850397e-02 -4.772539745317203597e-01 1.434178099452765309e-02 -1.709640740161717076e+00 3.596877501039443814e-01 -1.068571107015543475e+00 -1.815376337527823125e+00 -1.407762964331652711e+00 -7.913900783314602450e-01 -3.266160738318717449e+00 -1.896479445185832446e-01 -8.901888091669150072e-01 -1.840575576116407319e+00 -7.495291797513345955e-01 -2.263365700899839794e-01 4.618045705142321822e-01 4.105605732366370830e-01 1.799322708311024144e-01 1.895043107673814120e+00 -7.047262004733738650e-01 7.490822544354500678e-01 2.432864927426123813e+00 1.714047089908206090e+00
-3.304526049690252876e-01 5.714463122814095186e-02 1.778868187427576686e+00 -1.079450414232496769e-01 -6.647807095403095445e-01 1.312470043843632084e+00 2.276197918473030768e-01 4.720953844632163054e-01 5.397770336070379926e-01 1.227334694352748556e-01 9.389033263596502366e-02 -8.724977530131354797e-01 -2.892963595267019627e-01 1.089627680380203856e+00 -1.655676452528155096e+00 -4.469039948109525540e-01 -4.697390972458492797e-01 -2.657367198852853107e+00 -1.439272736151053778e-01 -1.100476752955046322e-01 -1.820062596266950550e+00 1.183820797026555738e-01 -5.637727341999720920e-01 3.267527614954133242e-01 2.474931751713143058e-01 6.491666503957844725e-01 1.068728709122353848e+00 6.022972708227030125e-01 -5.535844554502773462e-01 1.979006598128705718e+00
7.829214213955992818e-01 5.994226297610794063e-01 -1.079450414232496769e-01 4.045356447483072770e-01 3.697660641752804622e-01 7.477839917396522651e-02 -1.386172932423050952e-01 -7.649427580190604203e-03 -2.669785868973804099e-01 -1.368400402255360859e-01 -6.138111660756067067e-01 8.764501026530524541e-02 -3.178077674360224592e-01 -5.732137255384941454e-01 -3.045620317966495350e-01 -3.149855816893136762e-01 -8.806943616883700088e-01 2.667576885332891834e-01 -3.540055256416962948e-01 -3.337333653765881536e-01 2.155275503921529889e-01 -2.238227591238910463e-01 3.666797186469352710e-01 2.807526040665493383e-01 1.337271262719355036e-01 4.952432350582398612e-01 -2.799120296209594017e-01 1.648962386418020287e-01 5.779899455267241137e-01 3.393742316529824166e-02
5.601748303365070569e-01 1.001015232915960951e+00 -6.647807095403095445e-01 3.697660641752804622e-01 1.364369280510118188e+00 -2.996833407192411869e-01 -3.333710861875260889e-01 1.240070468952012561e-01 -7.774331282106459184e-01 -7.704591996866838599e-02 -7.504552167320639455e-01 5.112380091761679068e-01 -2.966141378848874410e-01 -1.742953708049640227e+00 -1.676902515799838511e-02 1.306067501817551602e-01 -1.889508581688232880e+00 1.666403381475845435e+00 -5.226753291000818535e-02 -1.169435770516884077e+00 1.083884009200119181e+00 -1.731128979045593042e-01 7.324123638731521169e-01 3.467958048262289594e-01 4.909210868527225102e-02 6.267800333966420112e-01 -1.166395606760318060e+00 -1.772290814183179464e-01 1.703771957205560739e+00 -6.832612828416131379e-01
-2.055900359935208144e+00 9.874786037165108610e-01 1.312470043843632084e+00 7.477839917396522651e-02 -2.996833407192411869e-01 3.330416377941219253e+00 8.127939854605301662e-01 1.285867644873974314e+00 1.416466322046687765e+00 1.019258555708120184e+00 1.140988657630259695e-01 -6.339200971625018610e-01 -5.789901714099414676e-01 5.125431497990575735e-01 -2.165832902579268193e+00 -2.887114872075926542e-01 -1.917109975411335654e+00 -4.307600858845432867e+00 -3.887099379861354009e-01 -1.178922734581590248e+00 -3.928767600367109480e+00 2.905554280653177557e-01 -1.285386209660657642e+00 -1.731275172828077302e-01 -2.870795684191307373e-02 1.439960350544367884e+00 1.318503828632969999e+00 1.143634498453820925e+00 3.411530370750028851e-01 3.831388236026043614e+00
-1.406575391580531686e+00 -2.206024231766718913e-01 2.276197918473030768e-01 -1.386172932423050952e-01 -3.333710861875260889e-01 8.127939854605301662e-01 7.598990669657723629e-01 5.005351574106384760e-01 6.099683875820005596e-01 6.239709664931751831e-01 6.226005652138724145e-01 -8.234495839400324257e-02 -1.323009461947322052e-02 4.001008642866281662e-01 -1.457888505353821529e-02 5.480768872592989283e-02 1.779218629877732383e-01 -1.296699402489423392e+00 -1.332462598962251832e-01 2.882355342040909818e-02 -1.306236109209294227e+00 6.766417269722069250e-02 -6.806895650272508647e-01 -3.485412839217474357e-01 -1.669446508263376927e-01 -6.793546108377768178e-02 5.307453532236081628e-01 3.522696618463214691e-01 -4.273821541069082741e-01 8.672734399705746000e-01
-2.056456590296932063e+00 6.007446363258850397e-02 4.720953844632163054e-01 -7.649427580190604203e-03 1.240070468952012561e-01 1.285867644873974314e+00 5.005351574106384760e-01 1.267889218532445739e+00 2.071792993532994842e-01 3.520100575382798525e-01 2.735722021824926742e-01 -4.647644815480020952e-01 1.290494320033417353e-01 -3.919696866391859658e-01 -6.113071131640595013e-01 7.589669619163714742e-01 -9.807944746270891301e-01 -8.709305756451612979e-01 5.067566186864951305e-01 -5.190227327304910432e-01 -8.866809793580046062e-01 2.951471901298532430e-01 -1.694348348749485922e-01 -3.133355769438139760e-02 -2.594262965939151400e-01 3.321202198903279168e-01 2.211113324127040869e-01 -2.189331428820651126e-01 3.562240861697318905e-03 6.787623378416469677e-01
-1.159788059537675053e+00 -4.772539745317203597e-01 5.397770336070379926e-01 -2.669785868973804099e-01 -7.774331282106459184e-01 1.416466322046687765e+00 6.099683875820005596e-01 2.071792993532994842e-01 1.705875327498006300e+00 8.738453412757962724e-01 1.021166062090401283e+00 -9.040498376202776853e-02 -2.322271861849003471e-01 1.585057847092400607e+00 -5.153812054081754468e-01 -4.677378758343593290e-01 5.160795725426510216e-01 -3.313862787853111058e+00 -4.226775510194045182e-01 -3.656382779308842146e-02 -2.946023413132706992e+00 1.744926052219284429e-01 -1.599795997771650491e+00 -5.329342232103044807e-01 -6.627882872118107116e-02 1.274834815806116239e-01 1.406325455444289219e+00 9.573800747439804582e-01 -5.659200223460061352e-01 2.330161022670210968e+00
-1.221766344448326436e+00 1.434178099452765309e-02 1.227334694352748556e-01 -1.368400402255360859e-01 -7.704591996866838599e-02 1.019258555708120184e+00 6.239709664931751831e-01 3.520100575382798525e-01 8.738453412757962724e-01 8.853637057683840794e-01 6.601843343225368699e-01 1.120278189364967147e-01 -1.779403798209955312e-01 3.744365780264615751e-01 -2.044975745051829108e-01 -1.965596016718222927e-01 -2.686288598278565587e-01 -1.722137084036546639e+00 -3.452846270797067518e-01 -4.201706676315097866e-01 -1.764039240960073585e+00 1.625377808801431456e-02 -9.509975810029800414e-01 -3.543427009695392371e-01 -9.504642345689262584e-02 1.913021856004206711e-01 5.496037323718496737e-01 6.478483816445645971e-01 1.245692037048797829e-01 1.367546246116944531e+00
-2.307782971604012801e+00 -1.709640740161717076e+00 9.389033263596502366e-02 -6.138111660756067067e-01 -7.504552167320639455e-01 1.140988657630259695e-01 6.226005652138724145e-01 2.735722021824926742e-01 1.021166062090401283e+00 6.601843343225368699e-01 1.872506263004652283e+00 -4.805838750155544403e-02 5.552503523441600919e-01 1.479564024858973426e+00 8.465488849336111343e-01 5.347723135735691358e-01 1.884809887852895827e+00 -1.131867462117440937e+00 4.890680028970564308e-01 5.377386554140457520e-01 -1.039706724737072818e+00 3.433727289591956833e-01 -1.232166475762141999e+00 -7.145398354272742836e-01 -2.948300537713066660e-01 -1.105418997087156185e+00 8.099863011997854301e-01 1.117570869195105843e-02 -1.250506512565777939e+00 4.848181879162893892e-02
5.017928157845403803e-01 3.596877501039443814e-01 -8.724977530131354797e-01 8.764501026530524541e-02 5.112380091761679068e-01 -6.339200971625018610e-01 -8.234495839400324257e-02 -4.647644815480020952e-01 -9.040498376202776853e-02 1.120278189364967147e-01 -4.805838750155544403e-02 8.888437139689813193e-01 -2.084266022995393541e-01 -5.046004001844153208e-01 7.364344767296415739e-01 -2.502229266376048145e-01 -1.819594836576925445e-01 9.648485880757675659e-01 -3.628349381023099340e-01 -5.060989419507677667e-01 3.151652839242728987e-01 -1.197236388399858242e-01 -5.096512210440096169e-02 -2.454561335366065578e-01 2.372565058493592005e-02 -1.890256249640742681e-02 -6.424188814087301580e-01 2.983619545622104852e-01 9.044243200260666526e-01 -4.205928996146326426e-01
-1.338156675500215442e+00 -1.068571107015543475e+00 -2.892963595267019627e-01 -3.178077674360224592e-01 -2.966141378848874410e-01 -5.789901714099414676e-01 -1.323009461947322052e-02 1.290494320033417353e-01 -2.322271861849003471e-01 -1.779403798209955312e-01 5.552503523441600919e-01 -2.084266022995393541e-01 9.011103093078531856e-01 2.087048119257701728e-01 8.466177652816213595e-01 9.876118903488873002e-01 1.433700832954343696e+00 1.114953810830058956e+00 9.470731564684058412e-01 8.877189182796314526e-01 1.126829693135960042e+00 2.403727229083187922e-01 2.229324058091037841e-01 -2.624861850463844348e-01 -2.730663004318785170e-01 -1.041925206121447900e+00 -7.598555327325584585e-02 -9.559704170234795129e-01 -1.030247659345945976e+00 -1.440987803300458836e+00
-6.950992093045442743e-01 -1.815376337527823125e+00 1.089627680380203856e+00 -5.732137255384941454e-01 -1.742953708049640227e+00 5.125431497990575735e-01 4.001008642866281662e-01 -3.919696866391859658e-01 1.585057847092400607e+00 3.744365780264615751e-01 1.479564024858973426e+00 -5.046004001844153208e-01 2.087048119257701728e-01 3.187309765718964627e+00 -1.349766148802586940e-01 -6.346741244591953546e-01 2.608776386670740521e+00 -3.222402172801309916e+00 -2.084059823106372278e-01 1.205224482887558679e+00 -2.203704614833668529e+00 1.925599713126189272e-01 -1.633344174913929692e+00 -4.328228267088434222e-01 1.725375524472383404e-01 -7.580427231962971746e-01 1.848906216953480453e+00 7.630542148764902777e-01 -2.139187993094196827e+00 1.462371992901012163e+00
-6.358032808327038765e-01 -1.407762964331652711e+00 -1.655676452528155096e+00 -3.045620317966495350e-01 -1.676902515799838511e-02 -2.165832902579268193e+00 -1.457888505353821529e-02 -6.113071131640595013e-01 -5.153812054081754468e-01 -2.044975745051829108e-01 8.465488849336111343e-01 7.364344767296415739e-01 8.466177652816213595e-01 -1.349766148802586940e-01 2.678282274543789754e+00 8.844766847132632392e-01 2.434869067911790808e+00 3.155106892096171123e+00 6.335551125260963090e-01 1.110819690211201305e+00 2.377834598520848886e+00 8.105243304646592151e-02 3.788114609206445493e-01 -6.763422756517343259e-01 -3.413056168980688199e-01 -1.756896820972656315e+00 -8.763359523547933350e-01 -9.449545249244692968e-01 -8.433352566557914542e-01 -3.058088615695965018e+00
-2.495638510318144654e+00 -7.913900783314602450e-01 -4.469039948109525540e-01 -3.149855816893136762e-01 1.306067501817551602e-01 -2.887114872075926542e-01 5.480768872592989283e-02 7.589669619163714742e-01 -4.677378758343593290e-01 -1.965596016718222927e-01 5.347723135735691358e-01 -2.502229266376048145e-01 9.876118903488873002e-01 -6.346741244591953546e-01 8.844766847132632392e-01 1.925039173566688078e+00 7.653902447742098047e-01 1.750595515880945641e+00 1.602817225713664584e+00 3.825815095842131086e-01 1.393750308945527649e+00 5.694586637718259681e-01 4.374627321094521903e-01 -3.857912440926156705e-01 -6.231753222698444006e-01 -9.633454560944301193e-01 -4.808328175083715905e-01 -1.509377007927412251e+00 -6.203699202835082360e-01 -1.708620064970375552e+00
-1.368561612743746991e+00 -3.266160738318717449e+00 -4.697390972458492797e-01 -8.806943616883700088e-01 -1.889508581688232880e+00 -1.917109975411335654e+00 1.779218629877732383e-01 -9.807944746270891301e-01 5.160795725426510216e-01 -2.686288598278565587e-01 1.884809887852895827e+00 -1.819594836576925445e-01 1.433700832954343696e+00 2.608776386670740521e+00 2.434869067911790808e+00 7.653902447742098047e-01 5.547701193347108983e+00 8.387708713544839156e-01 1.001421350855764558e+00 3.090441686337840110e+00 1.345081102159554121e+00 3.700753682307436065e-01 -5.554662061078943225e-01 -9.998651953265493830e-01 -3.028455164279080236e-01 -2.883198891388872198e+00 8.239338522455454950e-01 -9.277812280521402499e-01 -3.556602209741697607e+00 -2.390062939411450316e+00
1.365582731849485754e+00 -1.896479445185832446e-01 -2.657367198852853107e+00 2.667576885332891834e-01 1.666403381475845435e+00 -4.307600858845432867e+00 -1.296699402489423392e+00 -8.709305756451612979e-01 -3.313862787853111058e+00 -1.722137084036546639e+00 -1.131867462117440937e+00 9.648485880757675659e-01 1.114953810830058956e+00 -3.222402172801309916e+00 3.155106892096171123e+00 1.750595515880945641e+00 8.387708713544839156e-01 8.859414860400534053e+00 1.416872557297551793e+00 6.426316013722725984e-01 7.198798713400549332e+00 -1.155842003978193588e-01 3.139290812741762693e+00 1.778092654622014379e-01 -2.511813377631142430e-01 -1.623227571522647850e+00 -3.416367151547888170e+00 -2.529160589004845860e+00 7.509775321756819721e-01 -6.660777184631797354e+00
-2.024769705143683041e+00 -8.901888091669150072e-01 -1.439272736151053778e-01 -3.540055256416962948e-01 -5.226753291000818535e-02 -3.887099379861354009e-01 -1.332462598962251832e-01 5.067566186864951305e-01 -4.226775510194045182e-01 -3.452846270797067518e-01 4.890680028970564308e-01 -3.628349381023099340e-01 9.470731564684058412e-01 -2.084059823106372278e-01 6.335551125260963090e-01 1.602817225713664584e+00 1.001421350855764558e+00 1.416872557297551793e+00 1.609855081105223462e+00 5.409986262858410555e-01 1.347425836150591749e+00 5.924975130402003742e-01 3.574610071497943409e-01 -2.489754112995115065e-01 -4.505996103828522337e-01 -9.783711929833032173e-01 -3.066932097354424513e-01 -1.444338679914494605e+00 -7.664732871484716270e-01 -1.524034739068270028e+00
-4.782044259417261856e-02 -1.840575576116407319e+00 -1.100476752955046322e-01 -3.337333653765881536e-01 -1.169435770516884077e+00 -1.178922734581590248e+00 2.882355342040909818e-02 -5.190227327304910432e-01 -3.656382779308842146e-02 -4.201706676315097866e-01 5.377386554140457520e-01 -5.060989419507677667e-01 8.877189182796314526e-01 1.205224482887558679e+00 1.110819690211201305e+00 3.825815095842131086e-01 3.090441686337840110e+00 6.426316013722725984e-01 5.409986262858410555e-01 2.581032343521883377e+00 1.328699525610659293e+00 -4.221258852010123519e-02 3.097289412916666151e-01 -1.594233743608697296e-01 -1.324428550635161628e-01 -1.659390298931384677e+00 6.309870497284464363e-01 -8.637434682547109333e-01 -2.535740617197404845e+00 -1.722079998582046301e+00
1.840689842049414437e+00 -7.495291797513345955e-01 -1.820062596266950550e+00 2.155275503921529889e-01 1.083884009200119181e+00 -3.928767600367109480e+00 -1.306236109209294227e+00 -8.866809793580046062e-01 -2.946023413132706992e+00 -1.764039240960073585e+00 -1.039706724737072818e+00 3.151652839242728987e-01 1.126829693135960042e+00 -2.203704614833668529e+00 2.377834598520848886e+00 1.393750308945527649e+00 1.345081102159554121e+00 7.198798713400549332e+00 1.347425836150591749e+00 1.328699525610659293e+00 6.822076283839919597e+00 -3.012613450507615198e-01 2.817278484161136021e+00 6.893786332480544843e-01 -6.306592729697513278e-02 -1.650107538903739623e+00 -2.551658574445639260e+00 -2.489621297192741167e+00 -4.521503805460724834e-02 -6.156739509923056630e+00
-1.303048459631270362e+00 -2.263365700899839794e-01 1.183820797026555738e-01 -2.238227591238910463e-01 -1.731128979045593042e-01 2.905554280653177557e-01 6.766417269722069250e-02 2.951471901298532430e-01 1.744926052219284429e-01 1.625377808801431456e-02 3.433727289591956833e-01 -1.197236388399858242e-01 2.403727229083187922e-01 1.925599713126189272e-01 8.105243304646592151e-02 5.694586637718259681e-01 3.700753682307436065e-01 -1.155842003978193588e-01 5.924975130402003742e-01 -4.221258852010123519e-02 -3.012613450507615198e-01 5.636695748633542280e-01 -2.273114471739461351e-01 -3.951919271813153500e-01 -2.094047200392878949e-01 -2.333764373138365045e-01 7.098534184757454568e-02 -3.136410448241235827e-01 -2.988062340251929072e-01 1.962926980376664687e-01
1.425215074850825658e+00 4.618045705142321822e-01 -5.637727341999720920e-01 3.666797186469352710e-01 7.324123638731521169e-01 -1.285386209660657642e+00 -6.806895650272508647e-01 -1.694348348749485922e-01 -1.599795997771650491e+00 -9.509975810029800414e-01 -1.232166475762141999e+00 -5.096512210440096169e-02 2.229324058091037841e-01 -1.633344174913929692e+00 3.788114609206445493e-01 4.374627321094521903e-01 -5.554662061078943225e-01 3.139290812741762693e+00 3.574610071497943409e-01 3.097289412916666151e-01 2.817278484161136021e+00 -2.273114471739461351e-01 1.826655814488049145e+00 5.859633917930864300e-01 5.880726143556103125e-02 -6.042713397982879542e-02 -1.191388528502955069e+00 -1.009559942446060177e+00 3.202370446420559347e-01 -2.230034966495225035e+00
1.492209000988907519e+00 4.105605732366370830e-01 3.267527614954133242e-01 2.807526040665493383e-01 3.467958048262289594e-01 -1.731275172828077302e-01 -3.485412839217474357e-01 -3.133355769438139760e-02 -5.329342232103044807e-01 -3.543427009695392371e-01 -7.145398354272742836e-01 -2.454561335366065578e-01 -2.624861850463844348e-01 -4.328228267088434222e-01 -6.763422756517343259e-01 -3.857912440926156705e-01 -9.998651953265493830e-01 1.778092654622014379e-01 -2.489754112995115065e-01 -1.594233743608697296e-01 6.893786332480544843e-01 -3.951919271813153500e-01 5.859633917930864300e-01 9.224345822721033983e-01 3.067211933531552859e-01 5.081721675770154434e-01 -1.695584576222017859e-01 -8.435337745083870686e-02 4.864925380389308884e-01 -3.189573736395914239e-01
8.296300038618937833e-01 1.799322708311024144e-01 2.474931751713143058e-01 1.337271262719355036e-01 4.909210868527225102e-02 -2.870795684191307373e-02 -1.669446508263376927e-01 -2.594262965939151400e-01 -6.627882872118107116e-02 -9.504642345689262584e-02 -2.948300537713066660e-01 2.372565058493592005e-02 -2.730663004318785170e-01 1.725375524472383404e-01 -3.413056168980688199e-01 -6.231753222698444006e-01 -3.028455164279080236e-01 -2.511813377631142430e-01 -4.505996103828522337e-01 -1.324428550635161628e-01 -6.306592729697513278e-02 -2.094047200392878949e-01 5.880726143556103125e-02 3.067211933531552859e-01 4.239158747138560557e-01 3.302555744623418832e-01 -2.282376450915535315e-02 4.309626671907267337e-01 1.989204144805967189e-01 1.954229183850202389e-01
1.249296079313978680e+00 1.895043107673814120e+00 6.491666503957844725e-01 4.952432350582398612e-01 6.267800333966420112e-01 1.439960350544367884e+00 -6.793546108377768178e-02 3.321202198903279168e-01 1.274834815806116239e-01 1.913021856004206711e-01 -1.105418997087156185e+00 -1.890256249640742681e-02 -1.041925206121447900e+00 -7.580427231962971746e-01 -1.756896820972656315e+00 -9.633454560944301193e-01 -2.883198891388872198e+00 -1.623227571522647850e+00 -9.783711929833032173e-01 -1.659390298931384677e+00 -1.650107538903739623e+00 -2.333764373138365045e-01 -6.042713397982879542e-02 5.081721675770154434e-01 3.302555744623418832e-01 1.921423854603574455e+00 2.614124312748344892e-02 1.018858936609888133e+00 1.691113542748610143e+00 2.298212858182580476e+00
-6.225391533207584871e-01 -7.047262004733738650e-01 1.068728709122353848e+00 -2.799120296209594017e-01 -1.166395606760318060e+00 1.318503828632969999e+00 5.307453532236081628e-01 2.211113324127040869e-01 1.406325455444289219e+00 5.496037323718496737e-01 8.099863011997854301e-01 -6.424188814087301580e-01 -7.598555327325584585e-02 1.848906216953480453e+00 -8.763359523547933350e-01 -4.808328175083715905e-01 8.239338522455454950e-01 -3.416367151547888170e+00 -3.066932097354424513e-01 6.309870497284464363e-01 -2.551658574445639260e+00 7.098534184757454568e-02 -1.191388528502955069e+00 -1.695584576222017859e-01 -2.282376450915535315e-02 2.614124312748344892e-02 1.772125087376537067e+00 6.374544017665471074e-01 -1.298558455136458178e+00 2.090655087904735865e+00
7.500901917150031295e-01 7.490822544354500678e-01 6.022972708227030125e-01 1.648962386418020287e-01 -1.772290814183179464e-01 1.143634498453820925e+00 3.522696618463214691e-01 -2.189331428820651126e-01 9.573800747439804582e-01 6.478483816445645971e-01 1.117570869195105843e-02 2.983619545622104852e-01 -9.559704170234795129e-01 7.630542148764902777e-01 -9.449545249244692968e-01 -1.509377007927412251e+00 -9.277812280521402499e-01 -2.529160589004845860e+00 -1.444338679914494605e+00 -8.637434682547109333e-01 -2.489621297192741167e+00 -3.136410448241235827e-01 -1.009559942446060177e+00 -8.435337745083870686e-02 4.309626671907267337e-01 1.018858936609888133e+00 6.374544017665471074e-01 1.877261083038433753e+00 6.550771510956110433e-01 2.408962629040729553e+00
1.586721925198048666e+00 2.432864927426123813e+00 -5.535844554502773462e-01 5.779899455267241137e-01 1.703771957205560739e+00 3.411530370750028851e-01 -4.273821541069082741e-01 3.562240861697318905e-03 -5.659200223460061352e-01 1.245692037048797829e-01 -1.250506512565777939e+00 9.044243200260666526e-01 -1.030247659345945976e+00 -2.139187993094196827e+00 -8.433352566557914542e-01 -6.203699202835082360e-01 -3.556602209741697607e+00 7.509775321756819721e-01 -7.664732871484716270e-01 -2.535740617197404845e+00 -4.521503805460724834e-02 -2.988062340251929072e-01 3.202370446420559347e-01 4.864925380389308884e-01 1.989204144805967189e-01 1.691113542748610143e+00 -1.298558455136458178e+00 6.550771510956110433e-01 3.330490119212470290e+00 8.235628893778539350e-01
-3.957906857545481216e-01 1.714047089908206090e+00 1.979006598128705718e+00 3.393742316529824166e-02 -6.832612828416131379e-01 3.831388236026043614e+00 8.672734399705746000e-01 6.787623378416469677e-01 2.330161022670210968e+00 1.367546246116944531e+00 4.848181879162893892e-02 -4.205928996146326426e-01 -1.440987803300458836e+00 1.462371992901012163e+00 -3.058088615695965018e+00 -1.708620064970375552e+00 -2.390062939411450316e+00 -6.660777184631797354e+00 -1.524034739068270028e+00 -1.722079998582046301e+00 -6.156739509923056630e+00 1.962926980376664687e-01 -2.230034966495225035e+00 -3.189573736395914239e-01 1.954229183850202389e-01 2.298212858182580476e+00 2.090655087904735865e+00 2.408962629040729553e+00 8.235628893778539350e-01 6.383943634102649867e+00
