9.786044853680095912e-01 9.746712308206610942e-01 1.036759709201987789e+00 2.333615356774316751e-01 -1.422889251599599447e-01 8.616735071144603353e-01 1.743051385063836278e-01 4.983702471359947594e-01 -1.377523466460957025e-01 -8.965706653430061124e-02 -6.511960439505628528e-01 -5.779388749278382420e-01 -6.289506876655082124e-01 -2.132196371159125192e-01 -1.315679659678039570e+00 -6.039897315592384075e-01 -1.547929909974072871e+00 -1.269708494265046284e+00 -5.661817693037960453e-01 -5.137263574620192230e-01 -9.534415487054275218e-01 -1.301969325782010856e-01 1.535949212479863490e-01 5.993842832746167915e-01 1.943443527270005688e-01 1.123076462025665023e+00 3.616163497337083754e-01 4.383629678786746808e-01 3.186494535361248381e-01 1.395089173628889512e+00
9.746712308206610942e-01 6.018565387833291425e+00 4.427712785383164373e-02 1.331090988426069543e+00 2.671535530021458271e+00 2.734785309484266236e+00 -4.359349905191152175e-01 8.972015546553393506e-01 -1.553689030107591407e+00 4.226470912863078411e-02 -3.742226875090523208e+00 6.410567797772159793e-01 -1.845924042140268284e+00 -4.853836666144900391e+00 -2.939254435381542407e+00 -7.048877574796392764e-01 -7.400253010951871602e+00 9.928041096770812146e-01 -1.108272352771678015e+00 -4.376040127847034000e+00 -1.068543054910719547e+00 -1.391329457388224000e-02 1.651320659246039213e+00 4.110525412609149498e-01 4.354805431117938497e-01 3.962963859696799318e+00 -2.239625929500959955e+00 1.325422803869798827e+00 5.170771275598383454e+00 2.977134438998632504e+00
1.036759709201987789e+00 4.427712785383164373e-02 3.075448041682420808e+00 5.706811503785047535e-02 -1.554910306861074787e+00 1.532534873846714163e+00 1.106928742380546282e-01 8.467629823892366403e-01 3.333448090472188596e-01 -5.709213339110874585e-01 -3.454104401704398697e-01 -1.989499141876081012e+00 -5.191444528775264189e-01 1.704254633771938643e+00 -2.699112350352208978e+00 -9.422082528528505918e-01 -6.468038873532009347e-01 -3.617061808322205252e+00 -3.084018307816336346e-01 4.437232377525788252e-01 -2.057906240131103459e+00 1.594270015627046178e-01 -1.321575204189571195e-01 1.014788471852398288e+00 4.522039590469830728e-01 1.150356460650073132e+00 1.839493138472164446e+00 5.245243256862863745e-01 -1.510093861555958483e+00 2.567967266775269763e+00
2.333615356774316751e-01 1.331090988426069543e+00 5.706811503785047535e-02 4.641914403907776432e-01 6.646949905398287228e-01 7.487171650481059260e-01 -3.422989789692110207e-02 2.826462078709255366e-01 -2.960310913986745618e-01 5.433116782148772472e-02 -8.341147430353998971e-01 1.186926691335656869e-01 -5.281000077731619058e-01 -1.064550970340974345e+00 -7.817087126151136545e-01 -3.211448034307977650e-01 -1.856922539967115426e+00 1.984630746932225520e-02 -3.899363448956023603e-01 -1.071203483813633284e+00 -3.833923625772399646e-01 -4.399537171872225372e-02 3.244663838142969325e-01 2.101621523895573773e-01 1.670858002171371481e-01 9.987390519887640039e-01 -4.703155189960739335e-01 3.984395473030417634e-01 1.225151700052151682e+00 7.769641833031073475e-01
-1.422889251599599447e-01 2.671535530021458271e+00 -1.554910306861074787e+00 6.646949905398287228e-01 2.521406110130897105e+00 3.318901711026001067e-01 -3.293190695899284037e-01 6.171993797823915884e-02 -1.048317930702239664e+00 3.403724325718258115e-01 -1.488734091858361808e+00 1.411353691604119831e+00 -6.611759561019425746e-01 -3.378001207000068007e+00 -2.763131313446365311e-02 1.609061732995655802e-01 -3.562934593766215130e+00 2.686091499372707858e+00 -3.433188641449760325e-01 -2.652931724282836967e+00 8.238744316936958967e-01 -8.280575595856021209e-02 9.343446146945666442e-01 -1.685118056857959346e-01 2.817247502218833688e-02 1.347241309094215467e+00 -2.259573780654989150e+00 3.647618601737576682e-01 3.546352023303995793e+00 -1.942657463458203893e-01
8.616735071144603353e-01 2.734785309484266236e+00 1.532534873846714163e+00 7.487171650481059260e-01 3.318901711026001067e-01 2.752175905782053178e+00 -5.198605196505923232e-02 1.073626638755683871e+00 -2.632244160892582840e-01 -2.372581509533233657e-01 -1.963195281374453316e+00 -7.741872771177895629e-01 -1.182256924471346338e+00 -1.062233345167726384e+00 -3.084033767048254049e+00 -9.550307201783994060e-01 -3.913932521619926774e+00 -2.150346745026240569e+00 -8.148838966109224202e-01 -1.877169015185245371e+00 -2.168360836622071020e+00 9.972513768946100754e-02 4.954345904731098926e-01 7.130206151212519217e-01 4.890266908156490899e-01 2.644112663391581464e+00 1.747823876277720956e-01 1.042273800077623491e+00 1.536681294853167401e+00 3.267639796134517383e+00
1.743051385063836278e-01 -4.359349905191152175e-01 1.106928742380546282e-01 -3.422989789692110207e-02 -3.293190695899284037e-01 -5.198605196505923232e-02 3.183149086447656373e-01 1.005422331149361526e-01 2.147092002196586691e-01 1.025933384544828186e-01 3.301866515097913179e-01 -1.408302966751762142e-01 -6.654720052648599449e-02 4.687009287391106227e-01 1.323342950842061327e-01 -1.570910212578837672e-01 3.928080945714782501e-01 -5.447949112237893132e-01 -2.111027256200372904e-01 3.502493350800932603e-01 -2.487916494227420117e-01 -1.305040920211695266e-01 -2.573460672334135779e-01 1.116162923809156382e-01 -4.385793946971716650e-02 -1.522750293385115583e-01 3.723936118246911064e-01 4.812191187937742143e-02 -4.676120833920549558e-01 4.465803725366868093e-02
4.983702471359947594e-01 8.972015546553393506e-01 8.467629823892366403e-01 2.826462078709255366e-01 6.171993797823915884e-02 1.073626638755683871e+00 1.005422331149361526e-01 6.821450156519972552e-01 -9.600030951605731389e-02 -7.289461422760723508e-02 -5.929685705804672580e-01 -4.704144130804479573e-01 -5.831261066933279835e-01 -2.993499839701598830e-01 -1.323499694445843033e+00 -4.888284178235835498e-01 -1.731678267494885404e+00 -1.056721694461884908e+00 -4.500920689720260270e-01 -8.487078875267570766e-01 -9.781281537813697469e-01 5.497510417711737318e-03 1.470848553900054867e-01 4.363891225168572419e-01 2.180803259809067640e-01 1.142261243557413763e+00 1.895132868336872889e-01 4.898072436508869032e-01 5.422919852854874989e-01 1.378471583892519448e+00
-1.377523466460957025e-01 -1.553689030107591407e+00 3.333448090472188596e-01 -2.960310913986745618e-01 -1.048317930702239664e+00 -2.632244160892582840e-01 2.147092002196586691e-01 -9.600030951605731389e-02 6.976997696665421245e-01 -4.773718756382550055e-02 8.808770294842247495e-01 -3.817344092365146935e-01 3.888299452260071121e-01 1.643024034300594849e+00 3.417806352790648816e-01 -4.010299197784661374e-02 1.920533087350804635e+00 -1.201144125617645386e+00 1.399499953335521241e-01 1.335351079543386277e+00 -4.079420543484388872e-01 2.804690839326440255e-03 -5.742565690750893737e-01 -3.909882880452641984e-02 -2.833641959938404398e-02 -8.362835708484794850e-01 1.032143021549813966e+00 -1.963328543681654992e-01 -1.671237279757633587e+00 -1.118230601545064928e-01
-8.965706653430061124e-02 4.226470912863078411e-02 -5.709213339110874585e-01 5.433116782148772472e-02 3.403724325718258115e-01 -2.372581509533233657e-01 1.025933384544828186e-01 -7.289461422760723508e-02 -4.773718756382550055e-02 2.109520430355473763e-01 8.073281054709013915e-02 3.907760269352138494e-01 -2.959918988869958412e-02 -3.757278246418991330e-01 4.759936878966755103e-01 5.379751888744976895e-02 -8.640434652005524185e-02 5.309454639580621915e-01 -1.116014464299439624e-01 -1.637391786992452580e-01 2.748844254491018546e-01 -1.157599060010738867e-01 -2.860267333602450890e-02 -9.050528503217947218e-02 -6.456202891354223539e-02 -1.163457688685980429e-01 -3.245344346742058406e-01 -1.049344726271783657e-02 3.803436227706242789e-01 -4.016397127205664219e-01
-6.511960439505628528e-01 -3.742226875090523208e+00 -3.454104401704398697e-01 -8.341147430353998971e-01 -1.488734091858361808e+00 -1.963195281374453316e+00 3.301866515097913179e-01 -5.929685705804672580e-01 8.808770294842247495e-01 8.073281054709013915e-02 2.526292914803264011e+00 -2.022267004228410769e-01 1.140205528318290362e+00 2.777250059879747823e+00 2.198698632848845591e+00 5.490456693534611077e-01 4.563177489280860755e+00 -1.490045474660632863e-01 6.656153921071563673e-01 2.530881536594563386e+00 9.383263992149863952e-01 -5.012412846284064472e-02 -1.070928284333376723e+00 -3.120954932476251997e-01 -3.558788429394894592e-01 -2.566617328893300964e+00 1.177735325847095282e+00 -8.744726798328770201e-01 -2.936126223914527600e+00 -2.223706471718116973e+00
-5.779388749278382420e-01 6.410567797772159793e-01 -1.989499141876081012e+00 1.186926691335656869e-01 1.411353691604119831e+00 -7.741872771177895629e-01 -1.408302966751762142e-01 -4.704144130804479573e-01 -3.817344092365146935e-01 3.907760269352138494e-01 -2.022267004228410769e-01 1.556174295947528208e+00 1.338434096016385411e-01 -1.704108435366777030e+00 1.415704950283782182e+00 4.805455667558362620e-01 -4.916026127174859539e-01 2.445591304176446101e+00 6.016069789669131751e-02 -8.090272576827146622e-01 1.152800312435260821e+00 -1.160093394124999122e-01 2.692872076105459200e-01 -6.253775262460976592e-01 -1.930306041724634269e-01 -3.068173145792343348e-01 -1.483761190514599093e+00 -1.562079939305931475e-01 1.662499818741991930e+00 -1.315711404702483378e+00
-6.289506876655082124e-01 -1.845924042140268284e+00 -5.191444528775264189e-01 -5.281000077731619058e-01 -6.611759561019425746e-01 -1.182256924471346338e+00 -6.654720052648599449e-02 -5.831261066933279835e-01 3.888299452260071121e-01 -2.959918988869958412e-02 1.140205528318290362e+00 1.338434096016385411e-01 9.151720659748434628e-01 1.259669044753536582e+00 1.376750579725012358e+00 5.528026573675788313e-01 2.691503787377769186e+00 4.713768028674394373e-01 6.496954975879702943e-01 1.434901451417886165e+00 8.212901461740216291e-01 5.320887543030039524e-02 -4.088711833265392670e-01 -4.341284439828427821e-01 -2.703752991116630255e-01 -1.569916922671040993e+00 3.711451548043100956e-01 -6.473078978579565046e-01 -1.457265147371174407e+00 -1.427706249017887785e+00
-2.132196371159125192e-01 -4.853836666144900391e+00 1.704254633771938643e+00 -1.064550970340974345e+00 -3.378001207000068007e+00 -1.062233345167726384e+00 4.687009287391106227e-01 -2.993499839701598830e-01 1.643024034300594849e+00 -3.757278246418991330e-01 2.777250059879747823e+00 -1.704108435366777030e+00 1.259669044753536582e+00 5.283482213678439621e+00 7.804567845441852114e-01 2.430447349752284936e-03 5.924161121125393947e+00 -3.361273559133621802e+00 6.995042048056632211e-01 4.018182715508032743e+00 -6.420464472400340128e-01 9.893399154714188626e-02 -1.587322492583609801e+00 1.626564253522246872e-01 -1.182243934592293044e-01 -2.579609286646473265e+00 3.127750905830225747e+00 -7.575158108405162238e-01 -5.304956016512051065e+00 -6.484778392529051416e-01
-1.315679659678039570e+00 -2.939254435381542407e+00 -2.699112350352208978e+00 -7.817087126151136545e-01 -2.763131313446365311e-02 -3.084033767048254049e+00 1.323342950842061327e-01 -1.323499694445843033e+00 3.417806352790648816e-01 4.759936878966755103e-01 2.198698632848845591e+00 1.415704950283782182e+00 1.376750579725012358e+00 7.804567845441852114e-01 4.143275346072357479e+00 1.259474671950840730e+00 4.424661818733909513e+00 3.042543972380713058e+00 8.600945403835851266e-01 1.911299763367026117e+00 2.607454272146753738e+00 -1.496014518532149395e-01 -6.004048884356052440e-01 -1.159220290205496440e+00 -6.701698925124333073e-01 -3.113664997593161843e+00 -5.984850403259542873e-01 -1.187486070209445188e+00 -1.310661817229856752e+00 -4.009909055857917792e+00
-6.039897315592384075e-01 -7.048877574796392764e-01 -9.422082528528505918e-01 -3.211448034307977650e-01 1.609061732995655802e-01 -9.550307201783994060e-01 -1.570910212578837672e-01 -4.888284178235835498e-01 -4.010299197784661374e-02 5.379751888744976895e-02 5.490456693534611077e-01 4.805455667558362620e-01 5.528026573675788313e-01 2.430447349752284936e-03 1.259474671950840730e+00 7.598099155690363204e-01 1.303583547603182069e+00 1.423035639364002236e+00 5.405744915591128574e-01 3.646704793006847467e-01 1.072209301520558711e+00 4.574512750753001455e-02 -5.158239470392800285e-02 -5.261641739108426918e-01 -3.571171808702615635e-01 -9.585905632485491878e-01 -4.171969538081157225e-01 -5.133884537809763060e-01 -1.767485878272054833e-01 -1.354562005162222249e+00
-1.547929909974072871e+00 -7.400253010951871602e+00 -6.468038873532009347e-01 -1.856922539967115426e+00 -3.562934593766215130e+00 -3.913932521619926774e+00 3.928080945714782501e-01 -1.731678267494885404e+00 1.920533087350804635e+00 -8.640434652005524185e-02 4.563177489280860755e+00 -4.916026127174859539e-01 2.691503787377769186e+00 5.924161121125393947e+00 4.424661818733909513e+00 1.303583547603182069e+00 1.042947695227297800e+01 -4.411621729722128293e-01 1.778895316061948506e+00 6.113948493949237672e+00 1.948939591566102081e+00 6.846759411376979187e-02 -1.995914213827063577e+00 -1.067993703050888143e+00 -7.656494197131564761e-01 -5.601129242682191034e+00 2.582321332572007577e+00 -1.978353261391418982e+00 -6.738854501619584880e+00 -4.314963362250352930e+00
-1.269708494265046284e+00 9.928041096770812146e-01 -3.617061808322205252e+00 1.984630746932225520e-02 2.686091499372707858e+00 -2.150346745026240569e+00 -5.447949112237893132e-01 -1.056721694461884908e+00 -1.201144125617645386e+00 5.309454639580621915e-01 -1.490045474660632863e-01 2.445591304176446101e+00 4.713768028674394373e-01 -3.361273559133621802e+00 3.042543972380713058e+00 1.423035639364002236e+00 -4.411621729722128293e-01 6.019113048746078221e+00 6.020741127987889740e-01 -1.530321880212682117e+00 3.355764268678626649e+00 -3.392375178083284482e-02 8.686032186704437663e-01 -1.257732041911594933e+00 -5.451808439969454412e-01 -9.517034130633987843e-01 -3.176657696612380732e+00 -6.536688983962903876e-01 2.942689979663271060e+00 -3.460071875094342886e+00
-5.661817693037960453e-01 -1.108272352771678015e+00 -3.084018307816336346e-01 -3.899363448956023603e-01 -3.433188641449760325e-01 -8.148838966109224202e-01 -2.111027256200372904e-01 -4.500920689720260270e-01 1.399499953335521241e-01 -1.116014464299439624e-01 6.656153921071563673e-01 6.016069789669131751e-02 6.496954975879702943e-01 6.995042048056632211e-01 8.600945403835851266e-01 5.405744915591128574e-01 1.778895316061948506e+00 6.020741127987889740e-01 6.841237883234896344e-01 8.662880586179255715e-01 7.887761169097302627e-01 1.286935945758216349e-01 -1.770976450514467615e-01 -3.444018172758944729e-01 -2.054016097335704671e-01 -1.073070533344917976e+00 9.617128896542226357e-02 -5.188639548330797879e-01 -8.584524072611543488e-01 -1.079539933883921776e+00
-5.137263574620192230e-01 -4.376040127847034000e+00 4.437232377525788252e-01 -1.071203483813633284e+00 -2.652931724282836967e+00 -1.877169015185245371e+00 3.502493350800932603e-01 -8.487078875267570766e-01 1.335351079543386277e+00 -1.637391786992452580e-01 2.530881536594563386e+00 -8.090272576827146622e-01 1.434901451417886165e+00 4.018182715508032743e+00 1.911299763367026117e+00 3.646704793006847467e-01 6.113948493949237672e+00 -1.530321880212682117e+00 8.662880586179255715e-01 4.135948190503597743e+00 3.981510403311290247e-01 2.429378265884452048e-02 -1.224180846370870768e+00 -2.914208688396229263e-01 -2.894547195062386891e-01 -3.070479145483318462e+00 2.183745503390923659e+00 -1.002277514432364569e+00 -4.626620431909771014e+00 -1.764330390488964895e+00
-9.534415487054275218e-01 -1.068543054910719547e+00 -2.057906240131103459e+00 -3.833923625772399646e-01 8.238744316936958967e-01 -2.168360836622071020e+00 -2.487916494227420117e-01 -9.781281537813697469e-01 -4.079420543484388872e-01 2.748844254491018546e-01 9.383263992149863952e-01 1.152800312435260821e+00 8.212901461740216291e-01 -6.420464472400340128e-01 2.607454272146753738e+00 1.072209301520558711e+00 1.948939591566102081e+00 3.355764268678626649e+00 7.887761169097302627e-01 3.981510403311290247e-01 2.710137726927712265e+00 -6.863145485243649091e-02 5.280193204271199647e-04 -7.196842757552985859e-01 -4.579601517191349558e-01 -1.758906085119065210e+00 -1.336486710520091492e+00 -8.449442124407937627e-01 3.378014999411789177e-01 -3.135777480996068789e+00
-1.301969325782010856e-01 -1.391329457388224000e-02 1.594270015627046178e-01 -4.399537171872225372e-02 -8.280575595856021209e-02 9.972513768946100754e-02 -1.305040920211695266e-01 5.497510417711737318e-03 2.804690839326440255e-03 -1.157599060010738867e-01 -5.012412846284064472e-02 -1.160093394124999122e-01 5.320887543030039524e-02 9.893399154714188626e-02 -1.496014518532149395e-01 4.574512750753001455e-02 6.846759411376979187e-02 -3.392375178083284482e-02 1.286935945758216349e-01 2.429378265884452048e-02 -6.863145485243649091e-02 1.728880916729735873e-01 7.621160146231886756e-02 -7.393828777316002743e-02 3.729600836945223818e-02 9.028423818648434462e-03 5.962969712226140473e-02 -1.737553473998332265e-02 -1.355881994575156568e-01 1.205170380796403151e-01
1.535949212479863490e-01 1.651320659246039213e+00 -1.321575204189571195e-01 3.244663838142969325e-01 9.343446146945666442e-01 4.954345904731098926e-01 -2.573460672334135779e-01 1.470848553900054867e-01 -5.742565690750893737e-01 -2.860267333602450890e-02 -1.070928284333376723e+00 2.692872076105459200e-01 -4.088711833265392670e-01 -1.587322492583609801e+00 -6.004048884356052440e-01 -5.158239470392800285e-02 -1.995914213827063577e+00 8.686032186704437663e-01 -1.770976450514467615e-01 -1.224180846370870768e+00 5.280193204271199647e-04 7.621160146231886756e-02 7.150542480338231144e-01 -7.491729906917043991e-03 1.022617546416313417e-01 9.643441223841477949e-01 -8.347211972799755131e-01 2.669631698353214233e-01 1.466196352850204221e+00 5.151788945677822085e-01
5.993842832746167915e-01 4.110525412609149498e-01 1.014788471852398288e+00 2.101621523895573773e-01 -1.685118056857959346e-01 7.130206151212519217e-01 1.116162923809156382e-01 4.363891225168572419e-01 -3.909882880452641984e-02 -9.050528503217947218e-02 -3.120954932476251997e-01 -6.253775262460976592e-01 -4.341284439828427821e-01 1.626564253522246872e-01 -1.159220290205496440e+00 -5.261641739108426918e-01 -1.067993703050888143e+00 -1.257732041911594933e+00 -3.444018172758944729e-01 -2.914208688396229263e-01 -7.196842757552985859e-01 -7.393828777316002743e-02 -7.491729906917043991e-03 7.402590268753783675e-01 2.368077857572075118e-01 7.531291803613839875e-01 4.110676099861620969e-01 3.111698507831874849e-01 8.428544957979511310e-02 9.219781367189057164e-01
1.943443527270005688e-01 4.354805431117938497e-01 4.522039590469830728e-01 1.670858002171371481e-01 2.817247502218833688e-02 4.890266908156490899e-01 -4.385793946971716650e-02 2.180803259809067640e-01 -2.833641959938404398e-02 -6.456202891354223539e-02 -3.558788429394894592e-01 -1.930306041724634269e-01 -2.703752991116630255e-01 -1.182243934592293044e-01 -6.701698925124333073e-01 -3.571171808702615635e-01 -7.656494197131564761e-01 -5.451808439969454412e-01 -2.054016097335704671e-01 -2.894547195062386891e-01 -4.579601517191349558e-01 3.729600836945223818e-02 1.022617546416313417e-01 2.368077857572075118e-01 2.889976761255752535e-01 5.303923833465091775e-01 9.233645909802135066e-02 2.535896287946570737e-01 2.148189682698671277e-01 6.243035476392151395e-01
1.123076462025665023e+00 3.962963859696799318e+00 1.150356460650073132e+00 9.987390519887640039e-01 1.347241309094215467e+00 2.644112663391581464e+00 -1.522750293385115583e-01 1.142261243557413763e+00 -8.362835708484794850e-01 -1.163457688685980429e-01 -2.566617328893300964e+00 -3.068173145792343348e-01 -1.569916922671040993e+00 -2.579609286646473265e+00 -3.113664997593161843e+00 -9.585905632485491878e-01 -5.601129242682191034e+00 -9.517034130633987843e-01 -1.073070533344917976e+00 -3.070479145483318462e+00 -1.758906085119065210e+00 9.028423818648434462e-03 9.643441223841477949e-01 7.531291803613839875e-01 5.303923833465091775e-01 3.372623181315816510e+00 -7.643875353231806002e-01 1.208962491630416025e+00 3.028402012237677354e+00 3.184164060568434707e+00
3.616163497337083754e-01 -2.239625929500959955e+00 1.839493138472164446e+00 -4.703155189960739335e-01 -2.259573780654989150e+00 1.747823876277720956e-01 3.723936118246911064e-01 1.895132868336872889e-01 1.032143021549813966e+00 -3.245344346742058406e-01 1.177735325847095282e+00 -1.483761190514599093e+00 3.711451548043100956e-01 3.127750905830225747e+00 -5.984850403259542873e-01 -4.171969538081157225e-01 2.582321332572007577e+00 -3.176657696612380732e+00 9.617128896542226357e-02 2.183745503390923659e+00 -1.336486710520091492e+00 5.962969712226140473e-02 -8.347211972799755131e-01 4.110676099861620969e-01 9.233645909802135066e-02 -7.643875353231806002e-01 2.332755468402751831e+00 -1.412421106890633382e-01 -3.162759063446003438e+00 8.051511152482362377e-01
4.383629678786746808e-01 1.325422803869798827e+00 5.245243256862863745e-01 3.984395473030417634e-01 3.647618601737576682e-01 1.042273800077623491e+00 4.812191187937742143e-02 4.898072436508869032e-01 -1.963328543681654992e-01 -1.049344726271783657e-02 -8.744726798328770201e-01 -1.562079939305931475e-01 -6.473078978579565046e-01 -7.575158108405162238e-01 -1.187486070209445188e+00 -5.133884537809763060e-01 -1.978353261391418982e+00 -6.536688983962903876e-01 -5.188639548330797879e-01 -1.002277514432364569e+00 -8.449442124407937627e-01 -1.737553473998332265e-02 2.669631698353214233e-01 3.111698507831874849e-01 2.535896287946570737e-01 1.208962491630416025e+00 -1.412421106890633382e-01 5.689163713251446097e-01 9.567020077580536963e-01 1.301914386879900576e+00
3.186494535361248381e-01 5.170771275598383454e+00 -1.510093861555958483e+00 1.225151700052151682e+00 3.546352023303995793e+00 1.536681294853167401e+00 -4.676120833920549558e-01 5.422919852854874989e-01 -1.671237279757633587e+00 3.803436227706242789e-01 -2.936126223914527600e+00 1.662499818741991930e+00 -1.457265147371174407e+00 -5.304956016512051065e+00 -1.310661817229856752e+00 -1.767485878272054833e-01 -6.738854501619584880e+00 2.942689979663271060e+00 -8.584524072611543488e-01 -4.626620431909771014e+00 3.378014999411789177e-01 -1.355881994575156568e-01 1.466196352850204221e+00 8.428544957979511310e-02 2.148189682698671277e-01 3.028402012237677354e+00 -3.162759063446003438e+00 9.567020077580536963e-01 5.852545832030841666e+00 1.090793560227155012e+00
1.395089173628889512e+00 2.977134438998632504e+00 2.567967266775269763e+00 7.769641833031073475e-01 -1.942657463458203893e-01 3.267639796134517383e+00 4.465803725366868093e-02 1.378471583892519448e+00 -1.118230601545064928e-01 -4.016397127205664219e-01 -2.223706471718116973e+00 -1.315711404702483378e+00 -1.427706249017887785e+00 -6.484778392529051416e-01 -4.009909055857917792e+00 -1.354562005162222249e+00 -4.314963362250352930e+00 -3.460071875094342886e+00 -1.079539933883921776e+00 -1.764330390488964895e+00 -3.135777480996068789e+00 1.205170380796403151e-01 5.151788945677822085e-01 9.219781367189057164e-01 6.243035476392151395e-01 3.184164060568434707e+00 8.051511152482362377e-01 1.301914386879900576e+00 1.090793560227155012e+00 4.470553922507747302e+00
