1.023768941859998449e+00 1.034799409621712130e+00 1.025593258642516048e+00 2.412303741524510770e-01 -3.037727887431174167e-02 8.476561572150558277e-01 1.630928602425001372e-01 5.349605436534830005e-01 -2.006182292690255053e-01 -8.149101172227801726e-02 -6.594257128761569220e-01 -5.573160218326052018e-01 -6.435714373180871917e-01 -3.289854310900182099e-01 -1.332279980639100359e+00 -6.195719884192385507e-01 -1.746860036353268697e+00 -1.176499325128929740e+00 -5.702918581434914813e-01 -6.475820490411479113e-01 -9.036894660212055896e-01 -1.592555593867928110e-01 1.739735010633012280e-01 6.455580356994232716e-01 1.940497637358475913e-01 1.204220706517389772e+00 2.739072377312368189e-01 4.520414917321318171e-01 4.652788699836492015e-01 1.377690270471134681e+00
1.034799409621712130e+00 5.961150450309560256e+00 2.415955525091817435e-01 1.285409889141988060e+00 2.549760478516759576e+00 2.808447011089242551e+00 -3.968698565304293879e-01 9.802504157549947195e-01 -1.572471958446840290e+00 -1.010392246490710022e-02 -3.687874177618198246e+00 4.903942182322680310e-01 -1.879723483507405035e+00 -4.712251312207854426e+00 -3.038338254206962574e+00 -7.378037989735730662e-01 -7.400257727338725999e+00 7.898583206472835627e-01 -1.087677290059247071e+00 -4.357425778062747668e+00 -1.132998360680289807e+00 -5.208602665618400351e-04 1.639545170558108111e+00 4.934358923073887127e-01 4.373677254307040130e-01 3.975612664738434887e+00 -2.118598795005141255e+00 1.355119338799056550e+00 5.051492713261325207e+00 3.038675607429468073e+00
1.025593258642516048e+00 2.415955525091817435e-01 3.003638314608565452e+00 7.578764964625861467e-02 -1.427748928470123246e+00 1.632205131770376738e+00 6.444338485943035266e-02 8.853802033517013115e-01 2.593567508302498936e-01 -5.632262620628694094e-01 -4.319595023629858588e-01 -1.975682542512515738e+00 -5.447182418473630605e-01 1.516316324247839020e+00 -2.744846828385391291e+00 -9.133206323570561835e-01 -9.025967799097998068e-01 -3.451706167106465273e+00 -2.990196039725958599e-01 1.778220030505508475e-01 -2.040584829188219373e+00 1.715313408998611067e-01 -8.265233445797548484e-02 9.461954335603763866e-01 4.317665589300645479e-01 1.319799797860639501e+00 1.710269376240205474e+00 5.511640434793889654e-01 -1.295957366242305397e+00 2.661153702722117487e+00
2.412303741524510770e-01 1.285409889141988060e+00 7.578764964625861467e-02 4.306708817342723705e-01 6.162226820542286987e-01 7.256243223333740389e-01 -1.802896469575898664e-02 2.759371399880024001e-01 -3.078044316886803244e-01 4.249247506697884091e-02 -8.037264141834157272e-01 1.018965373539231223e-01 -5.162188480003919722e-01 -1.009989320323370521e+00 -7.543628295755979707e-01 -3.287731736839987207e-01 -1.772412880721162765e+00 5.432366832849311322e-03 -3.733616549233147452e-01 -1.016637456102614578e+00 -3.596770718576181025e-01 -3.286201303808411467e-02 3.169172263764608033e-01 2.206360299139191739e-01 1.615938449148188738e-01 9.449145773828035999e-01 -4.469018600763092763e-01 3.932591282626844986e-01 1.163361395231902407e+00 7.393754467789221962e-01
-3.037727887431174167e-02 2.549760478516759576e+00 -1.427748928470123246e+00 6.162226820542286987e-01 2.483969139559405903e+00 2.255286886549470182e-01 -2.730340197901455213e-01 8.373092897915057620e-02 -1.094300573249029185e+00 3.274427758918818654e-01 -1.420034653220852761e+00 1.367098447240948644e+00 -6.891044366092273776e-01 -3.287469658970280761e+00 -4.588736161292672477e-02 1.006241227468649413e-01 -3.524794356749168855e+00 2.624676199691919010e+00 -3.678239430043106495e-01 -2.557966935031402045e+00 9.074611448157270388e-01 -1.218153052327011210e-01 9.270016631696762488e-01 -2.936918490769357959e-02 6.763458968129043569e-02 1.268616261483487051e+00 -2.207820746503159626e+00 3.702294126568403954e-01 3.477186896527996396e+00 -3.196386517703899699e-01
8.476561572150558277e-01 2.808447011089242551e+00 1.632205131770376738e+00 7.256243223333740389e-01 2.255286886549470182e-01 2.962030565638485768e+00 -5.401931514512625654e-02 1.147108499849537111e+00 -2.647885325511083465e-01 -2.813940851434040269e-01 -2.002265130111936742e+00 -9.255291448141633737e-01 -1.225369237057520877e+00 -9.842632813571299266e-01 -3.210454190082941750e+00 -9.734069159723617304e-01 -3.943919562055441475e+00 -2.307305049823185072e+00 -7.798395160613438293e-01 -1.952235573261191348e+00 -2.284675153593127561e+00 1.832821889232150170e-01 4.951619072112407594e-01 6.854793245400969681e-01 4.796472136767988559e-01 2.734080549265854643e+00 2.546184402756921372e-01 1.077818533562435732e+00 1.472356288363414478e+00 3.458417434510181465e+00
1.630928602425001372e-01 -3.968698565304293879e-01 6.444338485943035266e-02 -1.802896469575898664e-02 -2.730340197901455213e-01 -5.401931514512625654e-02 3.135782096530874696e-01 1.052117263209311204e-01 2.018086823459270818e-01 1.107625744008942092e-01 3.045632374767137662e-01 -1.032520826761356147e-01 -6.863357733107022796e-02 4.021133215867962463e-01 1.484577499070383055e-01 -1.655452651335735936e-01 3.259353943973337664e-01 -4.876164156436857411e-01 -2.210257342470072217e-01 3.053323758734336479e-01 -2.374668687899088582e-01 -1.269703985954038217e-01 -2.431588853865491728e-01 1.189006068600519939e-01 -4.594907893573463298e-02 -1.333146968326559545e-01 3.142525752561482477e-01 5.871862349744105813e-02 -3.967787447785440236e-01 3.449475253614764370e-02
5.349605436534830005e-01 9.802504157549947195e-01 8.853802033517013115e-01 2.759371399880024001e-01 8.373092897915057620e-02 1.147108499849537111e+00 1.052117263209311204e-01 7.189110379326280054e-01 -1.284211977682616634e-01 -7.626817751270209556e-02 -6.428269803746502475e-01 -5.109213421281424417e-01 -6.252189010291999693e-01 -3.404934543123658841e-01 -1.403363300712385353e+00 -5.158688403791984456e-01 -1.851069428731591415e+00 -1.078238668594565297e+00 -4.595624923221919289e-01 -9.294427415941868276e-01 -9.987539060945778147e-01 1.679704694993233716e-02 1.610389310067716906e-01 4.610909425328486577e-01 2.258823831915606206e-01 1.221529742632185389e+00 1.764675181930783765e-01 5.181318138481287860e-01 5.983704898249015969e-01 1.449650454924494625e+00
-2.006182292690255053e-01 -1.572471958446840290e+00 2.593567508302498936e-01 -3.078044316886803244e-01 -1.094300573249029185e+00 -2.647885325511083465e-01 2.018086823459270818e-01 -1.284211977682616634e-01 7.293077267900685001e-01 -4.034150121839275016e-02 8.930861505077132279e-01 -3.640172086229540582e-01 4.327006542044955495e-01 1.676908892937206019e+00 4.105488695452095271e-01 7.720540785953744489e-04 2.051386055671741815e+00 -1.172346846511572949e+00 1.726839117442295901e-01 1.378919271149015913e+00 -4.060227949908039591e-01 2.973806820094182513e-02 -5.963628818537358711e-01 -1.073415954296024211e-01 -6.287268774025278617e-02 -8.909058927435467012e-01 1.034714502139536307e+00 -2.260657720011067795e-01 -1.717836318482227398e+00 -1.194085842359982053e-01
-8.149101172227801726e-02 -1.010392246490710022e-02 -5.632262620628694094e-01 4.249247506697884091e-02 3.274427758918818654e-01 -2.813940851434040269e-01 1.107625744008942092e-01 -7.626817751270209556e-02 -4.034150121839275016e-02 2.095154812517989740e-01 1.066177024761714165e-01 4.022679461410234580e-01 -1.477552754437283511e-02 -3.443918693425871425e-01 4.975208204795080746e-01 4.206687976346756841e-02 -4.216578183041974626e-02 5.177009878283911348e-01 -1.118641247948346518e-01 -1.140895467099198868e-01 2.884219339117635172e-01 -1.183839217760009888e-01 -3.904768946836156829e-02 -6.443654331815196201e-02 -6.276257762459636069e-02 -1.595912059406146000e-01 -3.137771581698416412e-01 -1.556011530749401572e-02 3.515970640321484098e-01 -4.427334552747197449e-01
-6.594257128761569220e-01 -3.687874177618198246e+00 -4.319595023629858588e-01 -8.037264141834157272e-01 -1.420034653220852761e+00 -2.002265130111936742e+00 3.045632374767137662e-01 -6.428269803746502475e-01 8.930861505077132279e-01 1.066177024761714165e-01 2.460076904808317977e+00 -1.143498189687761624e-01 1.152957946738524697e+00 2.684471928940979524e+00 2.220917331614998602e+00 5.537165603025755445e-01 4.541192905050650097e+00 -5.910020527159076664e-02 6.364329355053541803e-01 2.547796580722888393e+00 9.521233711605532335e-01 -6.361713088367082491e-02 -1.049946805268518801e+00 -3.394470787856675997e-01 -3.449305041913248715e-01 -2.561848850720764403e+00 1.108418774363201464e+00 -8.825887996414962799e-01 -2.871007187857117060e+00 -2.227424383814934572e+00
-5.573160218326052018e-01 4.903942182322680310e-01 -1.975682542512515738e+00 1.018965373539231223e-01 1.367098447240948644e+00 -9.255291448141633737e-01 -1.032520826761356147e-01 -5.109213421281424417e-01 -3.640172086229540582e-01 4.022679461410234580e-01 -1.143498189687761624e-01 1.580749397063812012e+00 1.485162736162237707e-01 -1.614144385289876027e+00 1.512086915808254162e+00 4.695737906519639182e-01 -3.176222001963537878e-01 2.433603957470552359e+00 5.292461027727313194e-02 -6.453827233603988134e-01 1.220878175546033617e+00 -1.390808388678124174e-01 2.470021568803417722e-01 -5.622300322701789810e-01 -1.905573489257790243e-01 -4.625974397083609801e-01 -1.441609436166743308e+00 -1.849693041367572732e-01 1.560524379754895108e+00 -1.478248938347064723e+00
-6.435714373180871917e-01 -1.879723483507405035e+00 -5.447182418473630605e-01 -5.162188480003919722e-01 -6.891044366092273776e-01 -1.225369237057520877e+00 -6.863357733107022796e-02 -6.252189010291999693e-01 4.327006542044955495e-01 -1.477552754437283511e-02 1.152957946738524697e+00 1.485162736162237707e-01 9.311457336440298604e-01 1.284443418678222315e+00 1.425988721055944097e+00 5.696547195938137520e-01 2.785531959172487859e+00 4.619077763822474481e-01 6.370874953278189423e-01 1.518587589970138652e+00 8.116877830114503922e-01 4.630556036923394458e-02 -4.192020149685617980e-01 -4.698231509717629706e-01 -2.737762894618072096e-01 -1.608623046266473011e+00 4.020207555576007508e-01 -6.672186448944330550e-01 -1.519648865871431553e+00 -1.442912246772323215e+00
-3.289854310900182099e-01 -4.712251312207854426e+00 1.516316324247839020e+00 -1.009989320323370521e+00 -3.287469658970280761e+00 -9.842632813571299266e-01 4.021133215867962463e-01 -3.404934543123658841e-01 1.676908892937206019e+00 -3.443918693425871425e-01 2.684471928940979524e+00 -1.614144385289876027e+00 1.284443418678222315e+00 5.140030990056402516e+00 8.200435137933936858e-01 5.359403871364065708e-02 5.873289289132969770e+00 -3.214532454230095482e+00 7.171962823085777927e-01 3.900491851603874238e+00 -6.749481311527461003e-01 1.408888401607271135e-01 -1.569641012170166050e+00 6.441518132021428755e-03 -1.497428473574018426e-01 -2.508462681053742926e+00 3.025047495270541731e+00 -7.651266648032333251e-01 -5.179967307934077780e+00 -5.568675115341079618e-01
-1.332279980639100359e+00 -3.038338254206962574e+00 -2.744846828385391291e+00 -7.543628295755979707e-01 -4.588736161292672477e-02 -3.210454190082941750e+00 1.484577499070383055e-01 -1.403363300712385353e+00 4.105488695452095271e-01 4.975208204795080746e-01 2.220917331614998602e+00 1.512086915808254162e+00 1.425988721055944097e+00 8.200435137933936858e-01 4.220700290481147476e+00 1.265240223019532095e+00 4.594383854686498125e+00 3.016828322000719709e+00 8.367485519745230249e-01 2.109636371315559700e+00 2.616038454387023648e+00 -1.969491988241145464e-01 -6.251607875155968941e-01 -1.142600569638204888e+00 -6.650757422159472299e-01 -3.243957304251523510e+00 -5.696125381171555091e-01 -1.225285146158967109e+00 -1.388274761984177985e+00 -4.108689832771744932e+00
-6.195719884192385507e-01 -7.378037989735730662e-01 -9.133206323570561835e-01 -3.287731736839987207e-01 1.006241227468649413e-01 -9.734069159723617304e-01 -1.655452651335735936e-01 -5.158688403791984456e-01 7.720540785953744489e-04 4.206687976346756841e-02 5.537165603025755445e-01 4.695737906519639182e-01 5.696547195938137520e-01 5.359403871364065708e-02 1.265240223019532095e+00 7.780343377406495620e-01 1.400423292230868810e+00 1.363504292540540064e+00 5.482333115067206109e-01 4.601251491949369665e-01 1.049792949316326940e+00 4.764047761642586920e-02 -6.081654316557205675e-02 -5.444349741144947075e-01 -3.419866904256423368e-01 -9.955013594330353044e-01 -3.667407532127526792e-01 -5.297564175324396274e-01 -2.584954041618061638e-01 -1.350980113373509539e+00
-1.746860036353268697e+00 -7.400257727338725999e+00 -9.025967799097998068e-01 -1.772412880721162765e+00 -3.524794356749168855e+00 -3.943919562055441475e+00 3.259353943973337664e-01 -1.851069428731591415e+00 2.051386055671741815e+00 -4.216578183041974626e-02 4.541192905050650097e+00 -3.176222001963537878e-01 2.785531959172487859e+00 5.873289289132969770e+00 4.594383854686498125e+00 1.400423292230868810e+00 1.060037582609362516e+01 -3.204409274839008503e-01 1.785493712070405081e+00 6.173884536792115796e+00 1.894401781676492647e+00 8.698912557326821116e-02 -2.018987376170741754e+00 -1.264628285880860403e+00 -7.934159275358183550e-01 -5.662097047238319192e+00 2.524654781879121401e+00 -2.029518265160220380e+00 -6.731539563331807585e+00 -4.315620034315145404e+00
-1.176499325128929740e+00 7.898583206472835627e-01 -3.451706167106465273e+00 5.432366832849311322e-03 2.624676199691919010e+00 -2.307305049823185072e+00 -4.876164156436857411e-01 -1.078238668594565297e+00 -1.172346846511572949e+00 5.177009878283911348e-01 -5.910020527159076664e-02 2.433603957470552359e+00 4.619077763822474481e-01 -3.214532454230095482e+00 3.016828322000719709e+00 1.363504292540540064e+00 -3.204409274839008503e-01 5.863513084284363686e+00 5.507011662814988995e-01 -1.298289735544813084e+00 3.381208551654253824e+00 -1.126457050791032088e-01 8.428759283901854360e-01 -1.103693220607965486e+00 -4.654477553315246041e-01 -1.071951990241132080e+00 -3.058215762054032894e+00 -6.570330956279804013e-01 2.785146808471154145e+00 -3.601888848296425749e+00
-5.702918581434914813e-01 -1.087677290059247071e+00 -2.990196039725958599e-01 -3.733616549233147452e-01 -3.678239430043106495e-01 -7.798395160613438293e-01 -2.210257342470072217e-01 -4.595624923221919289e-01 1.726839117442295901e-01 -1.118641247948346518e-01 6.364329355053541803e-01 5.292461027727313194e-02 6.370874953278189423e-01 7.171962823085777927e-01 8.367485519745230249e-01 5.482333115067206109e-01 1.785493712070405081e+00 5.507011662814988995e-01 6.663637033614975280e-01 8.861653165005520805e-01 7.319652294118270675e-01 1.299140288556941414e-01 -1.776088578062058332e-01 -3.778521317217098385e-01 -1.893282761400882919e-01 -1.045021246014727012e+00 1.271794891534057115e-01 -5.157272224304279007e-01 -8.875948512767024567e-01 -1.015493059844686741e+00
-6.475820490411479113e-01 -4.357425778062747668e+00 1.778220030505508475e-01 -1.016637456102614578e+00 -2.557966935031402045e+00 -1.952235573261191348e+00 3.053323758734336479e-01 -9.294427415941868276e-01 1.378919271149015913e+00 -1.140895467099198868e-01 2.547796580722888393e+00 -6.453827233603988134e-01 1.518587589970138652e+00 3.900491851603874238e+00 2.109636371315559700e+00 4.601251491949369665e-01 6.173884536792115796e+00 -1.298289735544813084e+00 8.861653165005520805e-01 4.097540181304111684e+00 4.442930590852824935e-01 1.881888755610816588e-02 -1.238154515268547584e+00 -4.348773942710977281e-01 -3.481988366607424723e-01 -3.107239376958318644e+00 2.069915663618360213e+00 -1.062518577819048460e+00 -4.529484086625870987e+00 -1.849799472805955247e+00
-9.036894660212055896e-01 -1.132998360680289807e+00 -2.040584829188219373e+00 -3.596770718576181025e-01 9.074611448157270388e-01 -2.284675153593127561e+00 -2.374668687899088582e-01 -9.987539060945778147e-01 -4.060227949908039591e-01 2.884219339117635172e-01 9.521233711605532335e-01 1.220878175546033617e+00 8.116877830114503922e-01 -6.749481311527461003e-01 2.616038454387023648e+00 1.049792949316326940e+00 1.894401781676492647e+00 3.381208551654253824e+00 7.319652294118270675e-01 4.442930590852824935e-01 2.754179393669346609e+00 -1.353370659891197647e-01 1.639033977460258029e-02 -6.540228335012443495e-01 -4.056636565010762752e-01 -1.777077060259330210e+00 -1.356010937799908334e+00 -8.400347859536054784e-01 3.691070039230908151e-01 -3.230988794777999829e+00
-1.592555593867928110e-01 -5.208602665618400351e-04 1.715313408998611067e-01 -3.286201303808411467e-02 -1.218153052327011210e-01 1.832821889232150170e-01 -1.269703985954038217e-01 1.679704694993233716e-02 2.973806820094182513e-02 -1.183839217760009888e-01 -6.361713088367082491e-02 -1.390808388678124174e-01 4.630556036923394458e-02 1.408888401607271135e-01 -1.969491988241145464e-01 4.764047761642586920e-02 8.698912557326821116e-02 -1.126457050791032088e-01 1.299140288556941414e-01 1.881888755610816588e-02 -1.353370659891197647e-01 1.883110795190532372e-01 5.861447544896236650e-02 -9.976395418755146238e-02 3.346146893323975746e-02 2.681093818378599281e-02 9.986319877481264484e-02 -8.160918179640930248e-03 -1.629648489182216053e-01 1.993612080150910515e-01
1.739735010633012280e-01 1.639545170558108111e+00 -8.265233445797548484e-02 3.169172263764608033e-01 9.270016631696762488e-01 4.951619072112407594e-01 -2.431588853865491728e-01 1.610389310067716906e-01 -5.963628818537358711e-01 -3.904768946836156829e-02 -1.049946805268518801e+00 2.470021568803417722e-01 -4.192020149685617980e-01 -1.569641012170166050e+00 -6.251607875155968941e-01 -6.081654316557205675e-02 -2.018987376170741754e+00 8.428759283901854360e-01 -1.776088578062058332e-01 -1.238154515268547584e+00 1.639033977460258029e-02 5.861447544896236650e-02 7.117028275147276872e-01 2.415833001742839770e-02 1.160700607868534462e-01 9.724448763947179941e-01 -8.161264189931785040e-01 2.742574133084190180e-01 1.464994800085321458e+00 4.947127339228813980e-01
6.455580356994232716e-01 4.934358923073887127e-01 9.461954335603763866e-01 2.206360299139191739e-01 -2.936918490769357959e-02 6.854793245400969681e-01 1.189006068600519939e-01 4.610909425328486577e-01 -1.073415954296024211e-01 -6.443654331815196201e-02 -3.394470787856675997e-01 -5.622300322701789810e-01 -4.698231509717629706e-01 6.441518132021428755e-03 -1.142600569638204888e+00 -5.444349741144947075e-01 -1.264628285880860403e+00 -1.103693220607965486e+00 -3.778521317217098385e-01 -4.348773942710977281e-01 -6.540228335012443495e-01 -9.976395418755146238e-02 2.415833001742839770e-02 7.493442460950632267e-01 2.382018447586915499e-01 8.260278318437030975e-01 2.938016998953116854e-01 3.330162520953194871e-01 2.571661575551047463e-01 8.950685178735966474e-01
1.940497637358475913e-01 4.373677254307040130e-01 4.317665589300645479e-01 1.615938449148188738e-01 6.763458968129043569e-02 4.796472136767988559e-01 -4.594907893573463298e-02 2.258823831915606206e-01 -6.287268774025278617e-02 -6.276257762459636069e-02 -3.449305041913248715e-01 -1.905573489257790243e-01 -2.737762894618072096e-01 -1.497428473574018426e-01 -6.650757422159472299e-01 -3.419866904256423368e-01 -7.934159275358183550e-01 -4.654477553315246041e-01 -1.893282761400882919e-01 -3.481988366607424723e-01 -4.056636565010762752e-01 3.346146893323975746e-02 1.160700607868534462e-01 2.382018447586915499e-01 2.762670361116761342e-01 5.328030526560496583e-01 5.750375809009256045e-02 2.484301820230143676e-01 2.565301457321425005e-01 5.824976649203108536e-01
1.204220706517389772e+00 3.975612664738434887e+00 1.319799797860639501e+00 9.449145773828035999e-01 1.268616261483487051e+00 2.734080549265854643e+00 -1.333146968326559545e-01 1.221529742632185389e+00 -8.909058927435467012e-01 -1.595912059406146000e-01 -2.561848850720764403e+00 -4.625974397083609801e-01 -1.608623046266473011e+00 -2.508462681053742926e+00 -3.243957304251523510e+00 -9.955013594330353044e-01 -5.662097047238319192e+00 -1.071951990241132080e+00 -1.045021246014727012e+00 -3.107239376958318644e+00 -1.777077060259330210e+00 2.681093818378599281e-02 9.724448763947179941e-01 8.260278318437030975e-01 5.328030526560496583e-01 3.427961111454692400e+00 -6.955215217635668523e-01 1.233301255618812320e+00 2.973485298761431750e+00 3.262102802373021859e+00
2.739072377312368189e-01 -2.118598795005141255e+00 1.710269376240205474e+00 -4.469018600763092763e-01 -2.207820746503159626e+00 2.546184402756921372e-01 3.142525752561482477e-01 1.764675181930783765e-01 1.034714502139536307e+00 -3.137771581698416412e-01 1.108418774363201464e+00 -1.441609436166743308e+00 4.020207555576007508e-01 3.025047495270541731e+00 -5.696125381171555091e-01 -3.667407532127526792e-01 2.524654781879121401e+00 -3.058215762054032894e+00 1.271794891534057115e-01 2.069915663618360213e+00 -1.356010937799908334e+00 9.986319877481264484e-02 -8.161264189931785040e-01 2.938016998953116854e-01 5.750375809009256045e-02 -6.955215217635668523e-01 2.246332790472138186e+00 -1.473055980316644309e-01 -3.066439887353453742e+00 8.857132731624801636e-01
4.520414917321318171e-01 1.355119338799056550e+00 5.511640434793889654e-01 3.932591282626844986e-01 3.702294126568403954e-01 1.077818533562435732e+00 5.871862349744105813e-02 5.181318138481287860e-01 -2.260657720011067795e-01 -1.556011530749401572e-02 -8.825887996414962799e-01 -1.849693041367572732e-01 -6.672186448944330550e-01 -7.651266648032333251e-01 -1.225285146158967109e+00 -5.297564175324396274e-01 -2.029518265160220380e+00 -6.570330956279804013e-01 -5.157272224304279007e-01 -1.062518577819048460e+00 -8.400347859536054784e-01 -8.160918179640930248e-03 2.742574133084190180e-01 3.330162520953194871e-01 2.484301820230143676e-01 1.233301255618812320e+00 -1.473055980316644309e-01 5.839735146022917434e-01 9.887149509175969797e-01 1.318695599882801162e+00
4.652788699836492015e-01 5.051492713261325207e+00 -1.295957366242305397e+00 1.163361395231902407e+00 3.477186896527996396e+00 1.472356288363414478e+00 -3.967787447785440236e-01 5.983704898249015969e-01 -1.717836318482227398e+00 3.515970640321484098e-01 -2.871007187857117060e+00 1.560524379754895108e+00 -1.519648865871431553e+00 -5.179967307934077780e+00 -1.388274761984177985e+00 -2.584954041618061638e-01 -6.731539563331807585e+00 2.785146808471154145e+00 -8.875948512767024567e-01 -4.529484086625870987e+00 3.691070039230908151e-01 -1.629648489182216053e-01 1.464994800085321458e+00 2.571661575551047463e-01 2.565301457321425005e-01 2.973485298761431750e+00 -3.066439887353453742e+00 9.887149509175969797e-01 5.746471972718438792e+00 1.024206634185645726e+00
1.377690270471134681e+00 3.038675607429468073e+00 2.661153702722117487e+00 7.393754467789221962e-01 -3.196386517703899699e-01 3.458417434510181465e+00 3.449475253614764370e-02 1.449650454924494625e+00 -1.194085842359982053e-01 -4.427334552747197449e-01 -2.227424383814934572e+00 -1.478248938347064723e+00 -1.442912246772323215e+00 -5.568675115341079618e-01 -4.108689832771744932e+00 -1.350980113373509539e+00 -4.315620034315145404e+00 -3.601888848296425749e+00 -1.015493059844686741e+00 -1.849799472805955247e+00 -3.230988794777999829e+00 1.993612080150910515e-01 4.947127339228813980e-01 8.950685178735966474e-01 5.824976649203108536e-01 3.262102802373021859e+00 8.857132731624801636e-01 1.318695599882801162e+00 1.024206634185645726e+00 4.638868129682180097e+00
