1.780335914465354108e+00 1.252390650099073355e-01 -3.013858628305001730e-01 4.905905318013310534e-01 4.153047202993320752e-01 -7.354836127069575014e-02 -6.027879355167442554e-01 7.793080718994360723e-02 -3.110697772740422806e-01 -5.491734485794950160e-01 -7.528196224816383619e-01 -3.497170904383892776e-01 -2.111602735046176349e-01 -3.567928260697499354e-01 -5.458936395731370794e-01 -1.375193547348203538e-01 -8.417189629372501258e-01 6.044218944908834601e-01 -5.206649344989955353e-02 -3.415132095954618308e-01 9.099913763987501625e-01 -4.712660747205177358e-01 6.165895366926861243e-01 8.602403264696931728e-01 5.672980871804611525e-02 5.323419272534692936e-01 -2.389675377026492242e-01 -3.036816582456367541e-01 5.254373243990926312e-01 -5.540708545377697192e-01
1.252390650099073355e-01 3.387281616674329143e-01 -3.213457292235943896e-02 -1.740262216882797475e-01 3.178431077944310346e-01 -1.090133942778948040e-02 -1.926460194892456457e-01 2.709781272901068405e-01 -1.564913721188077034e-01 -1.263146509140824492e-01 9.808475840947039615e-02 -1.345624181224138738e-01 -1.419553328128131398e-02 -3.735525750689134838e-01 -2.642806606470458064e-01 4.824323470178342177e-01 -6.665910259609404420e-01 5.168844741717180113e-01 5.494586474962943612e-01 -9.888105489384884095e-01 2.362996753306561004e-01 1.191178777033599090e-01 -1.486875737987247703e-01 1.253797196081336551e-01 -3.866987450267345139e-01 3.028814443888450114e-01 -3.718682783106146417e-01 -3.823697993570362996e-01 8.491257750687850603e-01 9.167550550665737319e-02
-3.013858628305001730e-01 -3.213457292235943896e-02 3.294795012151894298e-01 -2.853203802351345075e-02 9.625276091367140907e-02 1.869273117328589251e-01 7.382122841312366290e-02 1.194132033423898065e-01 5.953149553999992349e-02 1.031769831075166621e-01 1.259244831111345775e-01 2.959186871646579675e-02 -8.497107918242363667e-02 8.716836598017607685e-02 -1.898851484902479569e-01 -3.427208084110588970e-02 -2.989830095287970835e-01 -4.445369944995718470e-01 -6.550331856541902198e-02 -1.890782150319978427e-01 -4.136537588273654364e-01 8.622489252155673967e-02 -8.421884446715921513e-02 -2.912876544860409922e-02 9.382681824314431651e-02 1.525467226915111496e-01 1.078780121924864943e-01 1.576148462402215955e-01 2.310742308367252917e-02 3.637968888417617563e-01
4.905905318013310534e-01 -1.740262216882797475e-01 -2.853203802351345075e-02 4.133542052926486576e-01 -2.644009998448382248e-02 -4.915785634483427202e-02 -7.539451741695302189e-02 -1.583431690631300626e-01 4.617418019279284636e-03 -1.357358976703153530e-01 -3.543367013451188541e-01 3.290171810084530080e-02 -1.399537600092344292e-01 1.297965077210960771e-01 -1.713896212919507889e-02 -4.368446053910588489e-01 1.000590080149663663e-01 -1.587064145090835154e-01 -4.564979231830079698e-01 4.892224777734668351e-01 1.117568915709057364e-01 -2.132695092709582241e-01 3.156688352012793075e-01 2.135425745129850839e-01 3.379115402830166204e-01 2.564646096351452798e-02 1.174724351244549325e-01 2.158399907777948101e-01 -3.472434528325152314e-01 -2.267551717982314585e-01
4.153047202993320752e-01 3.178431077944310346e-01 9.625276091367140907e-02 -2.644009998448382248e-02 9.328731170955393281e-01 1.295200029187526525e-01 -4.215556392389885332e-01 7.986540532244816859e-01 -3.056986370317531509e-01 -2.588661226632211765e-01 8.646928999235115043e-02 -3.942581959324797936e-01 -1.702121980538322532e-01 -7.435251196666854412e-01 -8.162722883602668844e-01 7.590755817066110467e-01 -1.798537114728105735e+00 7.697249385527697996e-01 8.647893761074101349e-01 -1.929886676772525789e+00 5.774502699445065446e-01 -6.396635571991282632e-02 -6.575885859501795494e-02 6.833476250727130719e-01 -5.106070124982124980e-01 7.597925345755811577e-01 -6.646626704942946162e-01 -5.875218898110574628e-01 1.642075616231579716e+00 -7.540174556385181859e-02
-7.354836127069575014e-02 -1.090133942778948040e-02 1.869273117328589251e-01 -4.915785634483427202e-02 1.295200029187526525e-01 2.311476223909494365e-01 3.155295900194232672e-02 1.631255978436456644e-01 4.368126404790473316e-02 1.085779193361418038e-01 7.023840981793227911e-02 -6.009957265075627220e-02 -3.663747779796722170e-02 -2.621798581282064333e-02 -2.420837610827106801e-01 1.122252681369673155e-02 -3.945879551641837679e-01 -3.546289156248008112e-01 -2.959767564271942319e-02 -1.720886003649866325e-01 -2.769665073530518384e-01 -5.678331397444935646e-02 -1.252975507560449842e-02 1.054748416032111891e-01 3.002802414982852497e-02 1.685457037908690836e-01 1.380074880429447148e-01 6.434263058054057183e-02 8.489467767009273302e-02 2.285394397208051487e-01
-6.027879355167442554e-01 -1.926460194892456457e-01 7.382122841312366290e-02 -7.539451741695302189e-02 -4.215556392389885332e-01 3.155295900194232672e-02 4.416122546524547943e-01 -2.801954568657265554e-01 1.776632844182586268e-01 3.220037687595436182e-01 1.460742305991402645e-01 2.539471178526468975e-01 1.118029487688545487e-01 3.258401903337357908e-01 4.226305417782327822e-01 -3.663178960260893291e-01 7.978829409404966100e-01 -5.780077295467549447e-01 -4.751233051256349427e-01 9.498335434605564842e-01 -5.343784979425549864e-01 1.677149886734241591e-02 -5.558820705374500903e-02 -4.198292125599891733e-01 2.447122280291864627e-01 -4.091244811650085467e-01 4.057937772978448265e-01 3.827215340860448123e-01 -8.605218398201373020e-01 1.668055537641066621e-01
7.793080718994360723e-02 2.709781272901068405e-01 1.194132033423898065e-01 -1.583431690631300626e-01 7.986540532244816859e-01 1.631255978436456644e-01 -2.801954568657265554e-01 8.053273950811785653e-01 -2.209164830368877119e-01 -1.133172493375695922e-01 2.827670933854165014e-01 -3.662529604233100144e-01 -8.344783208320905032e-02 -6.785586402393164462e-01 -6.922230100729507285e-01 8.275034128010361201e-01 -1.592557879595347003e+00 6.207411124747181930e-01 8.959104827789587944e-01 -1.796281176765489818e+00 4.087874168018856835e-01 -3.954969783183059917e-02 -2.039286121609507063e-01 5.355601408883785552e-01 -5.648586693742458920e-01 6.135915528952295972e-01 -5.471083616025111951e-01 -5.616316232114968443e-01 1.500007471713217910e+00 -2.112574992816007580e-02
-3.110697772740422806e-01 -1.564913721188077034e-01 5.953149553999992349e-02 4.617418019279284636e-03 -3.056986370317531509e-01 4.368126404790473316e-02 1.776632844182586268e-01 -2.209164830368877119e-01 2.155495166306309329e-01 1.682538446403327725e-01 5.791058544144789266e-02 1.687879323635570472e-01 3.679830105880910196e-02 3.109856127791772451e-01 2.356514549187522789e-01 -2.586963880203825283e-01 5.342535545794362406e-01 -5.098899960173639556e-01 -3.296003654473906863e-01 6.329977155016308643e-01 -4.556442451548150530e-01 2.904443309080306790e-02 -4.045255622565946396e-02 -2.576751730703108478e-01 2.053644919866428609e-01 -2.264959938299853093e-01 3.319953887795463743e-01 2.776245174302403029e-01 -5.860929950575268776e-01 1.680113321931457904e-01
-5.491734485794950160e-01 -1.263146509140824492e-01 1.031769831075166621e-01 -1.357358976703153530e-01 -2.588661226632211765e-01 1.085779193361418038e-01 3.220037687595436182e-01 -1.133172493375695922e-01 1.682538446403327725e-01 3.586012313908781834e-01 1.919544751012267625e-01 9.910310886778006534e-02 1.443879453907470634e-01 1.507802717303547979e-01 2.171451317540800119e-01 -1.893893972273872350e-01 4.346421269688676148e-01 -5.142441729894358105e-01 -2.931454300602922558e-01 6.192962186486283827e-01 -4.642170494535093894e-01 -2.151187050282032942e-02 -6.830183220239405273e-02 -2.812486274069669889e-01 1.164493786727689439e-01 -2.609795603802353980e-01 3.612736683412549610e-01 2.475150218748467523e-01 -5.688934957589708574e-01 2.021788640974477858e-01
-7.528196224816383619e-01 9.808475840947039615e-02 1.259244831111345775e-01 -3.543367013451188541e-01 8.646928999235115043e-02 7.023840981793227911e-02 1.460742305991402645e-01 2.827670933854165014e-01 5.791058544144789266e-02 1.919544751012267625e-01 5.565602335134371970e-01 1.453499965123228321e-03 9.764999031244769867e-02 -1.299673911599370513e-01 -1.082814708809110016e-03 5.084585360953610689e-01 -2.177685654011725092e-01 6.524950265168172336e-02 5.043614270512648545e-01 -6.635390604128588166e-01 -2.360451570485224693e-01 2.167495869329059133e-01 -4.459072918611468594e-01 -2.105798043567688183e-01 -3.769950270645949786e-01 -2.062681890481599112e-02 -1.141215902604244548e-01 -1.810963710952364636e-01 4.539303047048974804e-01 2.410552105909573584e-01
-3.497170904383892776e-01 -1.345624181224138738e-01 2.959186871646579675e-02 3.290171810084530080e-02 -3.942581959324797936e-01 -6.009957265075627220e-02 2.539471178526468975e-01 -3.662529604233100144e-01 1.687879323635570472e-01 9.910310886778006534e-02 1.453499965123228321e-03 3.403048027066688519e-01 -1.656024384163856666e-02 4.056035039249650254e-01 4.112133878373356310e-01 -3.874337682878490341e-01 7.796104924947258041e-01 -4.325508812539737846e-01 -4.329104546802682307e-01 7.730607453883067137e-01 -4.888327154138778496e-01 1.356191146743981335e-01 -3.242877318825776456e-02 -4.153543820611389492e-01 2.909622731805256990e-01 -3.148773995347369237e-01 2.633193383379648367e-01 3.740894818207607386e-01 -7.173453026686615885e-01 1.836223135058503431e-01
-2.111602735046176349e-01 -1.419553328128131398e-02 -8.497107918242363667e-02 -1.399537600092344292e-01 -1.702121980538322532e-01 -3.663747779796722170e-02 1.118029487688545487e-01 -8.344783208320905032e-02 3.679830105880910196e-02 1.443879453907470634e-01 9.764999031244769867e-02 -1.656024384163856666e-02 1.805490125791493483e-01 -3.396109650566359051e-05 1.797806274921072145e-01 3.914747976199350887e-02 3.416333196678351669e-01 1.493907679582662240e-02 1.090595749337808229e-02 3.040420197176558759e-01 3.871076526365868631e-03 -1.904033266751525844e-02 -4.446995577222878637e-02 -1.561531976702781321e-01 -8.067172781534281967e-02 -2.062322911915543955e-01 9.719912229559213301e-02 -3.596716174865832727e-02 -2.247319295275360673e-01 -3.826409571666999909e-02
-3.567928260697499354e-01 -3.735525750689134838e-01 8.716836598017607685e-02 1.297965077210960771e-01 -7.435251196666854412e-01 -2.621798581282064333e-02 3.258401903337357908e-01 -6.785586402393164462e-01 3.109856127791772451e-01 1.507802717303547979e-01 -1.299673911599370513e-01 4.056035039249650254e-01 -3.396109650566359051e-05 9.058830390027310386e-01 5.906960538883367917e-01 -7.799735000733107881e-01 1.397659512388997882e+00 -9.266427522750291246e-01 -8.638738536538994595e-01 1.527010242996652778e+00 -7.329225782684147816e-01 1.224547393556463248e-01 3.314322305755013076e-02 -5.392624925277686998e-01 6.134648520289260887e-01 -5.077825801065500855e-01 6.047218724487493091e-01 6.583373181720162393e-01 -1.430309103175943619e+00 2.258695386991576015e-01
-5.458936395731370794e-01 -2.642806606470458064e-01 -1.898851484902479569e-01 -1.713896212919507889e-02 -8.162722883602668844e-01 -2.420837610827106801e-01 4.226305417782327822e-01 -6.922230100729507285e-01 2.356514549187522789e-01 2.171451317540800119e-01 -1.082814708809110016e-03 4.112133878373356310e-01 1.797806274921072145e-01 5.906960538883367917e-01 9.251667460858357117e-01 -5.555478035517467106e-01 1.680409531143197910e+00 -3.969240146599304353e-01 -6.474734294743882401e-01 1.640408097568524681e+00 -4.031321234883193938e-01 1.071859060363067329e-01 1.369873435578483623e-02 -7.002314307826509321e-01 3.759404103822134857e-01 -7.636398082890991645e-01 4.319546031663890062e-01 4.633724676578481194e-01 -1.387712341173482855e+00 -7.173117875737489157e-02
-1.375193547348203538e-01 4.824323470178342177e-01 -3.427208084110588970e-02 -4.368446053910588489e-01 7.590755817066110467e-01 1.122252681369673155e-02 -3.663178960260893291e-01 8.275034128010361201e-01 -2.586963880203825283e-01 -1.893893972273872350e-01 5.084585360953610689e-01 -3.874337682878490341e-01 3.914747976199350887e-02 -7.799735000733107881e-01 -5.555478035517467106e-01 1.370278460870622439e+00 -1.456419860461096505e+00 1.117247043629618020e+00 1.479641921605661992e+00 -2.278874828714947398e+00 6.082488473563785192e-01 1.850413369070338376e-01 -4.890733201031594035e-01 3.355047893599589770e-01 -1.002195854091382898e+00 5.158614519879733962e-01 -8.134617171338618391e-01 -9.418423059560723232e-01 1.911011086952953519e+00 -2.281237318226203570e-02
-8.417189629372501258e-01 -6.665910259609404420e-01 -2.989830095287970835e-01 1.000590080149663663e-01 -1.798537114728105735e+00 -3.945879551641837679e-01 7.978829409404966100e-01 -1.592557879595347003e+00 5.342535545794362406e-01 4.346421269688676148e-01 -2.177685654011725092e-01 7.796104924947258041e-01 3.416333196678351669e-01 1.397659512388997882e+00 1.680409531143197910e+00 -1.456419860461096505e+00 3.752985116036995805e+00 -1.193521085726843012e+00 -1.591697233525621868e+00 3.787067362367963597e+00 -7.835790407366971522e-01 1.829393032102757388e-01 1.286951785545511484e-01 -1.371642206729404734e+00 9.498493670407128775e-01 -1.606492089786627275e+00 1.099878466910411134e+00 1.082831356762483210e+00 -3.184460623736470097e+00 -5.184020684288270786e-02
6.044218944908834601e-01 5.168844741717180113e-01 -4.445369944995718470e-01 -1.587064145090835154e-01 7.697249385527697996e-01 -3.546289156248008112e-01 -5.780077295467549447e-01 6.207411124747181930e-01 -5.098899960173639556e-01 -5.142441729894358105e-01 6.524950265168172336e-02 -4.325508812539737846e-01 1.493907679582662240e-02 -9.266427522750291246e-01 -3.969240146599304353e-01 1.117247043629618020e+00 -1.193521085726843012e+00 2.022773146815893597e+00 1.358913928101685542e+00 -2.089122359740997581e+00 1.444003848105296584e+00 5.715779866079628846e-02 -1.525710646839684159e-01 4.813358816276718244e-01 -8.896701866929390690e-01 4.787651308943168260e-01 -1.176318103657479242e+00 -1.012051031785631494e+00 1.910493012785366318e+00 -6.332643241937603307e-01
-5.206649344989955353e-02 5.494586474962943612e-01 -6.550331856541902198e-02 -4.564979231830079698e-01 8.647893761074101349e-01 -2.959767564271942319e-02 -4.751233051256349427e-01 8.959104827789587944e-01 -3.296003654473906863e-01 -2.931454300602922558e-01 5.043614270512648545e-01 -4.329104546802682307e-01 1.090595749337808229e-02 -8.638738536538994595e-01 -6.474734294743882401e-01 1.479641921605661992e+00 -1.591697233525621868e+00 1.358913928101685542e+00 1.707836038860392591e+00 -2.579833229035585873e+00 8.075171883000678008e-01 2.565827056254761374e-01 -5.364282065324914583e-01 3.980012097865142096e-01 -1.106296508172249560e+00 5.726396638479798185e-01 -9.837688181968928802e-01 -1.071840359179731195e+00 2.184672876713307232e+00 -7.557915898399869548e-02
-3.415132095954618308e-01 -9.888105489384884095e-01 -1.890782150319978427e-01 4.892224777734668351e-01 -1.929886676772525789e+00 -1.720886003649866325e-01 9.498335434605564842e-01 -1.796281176765489818e+00 6.329977155016308643e-01 6.192962186486283827e-01 -6.635390604128588166e-01 7.730607453883067137e-01 3.040420197176558759e-01 1.527010242996652778e+00 1.640408097568524681e+00 -2.278874828714947398e+00 3.787067362367963597e+00 -2.089122359740997581e+00 -2.579833229035585873e+00 5.168614044457626733e+00 -1.116382408058200326e+00 -3.577500444124552814e-01 7.530601777376091377e-01 -1.078037801788127581e+00 1.592425226386410486e+00 -1.665138692499454010e+00 1.769693524445870025e+00 1.603152878267849246e+00 -4.192095030777238662e+00 -1.714518401872169306e-01
9.099913763987501625e-01 2.362996753306561004e-01 -4.136537588273654364e-01 1.117568915709057364e-01 5.774502699445065446e-01 -2.769665073530518384e-01 -5.343784979425549864e-01 4.087874168018856835e-01 -4.556442451548150530e-01 -4.642170494535093894e-01 -2.360451570485224693e-01 -4.888327154138778496e-01 3.871076526365868631e-03 -7.329225782684147816e-01 -4.031321234883193938e-01 6.082488473563785192e-01 -7.835790407366971522e-01 1.444003848105296584e+00 8.075171883000678008e-01 -1.116382408058200326e+00 1.603749428316461945e+00 -1.670138091160424665e-01 1.115494814483781738e-01 6.768922060931572560e-01 -5.208245639029200902e-01 2.806884775834532775e-01 -8.248537177819912358e-01 -7.549514183222640895e-01 1.254154090923520926e+00 -8.615609493551232845e-01
-4.712660747205177358e-01 1.191178777033599090e-01 8.622489252155673967e-02 -2.132695092709582241e-01 -6.396635571991282632e-02 -5.678331397444935646e-02 1.677149886734241591e-02 -3.954969783183059917e-02 2.904443309080306790e-02 -2.151187050282032942e-02 2.167495869329059133e-01 1.356191146743981335e-01 -1.904033266751525844e-02 1.224547393556463248e-01 1.071859060363067329e-01 1.850413369070338376e-01 1.829393032102757388e-01 5.715779866079628846e-02 2.565827056254761374e-01 -3.577500444124552814e-01 -1.670138091160424665e-01 4.496942893808295594e-01 -3.234211610082127208e-01 -3.237137779854037944e-01 -1.330051249390464818e-01 -5.489897097552898231e-02 -1.784066292044030888e-01 -4.999942064608831060e-02 1.983228485664767504e-01 3.106834153435897861e-01
6.165895366926861243e-01 -1.486875737987247703e-01 -8.421884446715921513e-02 3.156688352012793075e-01 -6.575885859501795494e-02 -1.252975507560449842e-02 -5.558820705374500903e-02 -2.039286121609507063e-01 -4.045255622565946396e-02 -6.830183220239405273e-02 -4.459072918611468594e-01 -3.242877318825776456e-02 -4.446995577222878637e-02 3.314322305755013076e-02 1.369873435578483623e-02 -4.890733201031594035e-01 1.286951785545511484e-01 -1.525710646839684159e-01 -5.364282065324914583e-01 7.530601777376091377e-01 1.115494814483781738e-01 -3.234211610082127208e-01 5.274720658900378112e-01 2.347045202901654193e-01 3.714048375322818174e-01 -3.589644823256321615e-02 2.491871488328456508e-01 2.136203753172480901e-01 -5.421930470187703577e-01 -2.869390053065785651e-01
8.602403264696931728e-01 1.253797196081336551e-01 -2.912876544860409922e-02 2.135425745129850839e-01 6.833476250727130719e-01 1.054748416032111891e-01 -4.198292125599891733e-01 5.355601408883785552e-01 -2.576751730703108478e-01 -2.812486274069669889e-01 -2.105798043567688183e-01 -4.153543820611389492e-01 -1.561531976702781321e-01 -5.392624925277686998e-01 -7.002314307826509321e-01 3.355047893599589770e-01 -1.371642206729404734e+00 4.813358816276718244e-01 3.980012097865142096e-01 -1.078037801788127581e+00 6.768922060931572560e-01 -3.237137779854037944e-01 2.347045202901654193e-01 9.236201449178906842e-01 -1.970805197636877892e-01 5.664057031315792301e-01 -3.464024248415853435e-01 -4.292630090138800369e-01 1.054124998344263986e+00 -4.385295825829871319e-01
5.672980871804611525e-02 -3.866987450267345139e-01 9.382681824314431651e-02 3.379115402830166204e-01 -5.106070124982124980e-01 3.002802414982852497e-02 2.447122280291864627e-01 -5.648586693742458920e-01 2.053644919866428609e-01 1.164493786727689439e-01 -3.769950270645949786e-01 2.909622731805256990e-01 -8.067172781534281967e-02 6.134648520289260887e-01 3.759404103822134857e-01 -1.002195854091382898e+00 9.498493670407128775e-01 -8.896701866929390690e-01 -1.106296508172249560e+00 1.592425226386410486e+00 -5.208245639029200902e-01 -1.330051249390464818e-01 3.714048375322818174e-01 -1.970805197636877892e-01 8.258739981475855529e-01 -3.090766302793781506e-01 5.847788675046103890e-01 7.404923286752591594e-01 -1.378909151714935888e+00 2.667688179781180224e-02
5.323419272534692936e-01 3.028814443888450114e-01 1.525467226915111496e-01 2.564646096351452798e-02 7.597925345755811577e-01 1.685457037908690836e-01 -4.091244811650085467e-01 6.135915528952295972e-01 -2.264959938299853093e-01 -2.609795603802353980e-01 -2.062681890481599112e-02 -3.148773995347369237e-01 -2.062322911915543955e-01 -5.077825801065500855e-01 -7.636398082890991645e-01 5.158614519879733962e-01 -1.606492089786627275e+00 4.787651308943168260e-01 5.726396638479798185e-01 -1.665138692499454010e+00 2.806884775834532775e-01 -5.489897097552898231e-02 -3.589644823256321615e-02 5.664057031315792301e-01 -3.090766302793781506e-01 8.482551420908066575e-01 -4.879492070165269979e-01 -4.061779880975109336e-01 1.311415931831959369e+00 1.460123556268513312e-01
-2.389675377026492242e-01 -3.718682783106146417e-01 1.078780121924864943e-01 1.174724351244549325e-01 -6.646626704942946162e-01 1.380074880429447148e-01 4.057937772978448265e-01 -5.471083616025111951e-01 3.319953887795463743e-01 3.612736683412549610e-01 -1.141215902604244548e-01 2.633193383379648367e-01 9.719912229559213301e-02 6.047218724487493091e-01 4.319546031663890062e-01 -8.134617171338618391e-01 1.099878466910411134e+00 -1.176318103657479242e+00 -9.837688181968928802e-01 1.769693524445870025e+00 -8.248537177819912358e-01 -1.784066292044030888e-01 2.491871488328456508e-01 -3.464024248415853435e-01 5.847788675046103890e-01 -4.879492070165269979e-01 9.130266305595000631e-01 6.480860016174574412e-01 -1.537768807929921877e+00 1.613945986250087117e-01
-3.036816582456367541e-01 -3.823697993570362996e-01 1.576148462402215955e-01 2.158399907777948101e-01 -5.875218898110574628e-01 6.434263058054057183e-02 3.827215340860448123e-01 -5.616316232114968443e-01 2.776245174302403029e-01 2.475150218748467523e-01 -1.810963710952364636e-01 3.740894818207607386e-01 -3.596716174865832727e-02 6.583373181720162393e-01 4.633724676578481194e-01 -9.418423059560723232e-01 1.082831356762483210e+00 -1.012051031785631494e+00 -1.071840359179731195e+00 1.603152878267849246e+00 -7.549514183222640895e-01 -4.999942064608831060e-02 2.136203753172480901e-01 -4.292630090138800369e-01 7.404923286752591594e-01 -4.061779880975109336e-01 6.480860016174574412e-01 8.167609772435184823e-01 -1.439144462120452772e+00 2.111360930726959850e-01
5.254373243990926312e-01 8.491257750687850603e-01 2.310742308367252917e-02 -3.472434528325152314e-01 1.642075616231579716e+00 8.489467767009273302e-02 -8.605218398201373020e-01 1.500007471713217910e+00 -5.860929950575268776e-01 -5.688934957589708574e-01 4.539303047048974804e-01 -7.173453026686615885e-01 -2.247319295275360673e-01 -1.430309103175943619e+00 -1.387712341173482855e+00 1.911011086952953519e+00 -3.184460623736470097e+00 1.910493012785366318e+00 2.184672876713307232e+00 -4.192095030777238662e+00 1.254154090923520926e+00 1.983228485664767504e-01 -5.421930470187703577e-01 1.054124998344263986e+00 -1.378909151714935888e+00 1.311415931831959369e+00 -1.537768807929921877e+00 -1.439144462120452772e+00 3.592501739388580972e+00 -9.785436129237723435e-02
-5.540708545377697192e-01 9.167550550665737319e-02 3.637968888417617563e-01 -2.267551717982314585e-01 -7.540174556385181859e-02 2.285394397208051487e-01 1.668055537641066621e-01 -2.112574992816007580e-02 1.680113321931457904e-01 2.021788640974477858e-01 2.410552105909573584e-01 1.836223135058503431e-01 -3.826409571666999909e-02 2.258695386991576015e-01 -7.173117875737489157e-02 -2.281237318226203570e-02 -5.184020684288270786e-02 -6.332643241937603307e-01 -7.557915898399869548e-02 -1.714518401872169306e-01 -8.615609493551232845e-01 3.106834153435897861e-01 -2.869390053065785651e-01 -4.385295825829871319e-01 2.667688179781180224e-02 1.460123556268513312e-01 1.613945986250087117e-01 2.111360930726959850e-01 -9.785436129237723435e-02 8.997231152641234075e-01
