1.393873416208407434e+00 2.299333269467638274e-01 -2.418161917922247994e-01 3.397268788434075759e-01 7.961764974412517404e-01 -3.116375677984706272e-02 -6.002036895996525345e-01 5.223825345216255300e-01 -3.897574041950520041e-01 -5.068842651630234286e-01 -4.247691545785983180e-01 -4.271205218887530464e-01 -2.472726221692482795e-01 -6.948915807912499076e-01 -7.244303097949682524e-01 3.209801577265807282e-01 -1.503180082286803554e+00 9.793959514615835360e-01 4.549623732121972353e-01 -1.295089786527057640e+00 1.008880284640099489e+00 -3.766098240431574595e-01 3.793006491131905022e-01 9.812328736495601333e-01 -2.506169862433580420e-01 7.197415522225583118e-01 -5.838509824608308918e-01 -5.279553608843912116e-01 1.270395960360190202e+00 -5.713703479241871719e-01
2.299333269467638274e-01 3.864889070093227019e-01 -8.594371385788690532e-02 -1.889525719690823280e-01 5.306933031451990246e-01 -3.100603030009096983e-02 -3.209584809723082799e-01 4.842667198313961308e-01 -2.386188798039370340e-01 -2.218754081936253897e-01 1.533619743815393122e-01 -2.588870499988047413e-01 -3.335457475054681709e-02 -5.505514842921002128e-01 -4.233451537051564628e-01 7.421199757541216968e-01 -1.028859543961118561e+00 8.585644721911194210e-01 8.569773090086130196e-01 -1.503088781654128070e+00 5.281462884117900103e-01 1.023224319432642915e-01 -2.070176966485632875e-01 3.123468274634433328e-01 -5.777592525274712898e-01 4.252654612741366691e-01 -5.961375876627243997e-01 -5.884558478187500441e-01 1.309440512479625340e+00 -6.511985616560878043e-02
-2.418161917922247994e-01 -8.594371385788690532e-02 2.690722118688881892e-01 1.002928404489011882e-02 -7.228849982931251361e-02 1.469175480349349527e-01 1.184526607936504661e-01 -5.622674232785129789e-02 8.989061180835733467e-02 1.231809291704166753e-01 3.511347759865657281e-02 8.206764213178985301e-02 -4.724866925710102805e-02 2.009083805670570655e-01 -4.610929762742443927e-02 -2.084481233865176364e-01 4.251381919630148332e-02 -5.255238978422767104e-01 -2.545989651178217628e-01 2.267251981971298846e-01 -4.449641302952613842e-01 4.815938716558321175e-02 -3.637833640027565707e-03 -1.424559143478063561e-01 1.939168494741920767e-01 2.953925060768369804e-02 2.316553430961221238e-01 2.583736201225974582e-01 -3.167036257553945688e-01 3.394495911447847902e-01
3.397268788434075759e-01 -1.889525719690823280e-01 1.002928404489011882e-02 4.044658910613634362e-01 -6.639866445266306982e-02 -4.205823341163750229e-02 5.717370120692066848e-03 -1.818417145748298935e-01 2.750507811271063474e-02 -7.745739818085439765e-02 -3.016611217491345087e-01 8.260117669357214254e-02 -1.381330397942974741e-01 1.531445619764895127e-01 4.163712093986760010e-02 -4.716562603201168713e-01 1.909238053537478663e-01 -2.662297125987151958e-01 -4.979956231304640824e-01 5.773394528774815626e-01 -2.938485448055416782e-03 -1.734772230666976611e-01 2.921439242239785017e-01 1.504911799942192374e-01 3.578529120401299224e-01 -2.787178497902687013e-02 1.700255372671790610e-01 2.509539215524796418e-01 -4.468221171139248327e-01 -1.710644281869235783e-01
7.961764974412517404e-01 5.306933031451990246e-01 -7.228849982931251361e-02 -6.639866445266306982e-02 1.189022002967647040e+00 -1.541397677380018649e-02 -7.116814368899326837e-01 1.005814164538719524e+00 -5.039131762976012396e-01 -5.249506463852640081e-01 8.684678661450107029e-02 -5.891243272574797629e-01 -1.772589478047734701e-01 -1.048056345562770275e+00 -1.008026605143470533e+00 1.223509579542565007e+00 -2.229444936787331244e+00 1.503294196083061252e+00 1.450337950325405245e+00 -2.746116917337587893e+00 1.171158169425893902e+00 -3.633997826048585011e-02 -1.414237238697069188e-01 9.194079080456276643e-01 -9.006382168041113800e-01 9.603445775735508505e-01 -1.080855013732843872e+00 -1.052755030014054682e+00 2.392320718839130222e+00 -3.242360110695585718e-01
-3.116375677984706272e-02 -3.100603030009096983e-02 1.469175480349349527e-01 -4.205823341163750229e-02 -1.541397677380018649e-02 1.828672046166275322e-01 5.277707026624511855e-02 1.605999228883092655e-02 6.693207352725494275e-02 1.105276103579626579e-01 1.284317211303687145e-02 -8.726733968103417283e-03 -1.020624079302479004e-02 7.965404800910391714e-02 -1.173298325795144592e-01 -1.089235129093140131e-01 -1.269739937065992308e-01 -3.817975389731600444e-01 -1.538823194874225919e-01 1.056683458018028432e-01 -3.372014031807566425e-01 -5.953001448438044463e-02 3.512676242007728433e-02 -1.384972701185915867e-02 1.021643525634203797e-01 8.912465297049720903e-02 2.196638036240301517e-01 1.402941200119016685e-01 -1.650830023017988424e-01 2.425245919238818715e-01
-6.002036895996525345e-01 -3.209584809723082799e-01 1.184526607936504661e-01 5.717370120692066848e-03 -7.116814368899326837e-01 5.277707026624511855e-02 5.492246755839005345e-01 -5.806169537650021084e-01 2.923473773150817578e-01 3.885709789695397376e-01 2.657139561279109330e-03 3.806744198914202570e-01 1.271234820703739388e-01 6.144027519782184754e-01 5.989585473975012064e-01 -7.504861608484247881e-01 1.318325093563146311e+00 -1.025564271305711372e+00 -9.148345575949861086e-01 1.696662471295667274e+00 -8.225521002318032515e-01 2.825143095094517776e-03 7.208938838783751635e-02 -6.006915635290397404e-01 5.304366615232538607e-01 -5.829738259782857313e-01 7.134605483116160940e-01 6.616248646563462898e-01 -1.507908841286848656e+00 2.921367471124654003e-01
5.223825345216255300e-01 4.842667198313961308e-01 -5.622674232785129789e-02 -1.818417145748298935e-01 1.005814164538719524e+00 1.605999228883092655e-02 -5.806169537650021084e-01 9.393323565059290559e-01 -4.042582013424294018e-01 -3.953503522417349814e-01 2.166842652853802065e-01 -5.285483488327713530e-01 -9.204925923262408105e-02 -9.294433645808908295e-01 -8.638834763169711550e-01 1.212917153861269526e+00 -1.944880523753624857e+00 1.303391752933578118e+00 1.399333629180546268e+00 -2.489697674364094837e+00 9.538934508505576559e-01 -1.591426050350719379e-02 -2.387245125957520031e-01 7.346974079671326763e-01 -8.925725744710462095e-01 8.070615220010495250e-01 -9.222414388243578287e-01 -9.762869181926703277e-01 2.149586750542709979e+00 -2.328836885995428929e-01
-3.897574041950520041e-01 -2.386188798039370340e-01 8.989061180835733467e-02 2.750507811271063474e-02 -5.039131762976012396e-01 6.693207352725494275e-02 2.923473773150817578e-01 -4.042582013424294018e-01 3.075451761559975239e-01 2.568124688809234613e-01 1.549366342925395656e-02 2.768370232182633117e-01 5.204186459349102734e-02 5.049982811106019653e-01 3.793688966857757805e-01 -5.084765893315648100e-01 8.657143397045388156e-01 -8.074512582526836013e-01 -6.242801402136706201e-01 1.111514533410002059e+00 -7.274889753701927475e-01 1.447760382029628090e-02 1.574000787951490565e-02 -4.134993616510200809e-01 3.935303506766558712e-01 -3.461415919504133853e-01 5.546523791575168616e-01 4.857999020887859842e-01 -1.020528759206911218e+00 2.732105867471545935e-01
-5.068842651630234286e-01 -2.218754081936253897e-01 1.231809291704166753e-01 -7.745739818085439765e-02 -5.249506463852640081e-01 1.105276103579626579e-01 3.885709789695397376e-01 -3.953503522417349814e-01 2.568124688809234613e-01 3.927014092464560235e-01 5.272534951592433572e-02 2.103904598005783555e-01 1.583817283044481883e-01 4.206456238734972430e-01 3.837745159673886519e-01 -5.135436604187475496e-01 9.097939382036202005e-01 -8.584551978182162202e-01 -6.534081428923741441e-01 1.248253910602898031e+00 -6.944564308951726161e-01 -1.734623123149958701e-02 3.868280659560241475e-02 -4.565152373214118597e-01 3.524693598573662712e-01 -4.052676833982786775e-01 6.099085625916700337e-01 4.765165832552042957e-01 -1.122658954775033635e+00 3.148307205917149076e-01
-4.247691545785983180e-01 1.533619743815393122e-01 3.511347759865657281e-02 -3.016611217491345087e-01 8.684678661450107029e-02 1.284317211303687145e-02 2.657139561279109330e-03 2.166842652853802065e-01 1.549366342925395656e-02 5.272534951592433572e-02 3.985988926977483970e-01 -4.260259146792577667e-02 9.752395877910657873e-02 -1.347287863779342842e-01 -5.578360336687637755e-02 5.166960870924413030e-01 -2.210811719816092591e-01 2.413605964910630064e-01 5.487697918957223919e-01 -6.822290893770741604e-01 -5.448083383441826300e-02 1.755573626691102618e-01 -3.704975017556648709e-01 -1.513851872273335175e-01 -3.981232039839710524e-01 3.578293936215004578e-02 -1.718578996802762049e-01 -2.693761698236585289e-01 5.172635653322572580e-01 1.713016615495916994e-01
-4.271205218887530464e-01 -2.588870499988047413e-01 8.206764213178985301e-02 8.260117669357214254e-02 -5.891243272574797629e-01 -8.726733968103417283e-03 3.806744198914202570e-01 -5.285483488327713530e-01 2.768370232182633117e-01 2.103904598005783555e-01 -4.260259146792577667e-02 4.078719043681644507e-01 3.421566415909182979e-03 5.988427968266023527e-01 5.240772323311944092e-01 -6.582577431213962882e-01 1.100272857816207761e+00 -8.078227304078495763e-01 -7.707958894203841282e-01 1.308888828288104378e+00 -7.421801777003338429e-01 8.241224458967622013e-02 4.157079973720101407e-02 -5.187468116421314335e-01 5.011161266153294491e-01 -4.410513138612373041e-01 5.291623760998618309e-01 5.955608753372985120e-01 -1.189359328031684981e+00 2.574621799392389221e-01
-2.472726221692482795e-01 -3.335457475054681709e-02 -4.724866925710102805e-02 -1.381330397942974741e-01 -1.772589478047734701e-01 -1.020624079302479004e-02 1.271234820703739388e-01 -9.204925923262408105e-02 5.204186459349102734e-02 1.583817283044481883e-01 9.752395877910657873e-02 3.421566415909182979e-03 1.682660503977331246e-01 3.192068652793977890e-02 1.732041855657371343e-01 -2.561632052277218463e-03 3.477491397316612165e-01 -8.015837950364357312e-02 -4.180359497453878248e-02 3.407848274412117462e-01 -5.379710824189487539e-02 -3.912305842646901510e-03 -4.622067703076027101e-02 -1.652347347823592827e-01 -3.412784935596846481e-02 -2.076391363178231586e-01 1.205931888842428634e-01 1.404138768100438028e-02 -2.614543294143913954e-01 7.386132411227208650e-03
-6.948915807912499076e-01 -5.505514842921002128e-01 2.009083805670570655e-01 1.531445619764895127e-01 -1.048056345562770275e+00 7.965404800910391714e-02 6.144027519782184754e-01 -9.294433645808908295e-01 5.049982811106019653e-01 4.206456238734972430e-01 -1.347287863779342842e-01 5.988427968266023527e-01 3.192068652793977890e-02 1.197683755513821779e+00 8.412283405726270757e-01 -1.224931323241719383e+00 1.904206498817927695e+00 -1.582226371954504884e+00 -1.438374383863958883e+00 2.387180283424925165e+00 -1.312739481890730531e+00 7.884933162995366729e-02 1.169816622162898057e-01 -8.187223377321402040e-01 9.690101117332119429e-01 -7.232217295886584907e-01 1.034302431290655022e+00 1.090222562177245891e+00 -2.220050340820080237e+00 4.537539124485761022e-01
-7.244303097949682524e-01 -4.233451537051564628e-01 -4.610929762742443927e-02 4.163712093986760010e-02 -1.008026605143470533e+00 -1.173298325795144592e-01 5.989585473975012064e-01 -8.638834763169711550e-01 3.793688966857757805e-01 3.837745159673886519e-01 -5.578360336687637755e-02 5.240772323311944092e-01 1.732041855657371343e-01 8.412283405726270757e-01 1.012143411256204217e+00 -9.258249152169923946e-01 1.979674408599862545e+00 -1.013771986471624587e+00 -1.110040059661031364e+00 2.266826162626614405e+00 -8.122976778606698645e-01 8.164194042799977069e-02 1.008151630680913513e-01 -8.036204712840913089e-01 6.900776896177376329e-01 -8.951966412942056195e-01 7.701926677129904419e-01 7.910010728556926551e-01 -1.942307778706435784e+00 1.073462799826074843e-01
3.209801577265807282e-01 7.421199757541216968e-01 -2.084481233865176364e-01 -4.716562603201168713e-01 1.223509579542565007e+00 -1.089235129093140131e-01 -7.504861608484247881e-01 1.212917153861269526e+00 -5.084765893315648100e-01 -5.135436604187475496e-01 5.166960870924413030e-01 -6.582577431213962882e-01 -2.561632052277218463e-03 -1.224931323241719383e+00 -9.258249152169923946e-01 1.988315041980797560e+00 -2.275619193728289247e+00 2.045113500784452754e+00 2.242871288372271010e+00 -3.501867812520458756e+00 1.353747338891196250e+00 1.846813241579638998e-01 -5.835958276450696758e-01 7.405817573406920928e-01 -1.481514416354173136e+00 8.534416697335700519e-01 -1.383082241366139442e+00 -1.517085474127156886e+00 3.037328807742710524e+00 -3.464280506615295963e-01
-1.503180082286803554e+00 -1.028859543961118561e+00 4.251381919630148332e-02 1.909238053537478663e-01 -2.229444936787331244e+00 -1.269739937065992308e-01 1.318325093563146311e+00 -1.944880523753624857e+00 8.657143397045388156e-01 9.097939382036202005e-01 -2.210811719816092591e-01 1.100272857816207761e+00 3.477491397316612165e-01 1.904206498817927695e+00 1.979674408599862545e+00 -2.275619193728289247e+00 4.457470963995717739e+00 -2.548061572956044074e+00 -2.628799464395967789e+00 5.230303240560886024e+00 -1.809708783343410232e+00 1.243451914718889384e-01 2.633885521966021770e-01 -1.741575988768829575e+00 1.631825068347495744e+00 -1.942022308457069357e+00 1.844478634263055028e+00 1.884639215712070381e+00 -4.489080859128762313e+00 3.936680915612100762e-01
9.793959514615835360e-01 8.585644721911194210e-01 -5.255238978422767104e-01 -2.662297125987151958e-01 1.503294196083061252e+00 -3.817975389731600444e-01 -1.025564271305711372e+00 1.303391752933578118e+00 -8.074512582526836013e-01 -8.584551978182162202e-01 2.413605964910630064e-01 -8.078227304078495763e-01 -8.015837950364357312e-02 -1.582226371954504884e+00 -1.013771986471624587e+00 2.045113500784452754e+00 -2.548061572956044074e+00 3.045514900754312748e+00 2.453939658242234145e+00 -3.974577873947964690e+00 2.263503589274762362e+00 8.733663631522858850e-02 -3.978041189295140612e-01 1.058670608141937919e+00 -1.569507779068942455e+00 1.017886767575646445e+00 -1.932998378817160301e+00 -1.765869260090596526e+00 3.578175830289012538e+00 -8.983221659923401603e-01
4.549623732121972353e-01 8.569773090086130196e-01 -2.545989651178217628e-01 -4.979956231304640824e-01 1.450337950325405245e+00 -1.538823194874225919e-01 -9.148345575949861086e-01 1.399333629180546268e+00 -6.242801402136706201e-01 -6.534081428923741441e-01 5.487697918957223919e-01 -7.707958894203841282e-01 -4.180359497453878248e-02 -1.438374383863958883e+00 -1.110040059661031364e+00 2.242871288372271010e+00 -2.628799464395967789e+00 2.453939658242234145e+00 2.632366523198925279e+00 -4.080287828525172245e+00 1.690190509535852925e+00 2.301017391380355548e-01 -6.692739161306633378e-01 8.924162899635348367e-01 -1.693060983536526010e+00 1.002284092767325774e+00 -1.673687184794061977e+00 -1.759203690351370142e+00 3.559031786414948328e+00 -4.492647526778341671e-01
-1.295089786527057640e+00 -1.503088781654128070e+00 2.267251981971298846e-01 5.773394528774815626e-01 -2.746116917337587893e+00 1.056683458018028432e-01 1.696662471295667274e+00 -2.489697674364094837e+00 1.111514533410002059e+00 1.248253910602898031e+00 -6.822290893770741604e-01 1.308888828288104378e+00 3.407848274412117462e-01 2.387180283424925165e+00 2.266826162626614405e+00 -3.501867812520458756e+00 5.230303240560886024e+00 -3.974577873947964690e+00 -4.080287828525172245e+00 7.436383353216228898e+00 -2.586139010231590873e+00 -3.104308328865954536e-01 9.326056170024230596e-01 -1.790739708436319688e+00 2.573533669258495138e+00 -2.288816651179786277e+00 2.852649921694535351e+00 2.751101027529216481e+00 -6.276521668664145182e+00 4.791848302930361569e-01
1.008880284640099489e+00 5.281462884117900103e-01 -4.449641302952613842e-01 -2.938485448055416782e-03 1.171158169425893902e+00 -3.372014031807566425e-01 -8.225521002318032515e-01 9.538934508505576559e-01 -7.274889753701927475e-01 -6.944564308951726161e-01 -5.448083383441826300e-02 -7.421801777003338429e-01 -5.379710824189487539e-02 -1.312739481890730531e+00 -8.122976778606698645e-01 1.353747338891196250e+00 -1.809708783343410232e+00 2.263503589274762362e+00 1.690190509535852925e+00 -2.586139010231590873e+00 2.270042628887154024e+00 -5.179820496655906936e-02 -1.025748514199449346e-01 1.082358064677578113e+00 -1.075597128209039965e+00 6.399185141490306705e-01 -1.484830877933688953e+00 -1.351680024288725690e+00 2.572528054642930329e+00 -1.066941036675643772e+00
-3.766098240431574595e-01 1.023224319432642915e-01 4.815938716558321175e-02 -1.734772230666976611e-01 -3.633997826048585011e-02 -5.953001448438044463e-02 2.825143095094517776e-03 -1.591426050350719379e-02 1.447760382029628090e-02 -1.734623123149958701e-02 1.755573626691102618e-01 8.241224458967622013e-02 -3.912305842646901510e-03 7.884933162995366729e-02 8.164194042799977069e-02 1.846813241579638998e-01 1.243451914718889384e-01 8.733663631522858850e-02 2.301017391380355548e-01 -3.104308328865954536e-01 -5.179820496655906936e-02 3.644287777794659178e-01 -2.823116128145386483e-01 -2.214657721988828598e-01 -1.358061125851008910e-01 -5.836751707914800136e-02 -1.794477260700659826e-01 -7.488798166374976972e-02 2.222878792168785367e-01 1.982121861034897847e-01
3.793006491131905022e-01 -2.070176966485632875e-01 -3.637833640027565707e-03 2.921439242239785017e-01 -1.414237238697069188e-01 3.512676242007728433e-02 7.208938838783751635e-02 -2.387245125957520031e-01 1.574000787951490565e-02 3.868280659560241475e-02 -3.704975017556648709e-01 4.157079973720101407e-02 -4.622067703076027101e-02 1.169816622162898057e-01 1.008151630680913513e-01 -5.835958276450696758e-01 2.633885521966021770e-01 -3.978041189295140612e-01 -6.692739161306633378e-01 9.326056170024230596e-01 -1.025748514199449346e-01 -2.823116128145386483e-01 4.953522587962879697e-01 1.383402304454648402e-01 4.566130510542052434e-01 -1.139255829493777128e-01 3.556365942293950866e-01 3.425732292161001169e-01 -7.367392122595788351e-01 -1.832135387319340225e-01
9.812328736495601333e-01 3.123468274634433328e-01 -1.424559143478063561e-01 1.504911799942192374e-01 9.194079080456276643e-01 -1.384972701185915867e-02 -6.006915635290397404e-01 7.346974079671326763e-01 -4.134993616510200809e-01 -4.565152373214118597e-01 -1.513851872273335175e-01 -5.187468116421314335e-01 -1.652347347823592827e-01 -8.187223377321402040e-01 -8.036204712840913089e-01 7.405817573406920928e-01 -1.741575988768829575e+00 1.058670608141937919e+00 8.924162899635348367e-01 -1.790739708436319688e+00 1.082358064677578113e+00 -2.214657721988828598e-01 1.383402304454648402e-01 1.070830801203783267e+00 -5.249960606844865652e-01 6.979339038503553638e-01 -7.248022227326487155e-01 -7.958181012451177594e-01 1.699697843655826546e+00 -5.948845991361508823e-01
-2.506169862433580420e-01 -5.777592525274712898e-01 1.939168494741920767e-01 3.578529120401299224e-01 -9.006382168041113800e-01 1.021643525634203797e-01 5.304366615232538607e-01 -8.925725744710462095e-01 3.935303506766558712e-01 3.524693598573662712e-01 -3.981232039839710524e-01 5.011161266153294491e-01 -3.412784935596846481e-02 9.690101117332119429e-01 6.900776896177376329e-01 -1.481514416354173136e+00 1.631825068347495744e+00 -1.569507779068942455e+00 -1.693060983536526010e+00 2.573533669258495138e+00 -1.075597128209039965e+00 -1.358061125851008910e-01 4.566130510542052434e-01 -5.249960606844865652e-01 1.185510429050054881e+00 -5.932602287937811525e-01 1.031438351036513268e+00 1.168857755510941843e+00 -2.268629268183417480e+00 2.578613302015355657e-01
7.197415522225583118e-01 4.252654612741366691e-01 2.953925060768369804e-02 -2.787178497902687013e-02 9.603445775735508505e-01 8.912465297049720903e-02 -5.829738259782857313e-01 8.070615220010495250e-01 -3.461415919504133853e-01 -4.052676833982786775e-01 3.578293936215004578e-02 -4.410513138612373041e-01 -2.076391363178231586e-01 -7.232217295886584907e-01 -8.951966412942056195e-01 8.534416697335700519e-01 -1.942022308457069357e+00 1.017886767575646445e+00 1.002284092767325774e+00 -2.288816651179786277e+00 6.399185141490306705e-01 -5.836751707914800136e-02 -1.139255829493777128e-01 6.979339038503553638e-01 -5.932602287937811525e-01 9.955149299299819177e-01 -7.726612908638799126e-01 -7.000893221266437649e-01 1.844017484710889221e+00 -1.934889440531151195e-02
-5.838509824608308918e-01 -5.961375876627243997e-01 2.316553430961221238e-01 1.700255372671790610e-01 -1.080855013732843872e+00 2.196638036240301517e-01 7.134605483116160940e-01 -9.222414388243578287e-01 5.546523791575168616e-01 6.099085625916700337e-01 -1.718578996802762049e-01 5.291623760998618309e-01 1.205931888842428634e-01 1.034302431290655022e+00 7.701926677129904419e-01 -1.383082241366139442e+00 1.844478634263055028e+00 -1.932998378817160301e+00 -1.673687184794061977e+00 2.852649921694535351e+00 -1.484830877933688953e+00 -1.794477260700659826e-01 3.556365942293950866e-01 -7.248022227326487155e-01 1.031438351036513268e+00 -7.726612908638799126e-01 1.400683975143522275e+00 1.174638210855277975e+00 -2.543311724545503694e+00 4.366237068238092434e-01
-5.279553608843912116e-01 -5.884558478187500441e-01 2.583736201225974582e-01 2.509539215524796418e-01 -1.052755030014054682e+00 1.402941200119016685e-01 6.616248646563462898e-01 -9.762869181926703277e-01 4.857999020887859842e-01 4.765165832552042957e-01 -2.693761698236585289e-01 5.955608753372985120e-01 1.404138768100438028e-02 1.090222562177245891e+00 7.910010728556926551e-01 -1.517085474127156886e+00 1.884639215712070381e+00 -1.765869260090596526e+00 -1.759203690351370142e+00 2.751101027529216481e+00 -1.351680024288725690e+00 -7.488798166374976972e-02 3.425732292161001169e-01 -7.958181012451177594e-01 1.168857755510941843e+00 -7.000893221266437649e-01 1.174638210855277975e+00 1.307136026311184196e+00 -2.481572325564911807e+00 4.676989702351761480e-01
1.270395960360190202e+00 1.309440512479625340e+00 -3.167036257553945688e-01 -4.468221171139248327e-01 2.392320718839130222e+00 -1.650830023017988424e-01 -1.507908841286848656e+00 2.149586750542709979e+00 -1.020528759206911218e+00 -1.122658954775033635e+00 5.172635653322572580e-01 -1.189359328031684981e+00 -2.614543294143913954e-01 -2.220050340820080237e+00 -1.942307778706435784e+00 3.037328807742710524e+00 -4.489080859128762313e+00 3.578175830289012538e+00 3.559031786414948328e+00 -6.276521668664145182e+00 2.572528054642930329e+00 2.222878792168785367e-01 -7.367392122595788351e-01 1.699697843655826546e+00 -2.268629268183417480e+00 1.844017484710889221e+00 -2.543311724545503694e+00 -2.481572325564911807e+00 5.509760584318200927e+00 -6.731068518902247888e-01
-5.713703479241871719e-01 -6.511985616560878043e-02 3.394495911447847902e-01 -1.710644281869235783e-01 -3.242360110695585718e-01 2.425245919238818715e-01 2.921367471124654003e-01 -2.328836885995428929e-01 2.732105867471545935e-01 3.148307205917149076e-01 1.713016615495916994e-01 2.574621799392389221e-01 7.386132411227208650e-03 4.537539124485761022e-01 1.073462799826074843e-01 -3.464280506615295963e-01 3.936680915612100762e-01 -8.983221659923401603e-01 -4.492647526778341671e-01 4.791848302930361569e-01 -1.066941036675643772e+00 1.982121861034897847e-01 -1.832135387319340225e-01 -5.948845991361508823e-01 2.578613302015355657e-01 -1.934889440531151195e-02 4.366237068238092434e-01 4.676989702351761480e-01 -6.731068518902247888e-01 9.035333647757397557e-01
