1.502523023773903788e+00 1.337107121215694860e-01 -2.534363906013368251e-01 4.313776257109793733e-01 6.629459048275521127e-01 5.703987245954067475e-02 -5.471970629770339656e-01 3.683216151230226387e-01 -2.692027751072032515e-01 -3.801316976353064092e-01 -5.409696988142513874e-01 -4.034742077618602707e-01 -1.253891602666499239e-01 -7.224452670221808148e-01 -6.969402621699600786e-01 -1.096964832657931765e-02 -1.306030153489246004e+00 5.425149610388757537e-01 7.750705793085899131e-02 -6.087231355393782906e-01 8.227056353500188379e-01 -5.465249415263997435e-01 5.842611143993963196e-01 9.450940251576298579e-01 -5.450484702078028931e-02 6.204477518954263360e-01 -2.538253457027508375e-01 -3.466908259830461247e-01 8.084815383721775106e-01 -4.904773340451811237e-01
1.337107121215694860e-01 3.384575308734838472e-01 -5.026142840517877630e-02 -1.508277385963765482e-01 3.494965555967723958e-01 -2.274341840859506192e-03 -1.867776425458487211e-01 3.017528896193084620e-01 -1.419916533091054589e-01 -1.253911823994826591e-01 1.095693456555295597e-01 -1.352857986851745409e-01 -8.086034466998626158e-03 -4.273915213562986537e-01 -2.641389914415412932e-01 4.756184647616237271e-01 -7.359589176232930186e-01 4.988195300943516486e-01 5.508047815129941682e-01 -9.954917614464875442e-01 2.192414840257015385e-01 9.778224686655789810e-02 -1.336849488075699810e-01 1.691346532057877994e-01 -3.924558946480374289e-01 3.067625706029843968e-01 -3.729715352467906087e-01 -3.943764208646598490e-01 8.864882784239398461e-01 7.972585488232653006e-02
-2.534363906013368251e-01 -5.026142840517877630e-02 3.468108741322453170e-01 -1.675647159970594657e-02 2.090460836279817158e-02 1.959842616461173748e-01 5.885117092202563072e-02 3.968650207889368176e-02 9.065290260201663841e-02 6.987485177734242825e-02 9.000648217198659040e-02 5.496827623926492379e-02 -9.348372016654593608e-02 1.587966215491292132e-01 -1.944258241018133049e-01 -1.092105726613681327e-01 -1.691840485922284643e-01 -5.567032841179297975e-01 -1.290245147904443002e-01 -4.551750343244975738e-02 -4.631124014907754827e-01 1.191862635927236624e-01 -8.492379241329217621e-02 -3.566556566170220322e-02 1.538035398762644945e-01 1.297992250511015300e-01 1.634739953134385360e-01 2.001962236442409449e-01 -8.930668687958132068e-02 3.980171167952448741e-01
4.313776257109793733e-01 -1.508277385963765482e-01 -1.675647159970594657e-02 3.757794786935164666e-01 -1.078889298412377684e-03 -2.064830089125280210e-02 -7.056715043358963158e-02 -1.276984080577108216e-01 3.205097061851347462e-02 -8.950341356580793217e-02 -3.036587060124702475e-01 3.035191119221281042e-02 -9.330849250778783244e-02 3.682604502171216154e-02 -3.970854071627627491e-02 -4.222178140959726989e-01 3.889973975492466707e-02 -1.870594827484524103e-01 -4.403437520622901502e-01 4.676009845948669863e-01 4.298800733931784634e-02 -2.300459626008546365e-01 3.089075298775583178e-01 1.668770108047397116e-01 3.153562341932456548e-01 6.176691406949430529e-02 1.387850078950805255e-01 2.234742845736832351e-01 -3.307374949710606415e-01 -1.468826033180903323e-01
6.629459048275521127e-01 3.494965555967723958e-01 2.090460836279817158e-02 -1.078889298412377684e-03 8.697949976128143135e-01 1.101069511760783826e-01 -5.248522350651114721e-01 7.038518507117714762e-01 -2.869159213914826978e-01 -3.486778175829385873e-01 -6.350160471697563480e-04 -4.134461766477670608e-01 -1.175353653700312861e-01 -8.194653560697133798e-01 -8.244197214378345961e-01 6.909187865704211617e-01 -1.716910087847054456e+00 7.148084363885800485e-01 8.489694776597218606e-01 -1.724960324393236988e+00 6.345439352397761468e-01 -6.419792387603706629e-02 3.185987031781678525e-02 7.406535235722913058e-01 -4.939033272553388088e-01 7.318387939780564011e-01 -5.933706964150360363e-01 -6.525892854047015135e-01 1.575129240437718181e+00 -1.028639426109521082e-01
5.703987245954067475e-02 -2.274341840859506192e-03 1.959842616461173748e-01 -2.064830089125280210e-02 1.101069511760783826e-01 2.451036295731796599e-01 -1.657028936097049154e-02 1.226115474369180447e-01 4.824700470453535672e-02 6.072189437259112310e-02 2.142758629230456791e-02 -6.618584295188156830e-02 -4.312688094694294705e-02 -2.777439238212764394e-02 -2.979697283030873223e-01 -3.907689096854483068e-02 -3.874238716373383795e-01 -4.303278952422147086e-01 -6.582628458386352577e-02 -1.108243992125608202e-01 -2.813300518110395387e-01 -5.118216346710369180e-02 1.987594791125957272e-02 1.611475067671790384e-01 6.143631997133525147e-02 1.927091516051291364e-01 1.736722196795881246e-01 5.723179553137924813e-02 6.156564214461468509e-02 2.516591182396723525e-01
-5.471970629770339656e-01 -1.867776425458487211e-01 5.885117092202563072e-02 -7.056715043358963158e-02 -5.248522350651114721e-01 -1.657028936097049154e-02 4.449265204991661449e-01 -3.865656759483044880e-01 1.575710445108597924e-01 2.901862683727358672e-01 9.390584412602720477e-02 2.788864466224936223e-01 8.050048412019350508e-02 4.972322549264163172e-01 4.838890682312353420e-01 -3.776881308220936262e-01 9.968724412419760483e-01 -5.266488624220073689e-01 -5.018827892810691083e-01 9.990797332449119494e-01 -5.176704489471148918e-01 4.541899903313151299e-02 -8.372706022595366449e-02 -4.985744807162291181e-01 2.417501216360733451e-01 -4.521167229729030623e-01 4.068187246737693386e-01 3.945547022721029862e-01 -9.530526007172852587e-01 1.734469862732339607e-01
3.683216151230226387e-01 3.017528896193084620e-01 3.968650207889368176e-02 -1.276984080577108216e-01 7.038518507117714762e-01 1.226115474369180447e-01 -3.865656759483044880e-01 6.621137428340375664e-01 -2.267464553844433794e-01 -2.293124841380063117e-01 1.445361483552574100e-01 -3.695323487270911755e-01 -6.847693547132394087e-02 -6.597703666187157978e-01 -6.808105382996814114e-01 7.475765509763050432e-01 -1.435220024457123600e+00 5.920203535448536059e-01 8.601902334638111824e-01 -1.576466514549622389e+00 4.914375504068857481e-01 -9.409745244226996874e-03 -1.070420414702653034e-01 5.832422713694995764e-01 -5.337535152210080014e-01 5.679770624695379411e-01 -4.872431229334210911e-01 -6.208735507437950218e-01 1.398268556464074663e+00 -6.466633730286730497e-02
-2.692027751072032515e-01 -1.419916533091054589e-01 9.065290260201663841e-02 3.205097061851347462e-02 -2.869159213914826978e-01 4.824700470453535672e-02 1.575710445108597924e-01 -2.267464553844433794e-01 2.242198530819905500e-01 1.459216928864179863e-01 3.635746230628456033e-02 1.825933979720275602e-01 1.371637707313766441e-02 2.998997998813024424e-01 2.051736915789206250e-01 -2.996292607822397258e-01 4.784501936715059855e-01 -5.383527063918336353e-01 -3.719295536379263467e-01 6.029463992119872273e-01 -5.042767288704226303e-01 2.451663111344259960e-02 -2.340127258639768115e-02 -2.531790437347467559e-01 2.490977921142416562e-01 -1.594290770047450678e-01 3.307159250760491886e-01 3.178877727029316702e-01 -5.791689402274187159e-01 2.142038166041402292e-01
-3.801316976353064092e-01 -1.253911823994826591e-01 6.987485177734242825e-02 -8.950341356580793217e-02 -3.486778175829385873e-01 6.072189437259112310e-02 2.901862683727358672e-01 -2.293124841380063117e-01 1.459216928864179863e-01 3.121566862529903119e-01 9.791299695336874720e-02 9.872214004064971959e-02 1.198251221983923642e-01 2.635148004763436802e-01 2.462637845856079366e-01 -2.461467799589627248e-01 6.078801691468243007e-01 -4.812808906143573040e-01 -3.525424722477055184e-01 7.368992892691608176e-01 -4.106813883404356602e-01 -3.798403522068838356e-02 -2.808155337464768309e-02 -2.853928706866781795e-01 1.390592889815707167e-01 -2.920381768077504603e-01 3.919194701818469184e-01 2.450824389721901753e-01 -6.827044450698736000e-01 1.639320534904413762e-01
-5.409696988142513874e-01 1.095693456555295597e-01 9.000648217198659040e-02 -3.036587060124702475e-01 -6.350160471697563480e-04 2.142758629230456791e-02 9.390584412602720477e-02 1.445361483552574100e-01 3.635746230628456033e-02 9.791299695336874720e-02 4.156940687034875737e-01 2.551176056095982858e-02 6.085122168138923371e-02 -2.108235110739542506e-02 2.989641773206130893e-02 4.071183402799647411e-01 -5.600008305913206641e-02 6.355012602426768353e-02 4.127761467181016997e-01 -5.071892385058163200e-01 -1.835171274641993477e-01 2.428439818189076504e-01 -3.854037193740964540e-01 -2.006999230596306916e-01 -3.023704804285785031e-01 -3.833099843757281633e-02 -9.969216264028091246e-02 -1.684094797229818141e-01 3.388427525312067701e-01 2.171611112464120197e-01
-4.034742077618602707e-01 -1.352857986851745409e-01 5.496827623926492379e-02 3.035191119221281042e-02 -4.134461766477670608e-01 -6.618584295188156830e-02 2.788864466224936223e-01 -3.695323487270911755e-01 1.825933979720275602e-01 9.872214004064971959e-02 2.551176056095982858e-02 3.626666654215000563e-01 -2.182677011637679243e-02 4.487309536132784160e-01 4.336461317423641049e-01 -3.926846513384134596e-01 7.939027599756514064e-01 -4.367754882861731858e-01 -4.563408937617907668e-01 7.391875992819905150e-01 -5.426437693250818484e-01 1.440438689235179481e-01 -7.163164833821156208e-02 -4.696484889198586643e-01 3.049860531234571681e-01 -2.863647106274811449e-01 2.551237855623185169e-01 4.173355804178413564e-01 -7.310726092756567596e-01 2.262529676258395739e-01
-1.253891602666499239e-01 -8.086034466998626158e-03 -9.348372016654593608e-02 -9.330849250778783244e-02 -1.175353653700312861e-01 -4.312688094694294705e-02 8.050048412019350508e-02 -6.847693547132394087e-02 1.371637707313766441e-02 1.198251221983923642e-01 6.085122168138923371e-02 -2.182677011637679243e-02 1.722167812807242626e-01 -7.836955312876625612e-02 1.471183954349157830e-01 -8.850397859589520522e-03 2.552153017287537295e-01 6.173970650235105495e-02 -2.439923722738512879e-02 2.844750539823621693e-01 3.919053683432593971e-02 -5.332095360802213690e-02 2.137409803600576197e-02 -1.209349490006843553e-01 -4.462730996226582647e-02 -1.532100975109074170e-01 6.800393449373132171e-02 -2.264566664854328337e-02 -1.962383187574232579e-01 -5.039802715754149176e-02
-7.224452670221808148e-01 -4.273915213562986537e-01 1.587966215491292132e-01 3.682604502171216154e-02 -8.194653560697133798e-01 -2.777439238212764394e-02 4.972322549264163172e-01 -6.597703666187157978e-01 2.998997998813024424e-01 2.635148004763436802e-01 -2.108235110739542506e-02 4.487309536132784160e-01 -7.836955312876625612e-02 1.224936726593739422e+00 7.020155029497345822e-01 -6.464519217298629883e-01 1.570542003148091226e+00 -8.960579587686652303e-01 -8.148162747357332591e-01 1.384614654636834530e+00 -8.012807095353764453e-01 1.938030849887582008e-01 -1.788579480373755359e-01 -6.679769077170476521e-01 5.595221493265398749e-01 -6.155848505916878821e-01 5.679227598226361806e-01 7.111818202262156774e-01 -1.457940758409733917e+00 2.157250566241941669e-01
-6.969402621699600786e-01 -2.641389914415412932e-01 -1.944258241018133049e-01 -3.970854071627627491e-02 -8.244197214378345961e-01 -2.979697283030873223e-01 4.838890682312353420e-01 -6.808105382996814114e-01 2.051736915789206250e-01 2.462637845856079366e-01 2.989641773206130893e-02 4.336461317423641049e-01 1.471183954349157830e-01 7.020155029497345822e-01 1.042114096369232357e+00 -4.817802656032768027e-01 1.721531829423099680e+00 -2.278690886459457943e-01 -6.132205959293912656e-01 1.513294758366100723e+00 -3.901499219883817204e-01 1.164248139528183401e-01 -4.112358464067256136e-02 -8.128874833105328435e-01 3.468084620737954538e-01 -7.893195647100128554e-01 3.485783324166504826e-01 4.911443640543780020e-01 -1.366924986424692179e+00 -1.062104050976699909e-01
-1.096964832657931765e-02 4.756184647616237271e-01 -1.092105726613681327e-01 -4.222178140959726989e-01 6.909187865704211617e-01 -3.907689096854483068e-02 -3.776881308220936262e-01 7.475765509763050432e-01 -2.996292607822397258e-01 -2.461467799589627248e-01 4.071183402799647411e-01 -3.926846513384134596e-01 -8.850397859589520522e-03 -6.464519217298629883e-01 -4.817802656032768027e-01 1.373057859799075686e+00 -1.316198363840896945e+00 1.173327145692383056e+00 1.480321246090710474e+00 -2.168897740360137050e+00 7.369839645334081979e-01 2.134065285766268971e-01 -4.608050037729185533e-01 4.017124593510743580e-01 -9.989279538845039497e-01 4.107934723953690082e-01 -8.091727656417333492e-01 -1.001984610536567288e+00 1.860327666500836585e+00 -1.804687955741428596e-01
-1.306030153489246004e+00 -7.359589176232930186e-01 -1.691840485922284643e-01 3.889973975492466707e-02 -1.716910087847054456e+00 -3.874238716373383795e-01 9.968724412419760483e-01 -1.435220024457123600e+00 4.784501936715059855e-01 6.078801691468243007e-01 -5.600008305913206641e-02 7.939027599756514064e-01 2.552153017287537295e-01 1.570542003148091226e+00 1.721531829423099680e+00 -1.316198363840896945e+00 3.689977153237691709e+00 -1.034529963970499011e+00 -1.542279232334863082e+00 3.434979431743215628e+00 -8.139998263147845137e-01 1.767721871019034552e-01 -6.836914780774350220e-02 -1.506805922669741449e+00 9.030972567431376774e-01 -1.583196419967805468e+00 9.625207325492510790e-01 1.185773128652101605e+00 -3.099843531145324960e+00 -4.446229291340841883e-02
5.425149610388757537e-01 4.988195300943516486e-01 -5.567032841179297975e-01 -1.870594827484524103e-01 7.148084363885800485e-01 -4.303278952422147086e-01 -5.266488624220073689e-01 5.920203535448536059e-01 -5.383527063918336353e-01 -4.812808906143573040e-01 6.355012602426768353e-02 -4.367754882861731858e-01 6.173970650235105495e-02 -8.960579587686652303e-01 -2.278690886459457943e-01 1.173327145692383056e+00 -1.034529963970499011e+00 2.169137278197638352e+00 1.410867934334845586e+00 -1.970721914870637193e+00 1.567986026406458677e+00 4.535682592324974394e-02 -1.370920448113679413e-01 4.285967036652209572e-01 -9.527973097026460891e-01 3.224731552323873984e-01 -1.194110711010637260e+00 -1.086018516703575187e+00 1.846730546324806710e+00 -7.815809728757017183e-01
7.750705793085899131e-02 5.508047815129941682e-01 -1.290245147904443002e-01 -4.403437520622901502e-01 8.489694776597218606e-01 -6.582628458386352577e-02 -5.018827892810691083e-01 8.601902334638111824e-01 -3.719295536379263467e-01 -3.525424722477055184e-01 4.127761467181016997e-01 -4.563408937617907668e-01 -2.439923722738512879e-02 -8.148162747357332591e-01 -6.132205959293912656e-01 1.480321246090710474e+00 -1.542279232334863082e+00 1.410867934334845586e+00 1.724267224279600441e+00 -2.519110071576704968e+00 9.505279701578785989e-01 2.842092327369982740e-01 -4.970627607527831060e-01 4.863554018010063373e-01 -1.105052356023776383e+00 5.128985222500830332e-01 -1.003855138416611226e+00 -1.142082701124309096e+00 2.187629249541714671e+00 -2.075540884099495997e-01
-6.087231355393782906e-01 -9.954917614464875442e-01 -4.551750343244975738e-02 4.676009845948669863e-01 -1.724960324393236988e+00 -1.108243992125608202e-01 9.990797332449119494e-01 -1.576466514549622389e+00 6.029463992119872273e-01 7.368992892691608176e-01 -5.071892385058163200e-01 7.391875992819905150e-01 2.844750539823621693e-01 1.384614654636834530e+00 1.513294758366100723e+00 -2.168897740360137050e+00 3.434979431743215628e+00 -1.970721914870637193e+00 -2.519110071576704968e+00 4.754313118482343725e+00 -1.184995411592296932e+00 -4.271804991250292005e-01 6.933454651334045593e-01 -1.145468075521762330e+00 1.550685521281764068e+00 -1.473090227115790185e+00 1.657687021170033859e+00 1.685171008888971755e+00 -3.990055319938676348e+00 -5.558802449974109550e-02
8.227056353500188379e-01 2.192414840257015385e-01 -4.631124014907754827e-01 4.298800733931784634e-02 6.345439352397761468e-01 -2.813300518110395387e-01 -5.176704489471148918e-01 4.914375504068857481e-01 -5.042767288704226303e-01 -4.106813883404356602e-01 -1.835171274641993477e-01 -5.426437693250818484e-01 3.919053683432593971e-02 -8.012807095353764453e-01 -3.901499219883817204e-01 7.369839645334081979e-01 -8.139998263147845137e-01 1.567986026406458677e+00 9.505279701578785989e-01 -1.184995411592296932e+00 1.752989780142456766e+00 -1.656992697829196004e-01 9.627000800236373834e-02 6.967607829386111007e-01 -6.323208375835633888e-01 2.035108974209833832e-01 -8.724527534974981791e-01 -8.660231175306876139e-01 1.338787843174941372e+00 -9.637729111250905589e-01
-5.465249415263997435e-01 9.778224686655789810e-02 1.191862635927236624e-01 -2.300459626008546365e-01 -6.419792387603706629e-02 -5.118216346710369180e-02 4.541899903313151299e-02 -9.409745244226996874e-03 2.451663111344259960e-02 -3.798403522068838356e-02 2.428439818189076504e-01 1.440438689235179481e-01 -5.332095360802213690e-02 1.938030849887582008e-01 1.164248139528183401e-01 2.134065285766268971e-01 1.767721871019034552e-01 4.535682592324974394e-02 2.842092327369982740e-01 -4.271804991250292005e-01 -1.656992697829196004e-01 4.855977508758257954e-01 -3.826907701489403735e-01 -3.104270494555976256e-01 -1.230062276721071157e-01 -6.088571650349194897e-02 -2.133502845501311640e-01 -3.774995336436859361e-02 2.331627618277423153e-01 2.911296513127581420e-01
5.842611143993963196e-01 -1.336849488075699810e-01 -8.492379241329217621e-02 3.089075298775583178e-01 3.185987031781678525e-02 1.987594791125957272e-02 -8.372706022595366449e-02 -1.070420414702653034e-01 -2.340127258639768115e-02 -2.808155337464768309e-02 -3.854037193740964540e-01 -7.163164833821156208e-02 2.137409803600576197e-02 -1.788579480373755359e-01 -4.112358464067256136e-02 -4.608050037729185533e-01 -6.836914780774350220e-02 -1.370920448113679413e-01 -4.970627607527831060e-01 6.933454651334045593e-01 9.627000800236373834e-02 -3.826907701489403735e-01 5.796984292899765023e-01 2.598046388097259296e-01 3.434291875652775161e-01 2.378530739792950044e-02 2.497568487486887534e-01 1.943958721672061074e-01 -4.553301604953503556e-01 -2.675352226891050123e-01
9.450940251576298579e-01 1.691346532057877994e-01 -3.566556566170220322e-02 1.668770108047397116e-01 7.406535235722913058e-01 1.611475067671790384e-01 -4.985744807162291181e-01 5.832422713694995764e-01 -2.531790437347467559e-01 -2.853928706866781795e-01 -2.006999230596306916e-01 -4.696484889198586643e-01 -1.209349490006843553e-01 -6.679769077170476521e-01 -8.128874833105328435e-01 4.017124593510743580e-01 -1.506805922669741449e+00 4.285967036652209572e-01 4.863554018010063373e-01 -1.145468075521762330e+00 6.967607829386111007e-01 -3.104270494555976256e-01 2.598046388097259296e-01 1.008631209434952325e+00 -2.631934860733053938e-01 5.967510130866457985e-01 -3.204837185568862878e-01 -5.215168502748497303e-01 1.171362813050166096e+00 -4.032715072658561439e-01
-5.450484702078028931e-02 -3.924558946480374289e-01 1.538035398762644945e-01 3.153562341932456548e-01 -4.939033272553388088e-01 6.143631997133525147e-02 2.417501216360733451e-01 -5.337535152210080014e-01 2.490977921142416562e-01 1.390592889815707167e-01 -3.023704804285785031e-01 3.049860531234571681e-01 -4.462730996226582647e-02 5.595221493265398749e-01 3.468084620737954538e-01 -9.989279538845039497e-01 9.030972567431376774e-01 -9.527973097026460891e-01 -1.105052356023776383e+00 1.550685521281764068e+00 -6.323208375835633888e-01 -1.230062276721071157e-01 3.434291875652775161e-01 -2.631934860733053938e-01 8.361194111313920985e-01 -2.597048623983937432e-01 5.902944113658463721e-01 7.938312481957154887e-01 -1.374545441629379638e+00 1.418848375267884876e-01
6.204477518954263360e-01 3.067625706029843968e-01 1.297992250511015300e-01 6.176691406949430529e-02 7.318387939780564011e-01 1.927091516051291364e-01 -4.521167229729030623e-01 5.679770624695379411e-01 -1.594290770047450678e-01 -2.920381768077504603e-01 -3.833099843757281633e-02 -2.863647106274811449e-01 -1.532100975109074170e-01 -6.155848505916878821e-01 -7.893195647100128554e-01 4.107934723953690082e-01 -1.583196419967805468e+00 3.224731552323873984e-01 5.128985222500830332e-01 -1.473090227115790185e+00 2.035108974209833832e-01 -6.088571650349194897e-02 2.378530739792950044e-02 5.967510130866457985e-01 -2.597048623983937432e-01 8.343715291066473583e-01 -4.047793845180081007e-01 -3.879532525879199056e-01 1.245466700934571236e+00 1.946479857220424492e-01
-2.538253457027508375e-01 -3.729715352467906087e-01 1.634739953134385360e-01 1.387850078950805255e-01 -5.933706964150360363e-01 1.736722196795881246e-01 4.068187246737693386e-01 -4.872431229334210911e-01 3.307159250760491886e-01 3.919194701818469184e-01 -9.969216264028091246e-02 2.551237855623185169e-01 6.800393449373132171e-02 5.679227598226361806e-01 3.485783324166504826e-01 -8.091727656417333492e-01 9.625207325492510790e-01 -1.194110711010637260e+00 -1.003855138416611226e+00 1.657687021170033859e+00 -8.724527534974981791e-01 -2.133502845501311640e-01 2.497568487486887534e-01 -3.204837185568862878e-01 5.902944113658463721e-01 -4.047793845180081007e-01 9.037197511709678110e-01 6.843807684010698722e-01 -1.479830682594126756e+00 2.117623275956930229e-01
-3.466908259830461247e-01 -3.943764208646598490e-01 2.001962236442409449e-01 2.234742845736832351e-01 -6.525892854047015135e-01 5.723179553137924813e-02 3.945547022721029862e-01 -6.208735507437950218e-01 3.178877727029316702e-01 2.450824389721901753e-01 -1.684094797229818141e-01 4.173355804178413564e-01 -2.264566664854328337e-02 7.111818202262156774e-01 4.911443640543780020e-01 -1.001984610536567288e+00 1.185773128652101605e+00 -1.086018516703575187e+00 -1.142082701124309096e+00 1.685171008888971755e+00 -8.660231175306876139e-01 -3.774995336436859361e-02 1.943958721672061074e-01 -5.215168502748497303e-01 7.938312481957154887e-01 -3.879532525879199056e-01 6.843807684010698722e-01 8.942110830535625610e-01 -1.552321272019810294e+00 3.053843155249182928e-01
8.084815383721775106e-01 8.864882784239398461e-01 -8.930668687958132068e-02 -3.307374949710606415e-01 1.575129240437718181e+00 6.156564214461468509e-02 -9.530526007172852587e-01 1.398268556464074663e+00 -5.791689402274187159e-01 -6.827044450698736000e-01 3.388427525312067701e-01 -7.310726092756567596e-01 -1.962383187574232579e-01 -1.457940758409733917e+00 -1.366924986424692179e+00 1.860327666500836585e+00 -3.099843531145324960e+00 1.846730546324806710e+00 2.187629249541714671e+00 -3.990055319938676348e+00 1.338787843174941372e+00 2.331627618277423153e-01 -4.553301604953503556e-01 1.171362813050166096e+00 -1.374545441629379638e+00 1.245466700934571236e+00 -1.479830682594126756e+00 -1.552321272019810294e+00 3.558974001089154626e+00 -1.721421768980917477e-01
-4.904773340451811237e-01 7.972585488232653006e-02 3.980171167952448741e-01 -1.468826033180903323e-01 -1.028639426109521082e-01 2.516591182396723525e-01 1.734469862732339607e-01 -6.466633730286730497e-02 2.142038166041402292e-01 1.639320534904413762e-01 2.171611112464120197e-01 2.262529676258395739e-01 -5.039802715754149176e-02 2.157250566241941669e-01 -1.062104050976699909e-01 -1.804687955741428596e-01 -4.446229291340841883e-02 -7.815809728757017183e-01 -2.075540884099495997e-01 -5.558802449974109550e-02 -9.637729111250905589e-01 2.911296513127581420e-01 -2.675352226891050123e-01 -4.032715072658561439e-01 1.418848375267884876e-01 1.946479857220424492e-01 2.117623275956930229e-01 3.053843155249182928e-01 -1.721421768980917477e-01 9.529411093164981139e-01
