1.819290334566744605e+00 8.225184151393705179e-02 -1.199503902049627868e-01 7.016653066549451978e-01 5.525604787825386666e-01 1.703866027787057646e-01 -5.115978036346859881e-01 1.156399545386079808e-01 -1.735616059622202556e-01 -3.993821158546779770e-01 -8.354420383139995465e-01 -2.348742721883354534e-01 -2.584616340743082219e-01 -5.725643031989875453e-01 -7.555451031589655031e-01 -6.242185130050756925e-01 -1.215213119448094403e+00 -4.804222434046323542e-02 -5.539635907663296166e-01 -3.553443553130364307e-03 4.139801163219090085e-01 -6.490026051197901324e-01 8.421277198528400731e-01 9.435131209777978256e-01 4.014045052946926262e-01 6.938126739420908962e-01 1.290005260074167381e-02 7.426457716832146616e-02 3.403798997226203937e-01 -2.088073121304887536e-01
8.225184151393705179e-02 2.497421919860585149e-01 3.858784121223379771e-02 -4.973154675548130399e-02 1.306883059585288720e-01 5.555469926019895865e-02 -2.725321691184490192e-02 5.596341458272036107e-02 -2.704331192836662012e-02 -9.630959841615549522e-04 5.301467185120145587e-03 2.275180856059932921e-02 1.004579202719924069e-02 -2.622121367191994068e-01 -1.223815007623443307e-01 3.358702855871342763e-02 -3.871827797145215300e-01 2.827854149529684946e-03 4.656529019032973338e-02 -3.074320445384728373e-01 -1.958304072888381597e-01 4.186501789382646166e-02 1.516282710821315050e-02 -1.885320444506533022e-02 -7.988611685556179509e-02 2.226463354156180685e-01 -5.960955887667296338e-02 -5.647815783186160843e-02 2.773224745033076033e-01 3.039937477368539476e-01
-1.199503902049627868e-01 3.858784121223379771e-02 3.237214984104639370e-01 -3.221132769033374643e-02 2.243222596346186037e-01 1.828969552585704150e-01 -6.015408185220394444e-02 2.158049807879365289e-01 8.042113751912438602e-03 -7.737506009277694830e-03 1.149725540521444600e-01 -5.192446460722521806e-02 -9.334139699001298141e-02 -7.484691641923291172e-02 -3.571114064757239248e-01 9.842949881800677758e-02 -5.464127934883435955e-01 -2.897818144301709253e-01 1.082002627973110975e-01 -4.745442775129049551e-01 -2.591646023834073276e-01 9.853410932396400312e-02 -8.556458270084021933e-02 1.252744813263007018e-01 -3.568244869711634237e-03 2.890894803796300039e-01 -1.410071732232154318e-02 1.179749519383221923e-02 2.985920048918160319e-01 3.321479603339980713e-01
7.016653066549451978e-01 -4.973154675548130399e-02 -3.221132769033374643e-02 4.170918809545582917e-01 2.080332619626688029e-01 -1.084692406072917947e-02 -2.391278555232929648e-01 1.109496298494150324e-02 -4.790512486829356931e-02 -2.351318810092379863e-01 -3.716557440657197731e-01 -4.875858644140862452e-02 -1.669146116370825439e-01 -1.269118434630627235e-01 -2.442639003514273099e-01 -3.134807880508105882e-01 -3.862333374672743957e-01 2.865217684291110345e-02 -2.783100023964948377e-01 2.753507936631649500e-02 2.263680371116834067e-01 -2.446955523162159807e-01 3.402521499174895325e-01 3.690585864799231786e-01 2.502907281941588735e-01 2.625774620898368994e-01 -4.949007085406265105e-02 1.086114609194623881e-01 8.503740369286560963e-02 -1.906058501833740593e-01
5.525604787825386666e-01 1.306883059585288720e-01 2.243222596346186037e-01 2.080332619626688029e-01 5.008632317166075154e-01 2.226272321273086163e-01 -2.790642907470441969e-01 2.882725842726472365e-01 -4.882294317582136500e-02 -1.741798281926776326e-01 -1.757938779616665670e-01 -1.178536781060302019e-01 -1.286024590595502559e-01 -4.844947932617174047e-01 -6.021111684036668521e-01 -1.210411978925662879e-01 -1.129030427901739131e+00 -2.091069295518082072e-01 -6.538540483563792804e-02 -5.246110302391571167e-01 -1.280209194640633541e-01 -1.475405401466503008e-01 2.898238199594516118e-01 4.328136949861800531e-01 1.387473061668629271e-01 5.990989517851517121e-01 -5.777104831901169746e-02 1.647111777634790997e-02 5.051829451300022811e-01 2.839234664870673441e-01
1.703866027787057646e-01 5.555469926019895865e-02 1.828969552585704150e-01 -1.084692406072917947e-02 2.226272321273086163e-01 2.527526709791345638e-01 -8.540969297371248103e-02 2.055773522910158135e-01 9.723765435069253726e-03 2.205272040350791940e-02 1.125417239302350936e-02 -1.234471153529739240e-01 -4.052721444122653338e-02 -1.854488382047065897e-01 -4.087447515757389738e-01 4.448555870874315588e-02 -5.957678053402446494e-01 -3.395127783239786368e-01 3.200665150382064894e-02 -2.963706083858710372e-01 -1.711183556793116622e-01 -7.898349885812194771e-02 3.610830009205301394e-02 2.693281663250104430e-01 -1.229956985088165311e-02 2.837893034316607555e-01 9.255209520893004083e-02 -4.086532800965869683e-02 2.626724833743310228e-01 2.355688266077322623e-01
-5.115978036346859881e-01 -2.725321691184490192e-02 -6.015408185220394444e-02 -2.391278555232929648e-01 -2.790642907470441969e-01 -8.540969297371248103e-02 3.032993542740314297e-01 -1.004061076156403942e-01 3.139968949312788027e-04 1.946548606625242428e-01 2.300390506081839703e-01 9.189684143802878680e-02 8.903780576332565033e-02 2.745563179898908857e-01 3.394393830118929145e-01 1.843901644347738511e-01 5.889829577417344808e-01 6.969207500270613309e-02 1.127123483823311290e-01 1.786091602061219419e-01 -5.291082125495449873e-02 1.120138822070089191e-01 -2.681615149400045084e-01 -3.068510623735960507e-01 -1.939852521206830716e-01 -3.645232443687973500e-01 5.971459763145503530e-02 -5.139504919691262330e-02 -2.327800215485353874e-01 -5.573062986951526909e-02
1.156399545386079808e-01 5.596341458272036107e-02 2.158049807879365289e-01 1.109496298494150324e-02 2.882725842726472365e-01 2.055773522910158135e-01 -1.004061076156403942e-01 2.645386646645988549e-01 9.767091619892198651e-03 -1.695443270358509835e-02 5.619411445985633691e-02 -9.225055864646947157e-02 -4.760899203711232985e-02 -2.742928238849913214e-01 -3.914706269056296151e-01 6.286686142357211793e-02 -7.184013414151877441e-01 -2.649461770228072055e-01 6.191509721639931740e-02 -3.999342536723133890e-01 -1.983074338144206195e-01 -6.190952420041639925e-02 5.791700544892819380e-02 2.410273030352527712e-01 5.666364665444234561e-04 3.374126809679864891e-01 3.684476583583773390e-02 -2.520776880714947765e-02 3.323317947452437693e-01 2.379516222443953666e-01
-1.735616059622202556e-01 -2.704331192836662012e-02 8.042113751912438602e-03 -4.790512486829356931e-02 -4.882294317582136500e-02 9.723765435069253726e-03 3.139968949312788027e-04 9.767091619892198651e-03 1.053023127048504648e-01 4.396551135806703314e-02 1.055156692517584816e-01 1.755961840024156118e-02 4.124883518886690581e-02 2.106737564474769897e-02 4.914332779918595406e-02 7.635440052297326474e-02 8.070285062080984062e-02 -1.184322361820022707e-01 6.301928361915543064e-02 1.605059809674003191e-02 -1.076066837703706369e-01 3.939644621874549557e-02 -9.745812181944302210e-02 -5.318787492387855309e-02 -3.321517372626203723e-02 -4.037694955587767254e-02 5.374292982554607079e-02 -9.616718207666963281e-03 -1.939916735722135854e-02 3.570986647974905281e-02
-3.993821158546779770e-01 -9.630959841615549522e-04 -7.737506009277694830e-03 -2.351318810092379863e-01 -1.741798281926776326e-01 2.205272040350791940e-02 1.946548606625242428e-01 -1.695443270358509835e-02 4.396551135806703314e-02 2.706386068949200308e-01 2.323499534325605964e-01 -4.721932619366953077e-02 1.443165892808337958e-01 7.940704399408105019e-02 1.383476946509176742e-01 1.829072433954479493e-01 3.118012127374072406e-01 -7.515927781173559197e-02 1.120544648826466982e-01 1.418892456403568758e-01 -9.125594345147192143e-02 1.439533123863157016e-02 -1.879219651710286598e-01 -1.524358254575872706e-01 -1.915515684087267800e-01 -2.353255172127433070e-01 1.473223428631058596e-01 -9.289661950793970391e-02 -1.501005782897664176e-01 2.212017825564771556e-02
-8.354420383139995465e-01 5.301467185120145587e-03 1.149725540521444600e-01 -3.716557440657197731e-01 -1.757938779616665670e-01 1.125417239302350936e-02 2.300390506081839703e-01 5.619411445985633691e-02 1.055156692517584816e-01 2.323499534325605964e-01 5.170702466543275477e-01 7.244746359151577053e-02 1.518446870438765472e-01 9.394323497423329172e-02 2.149937898792018132e-01 3.441102892359140242e-01 2.996195356801081289e-01 -1.134019092759217529e-01 2.997557361344433957e-01 -1.556070494146979399e-01 -3.104124299185855307e-01 2.683689329185767747e-01 -4.284188406313091946e-01 -3.647988470244172277e-01 -2.448214802876123031e-01 -2.122127980235859468e-01 4.462075152866873395e-02 -7.454919985735841692e-02 -9.407044512954598758e-05 2.248098749222435799e-01
-2.348742721883354534e-01 2.275180856059932921e-02 -5.192446460722521806e-02 -4.875858644140862452e-02 -1.178536781060302019e-01 -1.234471153529739240e-01 9.189684143802878680e-02 -9.225055864646947157e-02 1.755961840024156118e-02 -4.721932619366953077e-02 7.244746359151577053e-02 1.874623606579461921e-01 -1.850779838696325896e-02 1.426725254685834443e-01 2.415216095768073501e-01 4.179262242377035363e-02 2.889839830598361914e-01 1.205820954053820060e-01 4.999117755906468119e-02 -1.551385930321202977e-02 -8.459053329835342083e-02 1.637955111803250929e-01 -1.444442288377558725e-01 -2.413588179783801024e-01 -3.307585010799130032e-02 -1.116704244533366364e-01 -9.316937658309143444e-02 3.495942830068088369e-02 -4.512271337000584026e-02 2.736036324972701550e-02
-2.584616340743082219e-01 1.004579202719924069e-02 -9.334139699001298141e-02 -1.669146116370825439e-01 -1.286024590595502559e-01 -4.052721444122653338e-02 8.903780576332565033e-02 -4.760899203711232985e-02 4.124883518886690581e-02 1.443165892808337958e-01 1.518446870438765472e-01 -1.850779838696325896e-02 2.129805206201922374e-01 -1.077062727270572395e-01 1.710750158543419275e-01 7.039997733573954974e-02 2.757803470565818316e-01 5.902712330845361066e-02 7.000352242883423060e-02 2.291161464426068051e-01 5.718265145958412177e-03 7.164397506983277708e-03 -5.464146026190519478e-02 -1.691393135900511879e-01 -1.012543064690021311e-01 -1.813677848666088721e-01 5.822073666126925673e-02 -6.726983336420744308e-02 -1.468602762478781187e-01 -1.377682410151237491e-02
-5.725643031989875453e-01 -2.622121367191994068e-01 -7.484691641923291172e-02 -1.269118434630627235e-01 -4.844947932617174047e-01 -1.854488382047065897e-01 2.745563179898908857e-01 -2.742928238849913214e-01 2.106737564474769897e-02 7.940704399408105019e-02 9.394323497423329172e-02 1.426725254685834443e-01 -1.077062727270572395e-01 1.031133668224299527e+00 5.392559656550020009e-01 1.711180440924522372e-01 1.084154024562792529e+00 1.133903903652822009e-01 6.656982180089698886e-02 2.314463463016522837e-01 6.601117427692315687e-02 2.451443568778586268e-01 -4.262951464430670967e-01 -3.391945013704003031e-01 -7.207765298056756365e-02 -5.349236857630330633e-01 1.801451482407401272e-02 4.246218366938592226e-02 -4.584570773140512756e-01 -3.009183683888636551e-01
-7.555451031589655031e-01 -1.223815007623443307e-01 -3.571114064757239248e-01 -2.442639003514273099e-01 -6.021111684036668521e-01 -4.087447515757389738e-01 3.394393830118929145e-01 -3.914706269056296151e-01 4.914332779918595406e-02 1.383476946509176742e-01 2.149937898792018132e-01 2.415216095768073501e-01 1.710750158543419275e-01 5.392559656550020009e-01 9.693191442616466702e-01 1.644716025230650303e-01 1.396952098800340991e+00 4.989310834011462248e-01 1.122404831281471616e-01 6.320448245057832537e-01 1.334855062141286908e-01 2.224852871883626904e-01 -2.839793428309462797e-01 -6.828582361773669618e-01 -1.472306399829790280e-01 -7.605185373139988769e-01 -3.802355002090962444e-02 -1.019464194314423366e-03 -6.227857757432389008e-01 -4.056625946203098465e-01
-6.242185130050756925e-01 3.358702855871342763e-02 9.842949881800677758e-02 -3.134807880508105882e-01 -1.210411978925662879e-01 4.448555870874315588e-02 1.843901644347738511e-01 6.286686142357211793e-02 7.635440052297326474e-02 1.829072433954479493e-01 3.441102892359140242e-01 4.179262242377035363e-02 7.039997733573954974e-02 1.711180440924522372e-01 1.644716025230650303e-01 4.086663565679486965e-01 1.537047765777401764e-01 -1.089334592443833571e-01 2.959829888336287240e-01 -1.988642992051268266e-01 -3.012947097830078746e-01 1.676574044154506282e-01 -3.160070595596380372e-01 -2.599711228933756502e-01 -2.537435656815318907e-01 -1.520033669883105176e-01 6.836937050701408225e-02 -1.185603449162044853e-01 2.252903280805185204e-02 1.762979073163819521e-01
-1.215213119448094403e+00 -3.871827797145215300e-01 -5.464127934883435955e-01 -3.862333374672743957e-01 -1.129030427901739131e+00 -5.957678053402446494e-01 5.889829577417344808e-01 -7.184013414151877441e-01 8.070285062080984062e-02 3.118012127374072406e-01 2.996195356801081289e-01 2.889839830598361914e-01 2.757803470565818316e-01 1.084154024562792529e+00 1.396952098800340991e+00 1.537047765777401764e-01 2.776523582055972383e+00 6.196923675681773602e-01 9.476312542926734750e-02 1.336025518686881242e+00 5.159588684705340711e-01 3.728270792603325390e-01 -5.854038207817211514e-01 -1.027674366639416803e+00 -2.173513373164723816e-01 -1.420245526731434893e+00 2.227924404809300540e-02 2.094064223302893879e-02 -1.256056932282206162e+00 -7.547158464275867118e-01
-4.804222434046323542e-02 2.827854149529684946e-03 -2.897818144301709253e-01 2.865217684291110345e-02 -2.091069295518082072e-01 -3.395127783239786368e-01 6.969207500270613309e-02 -2.649461770228072055e-01 -1.184322361820022707e-01 -7.515927781173559197e-02 -1.134019092759217529e-01 1.205820954053820060e-01 5.902712330845361066e-02 1.133903903652822009e-01 4.989310834011462248e-01 -1.089334592443833571e-01 6.196923675681773602e-01 6.715873638470100104e-01 -7.571434492672324268e-02 3.150866797398066410e-01 3.217256796625065363e-01 5.733688239462253478e-02 9.938765346595346273e-02 -3.296414101586151446e-01 4.770552171365238792e-02 -2.887401037598920084e-01 -2.139244314703887540e-01 4.543774325583171958e-02 -2.741890192632467915e-01 -3.215318126120223496e-01
-5.539635907663296166e-01 4.656529019032973338e-02 1.082002627973110975e-01 -2.783100023964948377e-01 -6.538540483563792804e-02 3.200665150382064894e-02 1.127123483823311290e-01 6.191509721639931740e-02 6.301928361915543064e-02 1.120544648826466982e-01 2.997557361344433957e-01 4.999117755906468119e-02 7.000352242883423060e-02 6.656982180089698886e-02 1.122404831281471616e-01 2.959829888336287240e-01 9.476312542926734750e-02 -7.571434492672324268e-02 2.953958683794155604e-01 -1.984907939329900728e-01 -2.551221711069615594e-01 2.188289213899849983e-01 -2.666253840613421744e-01 -2.586204359413386555e-01 -1.876620826098474026e-01 -9.573833064447967445e-02 5.027317794485952618e-03 -8.504086240964170429e-02 5.667032872131017029e-02 2.189709138828561663e-01
-3.553443553130364307e-03 -3.074320445384728373e-01 -4.745442775129049551e-01 2.753507936631649500e-02 -5.246110302391571167e-01 -2.963706083858710372e-01 1.786091602061219419e-01 -3.999342536723133890e-01 1.605059809674003191e-02 1.418892456403568758e-01 -1.556070494146979399e-01 -1.551385930321202977e-02 2.291161464426068051e-01 2.314463463016522837e-01 6.320448245057832537e-01 -1.988642992051268266e-01 1.336025518686881242e+00 3.150866797398066410e-01 -1.984907939329900728e-01 1.371909606226438427e+00 6.189169218499159797e-01 -2.521484855032554151e-01 1.676013576345667389e-01 -1.897098489232575957e-01 4.516422723696678077e-02 -8.056525114902228779e-01 2.033377549840338361e-01 3.074536987884357586e-02 -9.137436845267643548e-01 -8.092953827384121723e-01
4.139801163219090085e-01 -1.958304072888381597e-01 -2.591646023834073276e-01 2.263680371116834067e-01 -1.280209194640633541e-01 -1.711183556793116622e-01 -5.291082125495449873e-02 -1.983074338144206195e-01 -1.076066837703706369e-01 -9.125594345147192143e-02 -3.104124299185855307e-01 -8.459053329835342083e-02 5.718265145958412177e-03 6.601117427692315687e-02 1.334855062141286908e-01 -3.012947097830078746e-01 5.159588684705340711e-01 3.217256796625065363e-01 -2.551221711069615594e-01 6.189169218499159797e-01 6.674612838236839707e-01 -1.980714841794508629e-01 2.387638496106205821e-01 9.221464347399432882e-02 1.786312807330432406e-01 -2.554704244539038882e-01 -4.610190069831787696e-02 7.396029050931929305e-02 -3.516096642515549320e-01 -5.463084429267723863e-01
-6.490026051197901324e-01 4.186501789382646166e-02 9.853410932396400312e-02 -2.446955523162159807e-01 -1.475405401466503008e-01 -7.898349885812194771e-02 1.120138822070089191e-01 -6.190952420041639925e-02 3.939644621874549557e-02 1.439533123863157016e-02 2.683689329185767747e-01 1.637955111803250929e-01 7.164397506983277708e-03 2.451443568778586268e-01 2.224852871883626904e-01 1.676574044154506282e-01 3.728270792603325390e-01 5.733688239462253478e-02 2.188289213899849983e-01 -2.521484855032554151e-01 -1.980714841794508629e-01 4.725624577230007617e-01 -3.788603980490847789e-01 -4.423408713846583851e-01 -1.065540497247354779e-01 -1.185677667491802367e-01 -1.617019268463764092e-01 7.628317363241876592e-03 3.082191251900212592e-02 2.995480648906436727e-01
8.421277198528400731e-01 1.516282710821315050e-02 -8.556458270084021933e-02 3.402521499174895325e-01 2.898238199594516118e-01 3.610830009205301394e-02 -2.681615149400045084e-01 5.791700544892819380e-02 -9.745812181944302210e-02 -1.879219651710286598e-01 -4.284188406313091946e-01 -1.444442288377558725e-01 -5.464146026190519478e-02 -4.262951464430670967e-01 -2.839793428309462797e-01 -3.160070595596380372e-01 -5.854038207817211514e-01 9.938765346595346273e-02 -2.666253840613421744e-01 1.676013576345667389e-01 2.387638496106205821e-01 -3.788603980490847789e-01 6.084894504907083501e-01 4.446967840611932843e-01 2.425241244902167637e-01 2.542693265673960923e-01 3.754385200534215983e-02 4.731405471289917841e-02 4.685640216735009744e-02 -2.450530166753992489e-01
9.435131209777978256e-01 -1.885320444506533022e-02 1.252744813263007018e-01 3.690585864799231786e-01 4.328136949861800531e-01 2.693281663250104430e-01 -3.068510623735960507e-01 2.410273030352527712e-01 -5.318787492387855309e-02 -1.524358254575872706e-01 -3.647988470244172277e-01 -2.413588179783801024e-01 -1.691393135900511879e-01 -3.391945013704003031e-01 -6.828582361773669618e-01 -2.599711228933756502e-01 -1.027674366639416803e+00 -3.296414101586151446e-01 -2.586204359413386555e-01 -1.897098489232575957e-01 9.221464347399432882e-02 -4.423408713846583851e-01 4.446967840611932843e-01 8.075708429724954840e-01 2.460694603180400009e-01 5.051225519757736038e-01 1.291755686421538485e-01 3.071848892096795680e-02 3.165678957133195581e-01 -1.165177862330324388e-01
4.014045052946926262e-01 -7.988611685556179509e-02 -3.568244869711634237e-03 2.502907281941588735e-01 1.387473061668629271e-01 -1.229956985088165311e-02 -1.939852521206830716e-01 5.666364665444234561e-04 -3.321517372626203723e-02 -1.915515684087267800e-01 -2.448214802876123031e-01 -3.307585010799130032e-02 -1.012543064690021311e-01 -7.207765298056756365e-02 -1.472306399829790280e-01 -2.537435656815318907e-01 -2.173513373164723816e-01 4.770552171365238792e-02 -1.876620826098474026e-01 4.516422723696678077e-02 1.786312807330432406e-01 -1.065540497247354779e-01 2.425241244902167637e-01 2.460694603180400009e-01 2.634145002909349387e-01 1.695873299988761573e-01 -7.562147692470944094e-02 1.196412176158219154e-01 1.754681600715457535e-02 -1.673956793413253763e-01
6.938126739420908962e-01 2.226463354156180685e-01 2.890894803796300039e-01 2.625774620898368994e-01 5.990989517851517121e-01 2.837893034316607555e-01 -3.645232443687973500e-01 3.374126809679864891e-01 -4.037694955587767254e-02 -2.353255172127433070e-01 -2.122127980235859468e-01 -1.116704244533366364e-01 -1.813677848666088721e-01 -5.349236857630330633e-01 -7.605185373139988769e-01 -1.520033669883105176e-01 -1.420245526731434893e+00 -2.887401037598920084e-01 -9.573833064447967445e-02 -8.056525114902228779e-01 -2.554704244539038882e-01 -1.185677667491802367e-01 2.542693265673960923e-01 5.051225519757736038e-01 1.695873299988761573e-01 8.693983424981865937e-01 -1.118505035207704168e-01 2.154581208412764681e-02 6.902082395492925571e-01 4.906230773503921228e-01
1.290005260074167381e-02 -5.960955887667296338e-02 -1.410071732232154318e-02 -4.949007085406265105e-02 -5.777104831901169746e-02 9.255209520893004083e-02 5.971459763145503530e-02 3.684476583583773390e-02 5.374292982554607079e-02 1.473223428631058596e-01 4.462075152866873395e-02 -9.316937658309143444e-02 5.822073666126925673e-02 1.801451482407401272e-02 -3.802355002090962444e-02 6.836937050701408225e-02 2.227924404809300540e-02 -2.139244314703887540e-01 5.027317794485952618e-03 2.033377549840338361e-01 -4.610190069831787696e-02 -1.617019268463764092e-01 3.754385200534215983e-02 1.291755686421538485e-01 -7.562147692470944094e-02 -1.118505035207704168e-01 2.630518515498465604e-01 -6.474136124546703286e-02 -1.334096510752829090e-01 -1.332048029515249254e-01
7.426457716832146616e-02 -5.647815783186160843e-02 1.179749519383221923e-02 1.086114609194623881e-01 1.647111777634790997e-02 -4.086532800965869683e-02 -5.139504919691262330e-02 -2.520776880714947765e-02 -9.616718207666963281e-03 -9.289661950793970391e-02 -7.454919985735841692e-02 3.495942830068088369e-02 -6.726983336420744308e-02 4.246218366938592226e-02 -1.019464194314423366e-03 -1.185603449162044853e-01 2.094064223302893879e-02 4.543774325583171958e-02 -8.504086240964170429e-02 3.074536987884357586e-02 7.396029050931929305e-02 7.628317363241876592e-03 4.731405471289917841e-02 3.071848892096795680e-02 1.196412176158219154e-01 2.154581208412764681e-02 -6.474136124546703286e-02 1.050178810003217222e-01 -2.324477977072092472e-02 -8.062614510839694049e-02
3.403798997226203937e-01 2.773224745033076033e-01 2.985920048918160319e-01 8.503740369286560963e-02 5.051829451300022811e-01 2.626724833743310228e-01 -2.327800215485353874e-01 3.323317947452437693e-01 -1.939916735722135854e-02 -1.501005782897664176e-01 -9.407044512954598758e-05 -4.512271337000584026e-02 -1.468602762478781187e-01 -4.584570773140512756e-01 -6.227857757432389008e-01 2.252903280805185204e-02 -1.256056932282206162e+00 -2.741890192632467915e-01 5.667032872131017029e-02 -9.137436845267643548e-01 -3.516096642515549320e-01 3.082191251900212592e-02 4.685640216735009744e-02 3.165678957133195581e-01 1.754681600715457535e-02 6.902082395492925571e-01 -1.334096510752829090e-01 -2.324477977072092472e-02 7.764512025323710986e-01 5.686845379322562621e-01
-2.088073121304887536e-01 3.039937477368539476e-01 3.321479603339980713e-01 -1.906058501833740593e-01 2.839234664870673441e-01 2.355688266077322623e-01 -5.573062986951526909e-02 2.379516222443953666e-01 3.570986647974905281e-02 2.212017825564771556e-02 2.248098749222435799e-01 2.736036324972701550e-02 -1.377682410151237491e-02 -3.009183683888636551e-01 -4.056625946203098465e-01 1.762979073163819521e-01 -7.547158464275867118e-01 -3.215318126120223496e-01 2.189709138828561663e-01 -8.092953827384121723e-01 -5.463084429267723863e-01 2.995480648906436727e-01 -2.450530166753992489e-01 -1.165177862330324388e-01 -1.673956793413253763e-01 4.906230773503921228e-01 -1.332048029515249254e-01 -8.062614510839694049e-02 5.686845379322562621e-01 8.924396497354223357e-01
