3.018023124376213673e+00 2.963545756292091937e-01 -4.276667172659927019e-01 6.177017260808952415e-01 -1.620928157439038841e-01 -1.562751481050099756e-01 -1.029737276407104218e+00 -8.444203997179329235e-01 -3.189917450478674255e-01 -1.069896956091383800e+00 -1.610139360763184868e+00 -2.179346151064009973e-01 -3.539824701192628709e-02 7.094534451914569217e-02 -6.927614450393093648e-01 -7.003374870068910241e-01 1.917363262929256962e-01 2.359600911630082010e-01 -3.653130072127055428e-01 9.602058968318942789e-01 9.739357199090363792e-01 -4.249691263613613046e-01 1.027985186859382338e+00 6.953227973018556440e-01 3.319643123816717889e-01 4.329728001576427232e-01 1.920520533741409963e-01 -3.420405344808159498e-01 -3.635454036277110390e-01 -2.836454776085020058e-01
2.963545756292091937e-01 2.483751444245285711e-01 4.100468294723214058e-02 -3.845911330859053123e-02 -3.643982097042908208e-02 2.018094747660370558e-02 -1.575956774148608019e-01 -1.525007198608250292e-01 -2.495781389211515489e-02 -1.424697801855359103e-01 -1.986924615624161561e-01 8.335173337741252908e-03 7.241532074033329991e-03 -2.501541653782624053e-02 -1.680386539728715434e-01 -1.458474000833120954e-02 -4.741799498162890814e-02 -5.963223057440814046e-02 6.070845855697371007e-02 -6.166571774656404159e-02 -5.820673179806590269e-02 1.009670681891634558e-01 1.806057637588764919e-02 -2.117081014637278713e-02 -2.013380697462707758e-02 1.609640042059936604e-01 -6.311524969646598038e-04 -9.202818226322051487e-02 9.433063281801423727e-02 2.631163963027915997e-01
-4.276667172659927019e-01 4.100468294723214058e-02 5.248401877187802711e-01 -8.431425633523303986e-02 3.339313298640718131e-01 3.368801804486452056e-01 3.550194364208891784e-02 3.711630871171109902e-01 5.403917683975123509e-02 1.574502210615946751e-01 2.004530935461730223e-01 -8.734726790794411500e-02 -1.050341999972488338e-01 -8.076602440178248798e-02 -5.264546930316100770e-01 1.304497555349826143e-01 -8.389582820366285887e-01 -5.573877891782785809e-01 1.198452095632944747e-01 -6.195555523898974570e-01 -4.422657324669785339e-01 4.134911507483707283e-02 -1.878604887064057039e-01 2.125971449345342990e-01 5.341396094934225403e-02 3.744922175882265947e-01 4.072397570308794457e-02 7.900516250793998552e-02 4.060936821448990486e-01 4.443745659297633210e-01
6.177017260808952415e-01 -3.845911330859053123e-02 -8.431425633523303986e-02 3.034278441889455280e-01 8.000529803229028403e-02 -2.384366536495008404e-02 -1.782942767508757242e-01 -6.457086149708857192e-02 -4.866197005583217106e-02 -1.971191541574626171e-01 -3.344779327617857234e-01 -3.197030796479793935e-02 -1.007025217242585313e-01 -8.505377953099468868e-03 -1.526164398875380357e-01 -2.295473962487903918e-01 -1.490048360249716097e-01 4.270328910740772699e-02 -2.066209286662683553e-01 1.387364635953076686e-01 2.085021928274954917e-01 -1.992516963831008070e-01 2.568720805579687294e-01 2.648569388399550917e-01 1.544975643723773828e-01 1.461479553832418787e-01 6.406718603898298170e-03 3.590950737958564787e-02 -2.674429517429643965e-02 -1.810639040987780390e-01
-1.620928157439038841e-01 -3.643982097042908208e-02 3.339313298640718131e-01 8.000529803229028403e-02 4.700672477543434979e-01 3.175729157723026219e-01 6.611407347270414903e-02 4.676815361034982743e-01 9.007954844946652884e-03 1.599662832466606233e-01 1.069270215241431288e-01 -7.969467989414624753e-02 -1.813775273749911321e-01 -2.191620807514595981e-01 -4.712180473958369475e-01 8.122867114877863060e-03 -1.035969846896307445e+00 -3.782134557412746290e-01 -4.303227086165861692e-02 -5.899462677404017086e-01 -3.152279088822069752e-01 -1.487958884551403571e-01 1.335224351635133644e-03 3.757420731031402283e-01 9.669980322695437280e-02 4.019959815465767861e-01 6.743572016489451926e-03 1.243896929665879725e-01 4.335093849538793620e-01 2.013561217817709803e-01
-1.562751481050099756e-01 2.018094747660370558e-02 3.368801804486452056e-01 -2.384366536495008404e-02 3.175729157723026219e-01 3.853074230315769455e-01 9.600851710899860336e-03 3.312610084379912223e-01 5.162345588661310103e-02 1.354938918981929419e-01 6.412189452993288796e-02 -1.130200540145551713e-01 -6.630364104682939796e-02 -1.184660361444116461e-01 -5.317562881668891350e-01 6.057080708143303127e-02 -7.832318201172370209e-01 -5.322837437547036643e-01 5.927086180253127168e-02 -4.179131204929831256e-01 -3.283024318964180566e-01 -9.527592536545625990e-02 -6.937240502361419203e-02 2.970090272073662163e-01 4.123324023328223120e-02 3.342455744443100230e-01 1.143929010243027733e-01 3.552710259776858948e-02 3.216017563135551427e-01 3.201500154859218128e-01
-1.029737276407104218e+00 -1.575956774148608019e-01 3.550194364208891784e-02 -1.782942767508757242e-01 6.611407347270414903e-02 9.600851710899860336e-03 5.264013892522143578e-01 3.698225068975489194e-01 7.348484712167646649e-02 4.845051226238865638e-01 6.436510031044235802e-01 8.948029737575780018e-02 -8.557895140484106378e-04 -1.122133560770066651e-01 3.842126625083892577e-01 1.967178969682095158e-01 -8.579867164826282533e-02 1.883942521811832194e-02 5.570526786698337673e-03 -2.648179644908168484e-01 -2.905651882005599873e-01 4.247967340063496522e-03 -3.217909954223614477e-01 -2.083328378208193499e-01 -1.590363147881248551e-01 -2.329400102807426265e-01 -5.362904280309521710e-02 1.504791380343704077e-01 9.556821568025952729e-02 -5.859476616791425840e-02
-8.444203997179329235e-01 -1.525007198608250292e-01 3.711630871171109902e-01 -6.457086149708857192e-02 4.676815361034982743e-01 3.312610084379912223e-01 3.698225068975489194e-01 6.981173031670095952e-01 8.359150315777696960e-02 4.655776011637158263e-01 5.474642448091913138e-01 -4.791690547853022508e-02 -1.633232498440406744e-01 -2.485722943796417894e-01 -2.182287049364504128e-01 1.807148540513594526e-01 -1.040346032534898768e+00 -4.122525399539540558e-01 3.782881215045108547e-03 -7.484315713076625798e-01 -5.128733493970685231e-01 -1.262747246960316261e-01 -2.284215862757150717e-01 2.281292462953388167e-01 -2.000487751962509719e-02 2.350931953399140184e-01 1.042599592858550750e-02 1.986963772191074895e-01 4.699162427616556670e-01 1.666992309124566418e-01
-3.189917450478674255e-01 -2.495781389211515489e-02 5.403917683975123509e-02 -4.866197005583217106e-02 9.007954844946652884e-03 5.162345588661310103e-02 7.348484712167646649e-02 8.359150315777696960e-02 1.115189658708573006e-01 1.162885958555648358e-01 1.566428746528458760e-01 3.022460199650822688e-02 4.812157105504866195e-03 2.777861876779752492e-02 3.251627600832307508e-02 9.614365355201925922e-02 -3.467762677058772169e-02 -1.576555361200462357e-01 5.473044436763530030e-02 -1.057022583624984691e-01 -1.869594768893989567e-01 3.679171132364444929e-02 -1.491491902675079473e-01 -5.292363798241694894e-02 -3.768801797463083858e-02 -1.337306433299545461e-02 3.656056162230925111e-02 2.309091836451671043e-02 5.083937257558091005e-02 8.105542452290137589e-02
-1.069896956091383800e+00 -1.424697801855359103e-01 1.574502210615946751e-01 -1.971191541574626171e-01 1.599662832466606233e-01 1.354938918981929419e-01 4.845051226238865638e-01 4.655776011637158263e-01 1.162885958555648358e-01 5.885315140545230861e-01 6.630653728427660099e-01 -1.795266097570902275e-02 2.966308478141854721e-02 -1.986902517443809302e-01 1.878969909965917395e-01 2.208410971333023554e-01 -3.440064422452451254e-01 -1.924691418507222807e-01 2.359229938713269803e-02 -3.337010444413408550e-01 -3.868980723423760537e-01 -6.527634871486043266e-02 -3.142471956165877600e-01 -8.114364937176787862e-02 -1.478116330285388358e-01 -1.160470649095941553e-01 4.156372388757745284e-02 1.329708044405606415e-01 1.605506390210393874e-01 3.977033417140773963e-02
-1.610139360763184868e+00 -1.986924615624161561e-01 2.004530935461730223e-01 -3.344779327617857234e-01 1.069270215241431288e-01 6.412189452993288796e-02 6.436510031044235802e-01 5.474642448091913138e-01 1.566428746528458760e-01 6.630653728427660099e-01 1.044126696847968105e+00 1.010849552362174109e-01 -2.387249289580495315e-02 -9.573790869580989238e-02 4.614692459672937730e-01 4.204065865341704011e-01 -2.203415638128376486e-01 -1.035365568072279530e-01 1.579337567227980799e-01 -6.240139129283761577e-01 -5.715196294879092420e-01 1.540297938162780156e-01 -5.738585589075455573e-01 -3.307521694180195482e-01 -2.489571691447167723e-01 -2.443214073764465866e-01 -6.922549407261158194e-02 1.783585205271833729e-01 2.584471535475358905e-01 9.126573756321931796e-02
-2.179346151064009973e-01 8.335173337741252908e-03 -8.734726790794411500e-02 -3.197030796479793935e-02 -7.969467989414624753e-02 -1.130200540145551713e-01 8.948029737575780018e-02 -4.791690547853022508e-02 3.022460199650822688e-02 -1.795266097570902275e-02 1.010849552362174109e-01 1.623276242036126860e-01 -3.831221388406902406e-02 8.657670507750481192e-02 2.458137014780845675e-01 4.388847633606474119e-02 2.257668199782187912e-01 1.476351776522619730e-01 2.814295392045096378e-02 -6.324019567796312913e-02 -7.367009557896153638e-02 1.470943104150990166e-01 -1.258002825937296620e-01 -2.084118162656523054e-01 -4.472156116736414333e-02 -1.148346711843259982e-01 -1.120020726415873469e-01 4.228315169370944204e-02 9.724370811966309702e-03 8.447947923684751004e-03
-3.539824701192628709e-02 7.241532074033329991e-03 -1.050341999972488338e-01 -1.007025217242585313e-01 -1.813775273749911321e-01 -6.630364104682939796e-02 -8.557895140484106378e-04 -1.633232498440406744e-01 4.812157105504866195e-03 2.966308478141854721e-02 -2.387249289580495315e-02 -3.831221388406902406e-02 1.987419507475465252e-01 1.623964687684065211e-02 1.124658188110743140e-01 3.164562099544809826e-02 4.134076600171852078e-01 8.445446597465888772e-02 5.962086274274724929e-02 3.444083433237210556e-01 1.374039825943782489e-01 -8.178916438026817559e-03 1.418551635009634992e-02 -1.346867609530022492e-01 -7.785171307830296428e-02 -1.923615322224350166e-01 7.708502272663508847e-02 -9.668453144115574105e-02 -2.345459924671899898e-01 -7.188701889054982530e-02
7.094534451914569217e-02 -2.501541653782624053e-02 -8.076602440178248798e-02 -8.505377953099468868e-03 -2.191620807514595981e-01 -1.184660361444116461e-01 -1.122133560770066651e-01 -2.485722943796417894e-01 2.777861876779752492e-02 -1.986902517443809302e-01 -9.573790869580989238e-02 8.657670507750481192e-02 1.623964687684065211e-02 3.606602093868787051e-01 1.546061376333796034e-01 1.484133206071192035e-02 4.791991453236619236e-01 8.692918204059196796e-02 6.202046448902365228e-02 9.751444465052827582e-02 6.317970846004072882e-02 1.853711829474491424e-01 -9.668221329178550150e-02 -1.791436240976622685e-01 3.705794646293725236e-03 -1.138887921412674586e-01 -5.251784730330655293e-02 -3.371420343324871283e-02 -1.383161662596990027e-01 1.182629634058685042e-02
-6.927614450393093648e-01 -1.680386539728715434e-01 -5.264546930316100770e-01 -1.526164398875380357e-01 -4.712180473958369475e-01 -5.317562881668891350e-01 3.842126625083892577e-01 -2.182287049364504128e-01 3.251627600832307508e-02 1.878969909965917395e-01 4.614692459672937730e-01 2.458137014780845675e-01 1.124658188110743140e-01 1.546061376333796034e-01 1.204019307421333451e+00 1.530598481157312563e-01 1.181735827793829685e+00 7.797916914764186913e-01 -1.890398514851199252e-02 4.162428758261853545e-01 1.823411261143519368e-01 1.927140639543267753e-01 -1.870376682565506599e-01 -6.844256285062328971e-01 -2.151460036379262419e-01 -7.259422903983363540e-01 -1.962620017762901625e-01 4.907821152374935991e-02 -4.435864237984219471e-01 -5.055821125775992186e-01
-7.003374870068910241e-01 -1.458474000833120954e-02 1.304497555349826143e-01 -2.295473962487903918e-01 8.122867114877863060e-03 6.057080708143303127e-02 1.967178969682095158e-01 1.807148540513594526e-01 9.614365355201925922e-02 2.208410971333023554e-01 4.204065865341704011e-01 4.388847633606474119e-02 3.164562099544809826e-02 1.484133206071192035e-02 1.530598481157312563e-01 3.313805946212369236e-01 -6.458147147935733301e-02 -1.199926392477266290e-01 2.076582015797043823e-01 -3.154658956572689021e-01 -3.357222915099669081e-01 1.346564398051839362e-01 -2.749619439080106531e-01 -2.031924568844374335e-01 -1.757301765713066288e-01 -7.538738171467684879e-02 4.688169625069349422e-03 -1.728502306917789610e-02 1.208966900470045402e-01 1.701061307878717344e-01
1.917363262929256962e-01 -4.741799498162890814e-02 -8.389582820366285887e-01 -1.490048360249716097e-01 -1.035969846896307445e+00 -7.832318201172370209e-01 -8.579867164826282533e-02 -1.040346032534898768e+00 -3.467762677058772169e-02 -3.440064422452451254e-01 -2.203415638128376486e-01 2.257668199782187912e-01 4.134076600171852078e-01 4.791991453236619236e-01 1.181735827793829685e+00 -6.458147147935733301e-02 2.536049875563492151e+00 1.042833727217498563e+00 8.377063890122826706e-02 1.430394987646650407e+00 8.650906232811621521e-01 3.676213559589882607e-01 2.125981390946662941e-02 -9.278701547645482606e-01 -1.907792328473760790e-01 -1.054423657925099178e+00 -1.157987085049398956e-01 -2.223647015318306330e-01 -1.068402473854064283e+00 -6.148904549294798016e-01
2.359600911630082010e-01 -5.963223057440814046e-02 -5.573877891782785809e-01 4.270328910740772699e-02 -3.782134557412746290e-01 -5.322837437547036643e-01 1.883942521811832194e-02 -4.122525399539540558e-01 -1.576555361200462357e-01 -1.924691418507222807e-01 -1.035365568072279530e-01 1.476351776522619730e-01 8.445446597465888772e-02 8.692918204059196796e-02 7.797916914764186913e-01 -1.199926392477266290e-01 1.042833727217498563e+00 9.703439539800911007e-01 -1.157828213274854079e-01 5.545157282662671605e-01 5.623744204075933339e-01 1.040930435365510220e-01 1.997700378369131613e-01 -4.092259992478375352e-01 -4.200135631322154950e-02 -4.915553503485625697e-01 -2.466070109508677888e-01 -1.580545146447320803e-02 -4.388578278121428866e-01 -5.569831547123271775e-01
-3.653130072127055428e-01 6.070845855697371007e-02 1.198452095632944747e-01 -2.066209286662683553e-01 -4.303227086165861692e-02 5.927086180253127168e-02 5.570526786698337673e-03 3.782881215045108547e-03 5.473044436763530030e-02 2.359229938713269803e-02 1.579337567227980799e-01 2.814295392045096378e-02 5.962086274274724929e-02 6.202046448902365228e-02 -1.890398514851199252e-02 2.076582015797043823e-01 8.377063890122826706e-02 -1.157828213274854079e-01 2.623334081985433386e-01 -1.502710995602001276e-01 -1.757547064383402358e-01 2.032789718911658383e-01 -1.888665199600723099e-01 -1.749237580746410003e-01 -1.137715983586531365e-01 -4.876798478738919584e-02 4.965391539428765100e-03 -7.634772043695647881e-02 6.271962120399621199e-02 2.184089668149908903e-01
9.602058968318942789e-01 -6.166571774656404159e-02 -6.195555523898974570e-01 1.387364635953076686e-01 -5.899462677404017086e-01 -4.179131204929831256e-01 -2.648179644908168484e-01 -7.484315713076625798e-01 -1.057022583624984691e-01 -3.337010444413408550e-01 -6.240139129283761577e-01 -6.324019567796312913e-02 3.444083433237210556e-01 9.751444465052827582e-02 4.162428758261853545e-01 -3.154658956572689021e-01 1.430394987646650407e+00 5.545157282662671605e-01 -1.502710995602001276e-01 1.533544130396364835e+00 9.200909160392711783e-01 -2.111878051455846617e-01 4.705345882331926077e-01 -1.512793213599934461e-01 3.730361308709007062e-02 -5.867984436253550484e-01 1.579469133493489608e-01 -2.052095523117714038e-01 -9.211336398055891550e-01 -6.911058939822396496e-01
9.739357199090363792e-01 -5.820673179806590269e-02 -4.422657324669785339e-01 2.085021928274954917e-01 -3.152279088822069752e-01 -3.283024318964180566e-01 -2.905651882005599873e-01 -5.128733493970685231e-01 -1.869594768893989567e-01 -3.868980723423760537e-01 -5.715196294879092420e-01 -7.367009557896153638e-02 1.374039825943782489e-01 6.317970846004072882e-02 1.823411261143519368e-01 -3.357222915099669081e-01 8.650906232811621521e-01 5.623744204075933339e-01 -1.757547064383402358e-01 9.200909160392711783e-01 8.778779130528846508e-01 -1.400610026623212434e-01 4.221724414017558047e-01 9.917058679434376245e-03 1.180598962790213591e-01 -2.940638465111078403e-01 -2.496462368816310118e-02 -1.088999808437733918e-01 -5.186418143010769199e-01 -5.763502788507253172e-01
-4.249691263613613046e-01 1.009670681891634558e-01 4.134911507483707283e-02 -1.992516963831008070e-01 -1.487958884551403571e-01 -9.527592536545625990e-02 4.247967340063496522e-03 -1.262747246960316261e-01 3.679171132364444929e-02 -6.527634871486043266e-02 1.540297938162780156e-01 1.470943104150990166e-01 -8.178916438026817559e-03 1.853711829474491424e-01 1.927140639543267753e-01 1.346564398051839362e-01 3.676213559589882607e-01 1.040930435365510220e-01 2.032789718911658383e-01 -2.111878051455846617e-01 -1.400610026623212434e-01 4.569391448629005481e-01 -2.765085633726585002e-01 -4.040066512031330603e-01 -8.826726516034000269e-02 -9.710035395011118453e-02 -1.680639144453834888e-01 -1.317758185200545995e-02 5.187795242375159432e-02 2.853665649412846506e-01
1.027985186859382338e+00 1.806057637588764919e-02 -1.878604887064057039e-01 2.568720805579687294e-01 1.335224351635133644e-03 -6.937240502361419203e-02 -3.217909954223614477e-01 -2.284215862757150717e-01 -1.491491902675079473e-01 -3.142471956165877600e-01 -5.738585589075455573e-01 -1.258002825937296620e-01 1.418551635009634992e-02 -9.668221329178550150e-02 -1.870376682565506599e-01 -2.749619439080106531e-01 2.125981390946662941e-02 1.997700378369131613e-01 -1.888665199600723099e-01 4.705345882331926077e-01 4.221724414017558047e-01 -2.765085633726585002e-01 5.459130884707406040e-01 3.143526670929190914e-01 1.598684712058116020e-01 7.624954935215555452e-02 9.578273687668570346e-02 -8.253592761138861533e-02 -2.343898742947772007e-01 -3.128595536314833225e-01
6.953227973018556440e-01 -2.117081014637278713e-02 2.125971449345342990e-01 2.648569388399550917e-01 3.757420731031402283e-01 2.970090272073662163e-01 -2.083328378208193499e-01 2.281292462953388167e-01 -5.292363798241694894e-02 -8.114364937176787862e-02 -3.307521694180195482e-01 -2.084118162656523054e-01 -1.346867609530022492e-01 -1.791436240976622685e-01 -6.844256285062328971e-01 -2.031924568844374335e-01 -9.278701547645482606e-01 -4.092259992478375352e-01 -1.749237580746410003e-01 -1.512793213599934461e-01 9.917058679434376245e-03 -4.040066512031330603e-01 3.143526670929190914e-01 7.094716469846957807e-01 2.299284694207130997e-01 4.571514005693302352e-01 1.794575322794003114e-01 1.617787276268245478e-02 2.348410707180619283e-01 -5.346459581113549575e-02
3.319643123816717889e-01 -2.013380697462707758e-02 5.341396094934225403e-02 1.544975643723773828e-01 9.669980322695437280e-02 4.123324023328223120e-02 -1.590363147881248551e-01 -2.000487751962509719e-02 -3.768801797463083858e-02 -1.478116330285388358e-01 -2.489571691447167723e-01 -4.472156116736414333e-02 -7.785171307830296428e-02 3.705794646293725236e-03 -2.151460036379262419e-01 -1.757301765713066288e-01 -1.907792328473760790e-01 -4.200135631322154950e-02 -1.137715983586531365e-01 3.730361308709007062e-02 1.180598962790213591e-01 -8.826726516034000269e-02 1.598684712058116020e-01 2.299284694207130997e-01 2.165836034920971542e-01 1.696392014299590301e-01 -2.186960640187862737e-02 5.942289650226939557e-02 1.265872408157520113e-02 -8.120981816330186120e-02
4.329728001576427232e-01 1.609640042059936604e-01 3.744922175882265947e-01 1.461479553832418787e-01 4.019959815465767861e-01 3.342455744443100230e-01 -2.329400102807426265e-01 2.350931953399140184e-01 -1.337306433299545461e-02 -1.160470649095941553e-01 -2.443214073764465866e-01 -1.148346711843259982e-01 -1.923615322224350166e-01 -1.138887921412674586e-01 -7.259422903983363540e-01 -7.538738171467684879e-02 -1.054423657925099178e+00 -4.915553503485625697e-01 -4.876798478738919584e-02 -5.867984436253550484e-01 -2.940638465111078403e-01 -9.710035395011118453e-02 7.624954935215555452e-02 4.571514005693302352e-01 1.696392014299590301e-01 6.767397938024828363e-01 3.751964069283530989e-02 1.384429517190710612e-02 4.483914506196811089e-01 4.363611949921732958e-01
1.920520533741409963e-01 -6.311524969646598038e-04 4.072397570308794457e-02 6.406718603898298170e-03 6.743572016489451926e-03 1.143929010243027733e-01 -5.362904280309521710e-02 1.042599592858550750e-02 3.656056162230925111e-02 4.156372388757745284e-02 -6.922549407261158194e-02 -1.120020726415873469e-01 7.708502272663508847e-02 -5.251784730330655293e-02 -1.962620017762901625e-01 4.688169625069349422e-03 -1.157987085049398956e-01 -2.466070109508677888e-01 4.965391539428765100e-03 1.579469133493489608e-01 -2.496462368816310118e-02 -1.680639144453834888e-01 9.578273687668570346e-02 1.794575322794003114e-01 -2.186960640187862737e-02 3.751964069283530989e-02 2.337725901267617701e-01 -8.320213881648896859e-02 -7.024773860274535764e-02 -2.507130442046445751e-02
-3.420405344808159498e-01 -9.202818226322051487e-02 7.900516250793998552e-02 3.590950737958564787e-02 1.243896929665879725e-01 3.552710259776858948e-02 1.504791380343704077e-01 1.986963772191074895e-01 2.309091836451671043e-02 1.329708044405606415e-01 1.783585205271833729e-01 4.228315169370944204e-02 -9.668453144115574105e-02 -3.371420343324871283e-02 4.907821152374935991e-02 -1.728502306917789610e-02 -2.223647015318306330e-01 -1.580545146447320803e-02 -7.634772043695647881e-02 -2.052095523117714038e-01 -1.088999808437733918e-01 -1.317758185200545995e-02 -8.253592761138861533e-02 1.617787276268245478e-02 5.942289650226939557e-02 1.384429517190710612e-02 -8.320213881648896859e-02 1.667544341441384859e-01 1.205644507534202603e-01 -3.725349094088414859e-02
-3.635454036277110390e-01 9.433063281801423727e-02 4.060936821448990486e-01 -2.674429517429643965e-02 4.335093849538793620e-01 3.216017563135551427e-01 9.556821568025952729e-02 4.699162427616556670e-01 5.083937257558091005e-02 1.605506390210393874e-01 2.584471535475358905e-01 9.724370811966309702e-03 -2.345459924671899898e-01 -1.383161662596990027e-01 -4.435864237984219471e-01 1.208966900470045402e-01 -1.068402473854064283e+00 -4.388578278121428866e-01 6.271962120399621199e-02 -9.211336398055891550e-01 -5.186418143010769199e-01 5.187795242375159432e-02 -2.343898742947772007e-01 2.348410707180619283e-01 1.265872408157520113e-02 4.483914506196811089e-01 -7.024773860274535764e-02 1.205644507534202603e-01 6.576455795079141353e-01 4.482320328701234757e-01
-2.836454776085020058e-01 2.631163963027915997e-01 4.443745659297633210e-01 -1.810639040987780390e-01 2.013561217817709803e-01 3.201500154859218128e-01 -5.859476616791425840e-02 1.666992309124566418e-01 8.105542452290137589e-02 3.977033417140773963e-02 9.126573756321931796e-02 8.447947923684751004e-03 -7.188701889054982530e-02 1.182629634058685042e-02 -5.055821125775992186e-01 1.701061307878717344e-01 -6.148904549294798016e-01 -5.569831547123271775e-01 2.184089668149908903e-01 -6.911058939822396496e-01 -5.763502788507253172e-01 2.853665649412846506e-01 -3.128595536314833225e-01 -5.346459581113549575e-02 -8.120981816330186120e-02 4.363611949921732958e-01 -2.507130442046445751e-02 -3.725349094088414859e-02 4.482320328701234757e-01 8.634238434505618898e-01
