1.656435955118695347e+00 -8.708020883432254777e-03 -1.509488063486514875e-01 5.909262011532518954e-01 4.069549609123441769e-01 1.463791917617527361e-01 -3.127506642932758041e-01 8.933390068830249220e-02 -2.113079047267660826e-01 -2.947150661505588687e-01 -7.499338085715976376e-01 -1.896283609929128033e-01 -2.626049781852657361e-01 -2.917384761166772478e-01 -6.041632213324987788e-01 -5.421343812450345467e-01 -9.406881524304822051e-01 -4.224162043982460091e-02 -5.363673413725678074e-01 1.175783075441358960e-01 3.823360859937565692e-01 -6.522092566723358686e-01 7.094962695281310516e-01 8.966571235390574657e-01 3.084574314286214758e-01 5.132139453552895247e-01 1.010102268153900695e-01 4.495694481499867834e-02 1.544923794655232996e-01 -3.280976384585869710e-01
-8.708020883432254777e-03 1.542993846809110892e-01 3.411742466676059848e-02 -4.993986099765379549e-02 3.660127723094319663e-02 2.575006132337875897e-02 -5.984086294574808562e-03 -3.090117913870926714e-04 -9.028656250961830665e-03 -2.313759217940969393e-03 3.188007110907165043e-03 4.104967461637443193e-02 -2.652796519930689101e-02 -5.333973398018088119e-02 -5.084466248001717759e-02 3.429481460381111901e-02 -1.392754279735868295e-01 -9.477040001200975894e-03 4.750087999357788249e-02 -2.018098655904054795e-01 -1.287311040802023854e-01 8.763562122473445015e-02 -6.008943565137769838e-02 -5.132775246221399357e-02 -5.594625606491376857e-02 9.650129422499276188e-02 -5.253867131528977552e-02 -2.001079167774832968e-02 1.642334459641574540e-01 2.010306013875720055e-01
-1.509488063486514875e-01 3.411742466676059848e-02 2.784607180055331810e-01 -3.967379330038056651e-02 1.560225173036542401e-01 1.595563734244933585e-01 -4.067080785176813151e-02 1.668134970282721952e-01 9.568145200830713293e-03 7.918022750459385861e-03 9.889012421348297721e-02 -3.755763087366403852e-02 -9.451923230432157652e-02 2.774101414274809940e-03 -2.565708633862300303e-01 1.066850114249291437e-01 -4.197228643530479530e-01 -2.511886842949593301e-01 8.983086368857584603e-02 -4.073908209043111128e-01 -2.501383215226837820e-01 8.772951844468934723e-02 -8.283040358298876527e-02 7.158033885229997395e-02 1.215795098977423550e-02 2.209274687197648745e-01 -1.373130935957078691e-02 2.149077403305454936e-02 2.303937392305783760e-01 2.900245865596389194e-01
5.909262011532518954e-01 -4.993986099765379549e-02 -3.967379330038056651e-02 3.171859414115942855e-01 1.411602908245868093e-01 -1.285594776447851473e-03 -1.392688171446252454e-01 1.548275194602410920e-02 -5.932226686525154946e-02 -1.524329621995548223e-01 -2.935378039144893592e-01 -4.271510983977577780e-02 -1.338272550577244147e-01 -5.631386362318835381e-02 -1.903733535432365898e-01 -2.372594359036952483e-01 -2.969110188770400782e-01 1.559338869776638603e-02 -2.463006559654559169e-01 5.016453711726853726e-02 1.730199964466692109e-01 -2.395584830856591907e-01 2.631275820027099144e-01 3.291711009708251368e-01 1.724726440298809393e-01 1.915668352590387258e-01 1.062040298734245880e-03 6.806463654561412113e-02 3.519797497381205176e-02 -1.854769710947721251e-01
4.069549609123441769e-01 3.660127723094319663e-02 1.560225173036542401e-01 1.411602908245868093e-01 2.916854670964994511e-01 1.761721829097382397e-01 -1.260880626969651530e-01 1.928400864662194181e-01 -6.109358203769943430e-02 -7.507154879687050197e-02 -1.538758573885274927e-01 -9.286003617751248385e-02 -1.477094738296500509e-01 -1.457724444131258679e-01 -3.978009756624487636e-01 -6.507642644567113166e-02 -7.010740460727902246e-01 -1.923087107900869341e-01 -7.992240912398074215e-02 -3.201246203118444100e-01 -8.053782755405336502e-02 -1.516800586411193308e-01 1.785988040097663543e-01 3.572692165074613513e-01 8.602471544867285047e-02 3.562486839592793331e-01 2.507159790314972270e-02 1.140668403780864537e-02 2.648744932564568444e-01 1.100678990484880160e-01
1.463791917617527361e-01 2.575006132337875897e-02 1.595563734244933585e-01 -1.285594776447851473e-03 1.761721829097382397e-01 2.190777442099260952e-01 -4.981772743542478565e-02 1.780225909779460380e-01 -2.762049584418946324e-03 3.327814993173205949e-02 1.937355194115752965e-03 -1.058081031916344728e-01 -6.283670738770297248e-02 -9.100353632521773761e-02 -3.191818751689083911e-01 4.687663693533750120e-02 -5.062155241656114413e-01 -2.946833387764513645e-01 1.934901440330349942e-02 -2.352517909454263645e-01 -1.603614347860116141e-01 -1.043337925476066630e-01 3.947780754458563024e-02 2.389638287186812704e-01 -1.143678103460388229e-03 2.228503231796139517e-01 1.016922279732170864e-01 -2.646663846059027492e-02 1.882642298022574323e-01 1.635049838283748613e-01
-3.127506642932758041e-01 -5.984086294574808562e-03 -4.067080785176813151e-02 -1.392688171446252454e-01 -1.260880626969651530e-01 -4.981772743542478565e-02 1.526352379521540570e-01 -3.501352915770894469e-02 1.869922471792051510e-02 1.127295299927482120e-01 1.779002167135104173e-01 3.597916080178720222e-02 1.074250103238227894e-01 1.487758609260936282e-02 1.814549750919240978e-01 9.359166264789564593e-02 2.847772186583483744e-01 4.808071001508551490e-02 7.105889942391740988e-02 1.105888570512547631e-01 -1.980429888521939574e-02 6.123513144933667718e-02 -1.311173744626898952e-01 -1.948298602446243422e-01 -1.129285621436224574e-01 -1.825966072315736710e-01 2.990869651080174663e-02 -3.372569317366469477e-02 -1.073459738292399379e-01 -9.002847124406798685e-03
8.933390068830249220e-02 -3.090117913870926714e-04 1.668134970282721952e-01 1.548275194602410920e-02 1.928400864662194181e-01 1.780225909779460380e-01 -3.501352915770894469e-02 2.053536949121621547e-01 -3.847100304653849889e-03 2.836162791709284647e-02 3.379232127394971030e-02 -9.222821524070923260e-02 -6.700439915329070573e-02 -1.104944970436463336e-01 -2.832980202593944341e-01 5.441834959219704615e-02 -5.085544149765723887e-01 -2.423439953105344102e-01 2.161458985625586138e-02 -2.662871149849479480e-01 -1.418936633212979359e-01 -9.455290896289625380e-02 4.145277023610560718e-02 2.224826951957084020e-01 2.660383848137826135e-03 2.203342608512457446e-01 7.838402465756644233e-02 -1.530100106583631714e-02 1.918718483739780822e-01 1.179079973368288847e-01
-2.113079047267660826e-01 -9.028656250961830665e-03 9.568145200830713293e-03 -5.932226686525154946e-02 -6.109358203769943430e-02 -2.762049584418946324e-03 1.869922471792051510e-02 -3.847100304653849889e-03 8.889209105234385788e-02 4.841758848698418660e-02 1.138109124726156551e-01 2.992790180326210248e-02 2.814597114172556758e-02 5.199286527761159959e-02 7.182892754980230166e-02 9.740738049885067085e-02 1.115862928311912583e-01 -7.300716389357830849e-02 8.165892201259339345e-02 -1.788646148548878045e-02 -1.082156935748912474e-01 5.804612674194231658e-02 -1.162975844041511664e-01 -9.148663373116505682e-02 -4.962347532676858464e-02 -6.239605932120184661e-02 3.197713497922904935e-02 -1.212181663566980205e-02 -6.838758264279931609e-03 4.327729184046802402e-02
-2.947150661505588687e-01 -2.313759217940969393e-03 7.918022750459385861e-03 -1.524329621995548223e-01 -7.507154879687050197e-02 3.327814993173205949e-02 1.127295299927482120e-01 2.836162791709284647e-02 4.841758848698418660e-02 1.992400527250310915e-01 1.856204211588305952e-01 -6.152098199578404092e-02 1.511104182509370730e-01 -7.504610720758364550e-02 5.603655568626209060e-02 1.126636210197489163e-01 1.318648887080939858e-01 -7.922956569416328421e-02 7.868954782685477767e-02 1.165110520857410847e-01 -5.333168787490194518e-02 -1.803714395310862528e-02 -9.368454383439939193e-02 -9.434330345004582341e-02 -1.255561617286389264e-01 -1.283647403871555071e-01 1.170541905050299647e-01 -6.369334328911691046e-02 -8.787968501906107122e-02 2.572071395519515136e-02
-7.499338085715976376e-01 3.188007110907165043e-03 9.889012421348297721e-02 -2.935378039144893592e-01 -1.538758573885274927e-01 1.937355194115752965e-03 1.779002167135104173e-01 3.379232127394971030e-02 1.138109124726156551e-01 1.856204211588305952e-01 4.505110036473070068e-01 6.120314107374724699e-02 1.153362658458263468e-01 8.238925185776224680e-02 2.061511586424558118e-01 2.905436671583743191e-01 2.850927760215427043e-01 -9.395201483368964546e-02 2.636114516385532625e-01 -1.447383798896453300e-01 -2.619925024964686600e-01 2.509337337367583132e-01 -3.636861183485962101e-01 -3.443119319189804628e-01 -1.950264764121811822e-01 -2.003857308000078774e-01 3.178786406391509445e-02 -4.544720042690642003e-02 7.714816267878177314e-03 1.864795091218525158e-01
-1.896283609929128033e-01 4.104967461637443193e-02 -3.755763087366403852e-02 -4.271510983977577780e-02 -9.286003617751248385e-02 -1.058081031916344728e-01 3.597916080178720222e-02 -9.222821524070923260e-02 2.992790180326210248e-02 -6.152098199578404092e-02 6.120314107374724699e-02 1.495155211075598345e-01 -3.006328959554593894e-02 1.227539491022184848e-01 1.849296379097040699e-01 4.660917263674946298e-02 2.370797178586485643e-01 1.128313646813126070e-01 6.503638460631577800e-02 -7.323777555848209886e-02 -7.468234666413309242e-02 1.778151796827671660e-01 -1.360335793538069993e-01 -2.110759869050866655e-01 -2.748299833569944894e-02 -8.410793605270328044e-02 -1.076811303776707973e-01 2.596822752252592181e-02 1.638169166523084641e-02 5.960042662979958550e-02
-2.626049781852657361e-01 -2.652796519930689101e-02 -9.451923230432157652e-02 -1.338272550577244147e-01 -1.477094738296500509e-01 -6.283670738770297248e-02 1.074250103238227894e-01 -6.700439915329070573e-02 2.814597114172556758e-02 1.511104182509370730e-01 1.153362658458263468e-01 -3.006328959554593894e-02 1.876072388922125356e-01 -2.803959958305313194e-02 1.956454735858415006e-01 7.035952380414300933e-02 3.511708405432045765e-01 8.279622668089814397e-02 5.127253459903613475e-02 2.820640696765508437e-01 7.044966843221800445e-02 -1.228469223994466120e-02 -5.114295305236282729e-02 -1.659180053933368981e-01 -1.010288087636013188e-01 -2.206752115479844178e-01 6.811762977713442524e-02 -5.802892231162104508e-02 -2.074715980670589488e-01 -9.182216108166585400e-02
-2.917384761166772478e-01 -5.333973398018088119e-02 2.774101414274809940e-03 -5.631386362318835381e-02 -1.457724444131258679e-01 -9.100353632521773761e-02 1.487758609260936282e-02 -1.104944970436463336e-01 5.199286527761159959e-02 -7.504610720758364550e-02 8.238925185776224680e-02 1.227539491022184848e-01 -2.803959958305313194e-02 3.292198669671506650e-01 2.042582244826007809e-01 6.149450847402704312e-02 3.447454403223559893e-01 6.986767361524925946e-02 8.701173896582758971e-02 -7.725193889507409040e-02 -7.279751871681128250e-02 2.262811324703193350e-01 -2.080743436551983905e-01 -2.202996440475430973e-01 1.702288741773827496e-02 -1.165167485871734243e-01 -1.134800868642855676e-01 4.444914799535126804e-02 -4.490381653624808678e-02 4.593449189258080878e-02
-6.041632213324987788e-01 -5.084466248001717759e-02 -2.565708633862300303e-01 -1.903733535432365898e-01 -3.978009756624487636e-01 -3.191818751689083911e-01 1.814549750919240978e-01 -2.832980202593944341e-01 7.182892754980230166e-02 5.603655568626209060e-02 2.061511586424558118e-01 1.849296379097040699e-01 1.956454735858415006e-01 2.042582244826007809e-01 6.736816068136590729e-01 1.138458420176675645e-01 1.000238142604757741e+00 3.957615791940156669e-01 1.241705265366874755e-01 4.278926670131681931e-01 1.148961604180271934e-01 2.414618694896546458e-01 -2.179341403935382004e-01 -5.629294855316402391e-01 -1.125135277250706167e-01 -5.060177985714062743e-01 -9.644520782717336260e-02 -5.564875552408921067e-03 -3.826420790972520081e-01 -2.059695115818840350e-01
-5.421343812450345467e-01 3.429481460381111901e-02 1.066850114249291437e-01 -2.372594359036952483e-01 -6.507642644567113166e-02 4.687663693533750120e-02 9.359166264789564593e-02 5.441834959219704615e-02 9.740738049885067085e-02 1.126636210197489163e-01 2.905436671583743191e-01 4.660917263674946298e-02 7.035952380414300933e-02 6.149450847402704312e-02 1.138458420176675645e-01 3.081222150286180295e-01 7.809080115987399040e-02 -1.260403687913935755e-01 2.507253230156436530e-01 -1.770255899918993236e-01 -2.809431913734101727e-01 1.685462044769678869e-01 -2.439680266492700866e-01 -2.340336036085091109e-01 -1.595291632961846062e-01 -7.856080113384678043e-02 2.571651006803676864e-02 -6.508470439473512670e-02 4.579011116209130705e-02 2.038741084314210639e-01
-9.406881524304822051e-01 -1.392754279735868295e-01 -4.197228643530479530e-01 -2.969110188770400782e-01 -7.010740460727902246e-01 -5.062155241656114413e-01 2.847772186583483744e-01 -5.085544149765723887e-01 1.115862928311912583e-01 1.318648887080939858e-01 2.850927760215427043e-01 2.370797178586485643e-01 3.511708405432045765e-01 3.447454403223559893e-01 1.000238142604757741e+00 7.809080115987399040e-02 1.844925317508057105e+00 6.016246914864495920e-01 1.564370226063829250e-01 8.668803873359820500e-01 3.601546167872697879e-01 3.990394572801392314e-01 -3.609739498481872033e-01 -8.920490862045653557e-01 -1.575781303771464081e-01 -9.134555442677765313e-01 -1.341008029071417695e-01 -6.201527163511855179e-03 -7.183076468160720651e-01 -3.585968557072760632e-01
-4.224162043982460091e-02 -9.477040001200975894e-03 -2.511886842949593301e-01 1.559338869776638603e-02 -1.923087107900869341e-01 -2.946833387764513645e-01 4.808071001508551490e-02 -2.423439953105344102e-01 -7.300716389357830849e-02 -7.922956569416328421e-02 -9.395201483368964546e-02 1.128313646813126070e-01 8.279622668089814397e-02 6.986767361524925946e-02 3.957615791940156669e-01 -1.260403687913935755e-01 6.016246914864495920e-01 5.156953267162123211e-01 -7.366176775826716039e-02 3.168471123252061261e-01 3.057243785889909304e-01 1.011872922199188451e-01 4.929847221637828625e-02 -2.721815229468234065e-01 3.350659636151931409e-02 -2.572982552107418996e-01 -1.795363834011141080e-01 4.000723817216567113e-02 -2.422591519262766724e-01 -2.594136501299431075e-01
-5.363673413725678074e-01 4.750087999357788249e-02 8.983086368857584603e-02 -2.463006559654559169e-01 -7.992240912398074215e-02 1.934901440330349942e-02 7.105889942391740988e-02 2.161458985625586138e-02 8.165892201259339345e-02 7.868954782685477767e-02 2.636114516385532625e-01 6.503638460631577800e-02 5.127253459903613475e-02 8.701173896582758971e-02 1.241705265366874755e-01 2.507253230156436530e-01 1.564370226063829250e-01 -7.366176775826716039e-02 2.810991515692364828e-01 -1.806914299900768128e-01 -2.251966445984976417e-01 2.498646126903167897e-01 -2.635840673503082598e-01 -2.637173582051843823e-01 -1.428920237533475301e-01 -1.149214900160586694e-01 -2.541311226997322592e-02 -5.714895166940436866e-02 6.294294876713024678e-02 2.079413067559698902e-01
1.175783075441358960e-01 -2.018098655904054795e-01 -4.073908209043111128e-01 5.016453711726853726e-02 -3.201246203118444100e-01 -2.352517909454263645e-01 1.105888570512547631e-01 -2.662871149849479480e-01 -1.788646148548878045e-02 1.165110520857410847e-01 -1.447383798896453300e-01 -7.323777555848209886e-02 2.820640696765508437e-01 -7.725193889507409040e-02 4.278926670131681931e-01 -1.770255899918993236e-01 8.668803873359820500e-01 3.168471123252061261e-01 -1.806914299900768128e-01 1.125930889744097385e+00 5.700455662733929785e-01 -2.965155737272766601e-01 2.405443394218877984e-01 -9.976302564047045962e-02 8.266892004428427754e-03 -5.363800450622306926e-01 1.634758109680092275e-01 -3.094142042755265720e-02 -6.867654542465402301e-01 -6.447320782120868898e-01
3.823360859937565692e-01 -1.287311040802023854e-01 -2.501383215226837820e-01 1.730199964466692109e-01 -8.053782755405336502e-02 -1.603614347860116141e-01 -1.980429888521939574e-02 -1.418936633212979359e-01 -1.082156935748912474e-01 -5.333168787490194518e-02 -2.619925024964686600e-01 -7.468234666413309242e-02 7.044966843221800445e-02 -7.279751871681128250e-02 1.148961604180271934e-01 -2.809431913734101727e-01 3.601546167872697879e-01 3.057243785889909304e-01 -2.251966445984976417e-01 5.700455662733929785e-01 5.675089416704395262e-01 -2.002713827414481784e-01 2.416543660768866175e-01 9.439153523697996206e-02 1.196044449960709244e-01 -1.880708939383453071e-01 -2.127187633874427775e-02 3.413778803906097892e-02 -2.978326564283975131e-01 -4.678529549419181421e-01
-6.522092566723358686e-01 8.763562122473445015e-02 8.772951844468934723e-02 -2.395584830856591907e-01 -1.516800586411193308e-01 -1.043337925476066630e-01 6.123513144933667718e-02 -9.455290896289625380e-02 5.804612674194231658e-02 -1.803714395310862528e-02 2.509337337367583132e-01 1.778151796827671660e-01 -1.228469223994466120e-02 2.262811324703193350e-01 2.414618694896546458e-01 1.685462044769678869e-01 3.990394572801392314e-01 1.011872922199188451e-01 2.498646126903167897e-01 -2.965155737272766601e-01 -2.002713827414481784e-01 5.248676773711338228e-01 -3.734944795953651919e-01 -4.779012194713914141e-01 -9.680500674821246321e-02 -1.314373425110773042e-01 -2.095267032536867191e-01 1.438262564442993607e-02 8.379140135031093450e-02 3.257949498756715911e-01
7.094962695281310516e-01 -6.008943565137769838e-02 -8.283040358298876527e-02 2.631275820027099144e-01 1.785988040097663543e-01 3.947780754458563024e-02 -1.311173744626898952e-01 4.145277023610560718e-02 -1.162975844041511664e-01 -9.368454383439939193e-02 -3.636861183485962101e-01 -1.360335793538069993e-01 -5.114295305236282729e-02 -2.080743436551983905e-01 -2.179341403935382004e-01 -2.439680266492700866e-01 -3.609739498481872033e-01 4.929847221637828625e-02 -2.635840673503082598e-01 2.405443394218877984e-01 2.416543660768866175e-01 -3.734944795953651919e-01 4.760520441665221369e-01 4.160579432989379711e-01 1.651031925152892654e-01 1.419507541439202214e-01 1.042680914897005096e-01 1.926332218789639228e-02 -8.577228692627159035e-02 -2.976619021629289819e-01
8.966571235390574657e-01 -5.132775246221399357e-02 7.158033885229997395e-02 3.291711009708251368e-01 3.572692165074613513e-01 2.389638287186812704e-01 -1.948298602446243422e-01 2.224826951957084020e-01 -9.148663373116505682e-02 -9.434330345004582341e-02 -3.443119319189804628e-01 -2.110759869050866655e-01 -1.659180053933368981e-01 -2.202996440475430973e-01 -5.629294855316402391e-01 -2.340336036085091109e-01 -8.920490862045653557e-01 -2.721815229468234065e-01 -2.637173582051843823e-01 -9.976302564047045962e-02 9.439153523697996206e-02 -4.779012194713914141e-01 4.160579432989379711e-01 7.429769391711147364e-01 1.967916020798270438e-01 4.128536511388460895e-01 1.758668634790296892e-01 8.121770325601573859e-03 1.990887302529813496e-01 -1.861050258265208868e-01
3.084574314286214758e-01 -5.594625606491376857e-02 1.215795098977423550e-02 1.724726440298809393e-01 8.602471544867285047e-02 -1.143678103460388229e-03 -1.129285621436224574e-01 2.660383848137826135e-03 -4.962347532676858464e-02 -1.255561617286389264e-01 -1.950264764121811822e-01 -2.748299833569944894e-02 -1.010288087636013188e-01 1.702288741773827496e-02 -1.125135277250706167e-01 -1.595291632961846062e-01 -1.575781303771464081e-01 3.350659636151931409e-02 -1.428920237533475301e-01 8.266892004428427754e-03 1.196044449960709244e-01 -9.680500674821246321e-02 1.651031925152892654e-01 1.967916020798270438e-01 1.833029396840117897e-01 1.262140353657059677e-01 -4.860551957409597890e-02 7.450584468614351863e-02 3.260825743211626104e-03 -1.226918694734990822e-01
5.132139453552895247e-01 9.650129422499276188e-02 2.209274687197648745e-01 1.915668352590387258e-01 3.562486839592793331e-01 2.228503231796139517e-01 -1.825966072315736710e-01 2.203342608512457446e-01 -6.239605932120184661e-02 -1.283647403871555071e-01 -2.003857308000078774e-01 -8.410793605270328044e-02 -2.206752115479844178e-01 -1.165167485871734243e-01 -5.060177985714062743e-01 -7.856080113384678043e-02 -9.134555442677765313e-01 -2.572982552107418996e-01 -1.149214900160586694e-01 -5.363800450622306926e-01 -1.880708939383453071e-01 -1.314373425110773042e-01 1.419507541439202214e-01 4.128536511388460895e-01 1.262140353657059677e-01 5.634290299012718606e-01 -2.596079005689944097e-02 2.556060017286654329e-02 3.882787214377572127e-01 2.672204727833786819e-01
1.010102268153900695e-01 -5.253867131528977552e-02 -1.373130935957078691e-02 1.062040298734245880e-03 2.507159790314972270e-02 1.016922279732170864e-01 2.990869651080174663e-02 7.838402465756644233e-02 3.197713497922904935e-02 1.170541905050299647e-01 3.178786406391509445e-02 -1.076811303776707973e-01 6.811762977713442524e-02 -1.134800868642855676e-01 -9.644520782717336260e-02 2.571651006803676864e-02 -1.341008029071417695e-01 -1.795363834011141080e-01 -2.541311226997322592e-02 1.634758109680092275e-01 -2.127187633874427775e-02 -2.095267032536867191e-01 1.042680914897005096e-01 1.758668634790296892e-01 -4.860551957409597890e-02 -2.596079005689944097e-02 2.321951650041569337e-01 -5.932810323059811708e-02 -7.690916087364030318e-02 -1.230634549396540933e-01
4.495694481499867834e-02 -2.001079167774832968e-02 2.149077403305454936e-02 6.806463654561412113e-02 1.140668403780864537e-02 -2.646663846059027492e-02 -3.372569317366469477e-02 -1.530100106583631714e-02 -1.212181663566980205e-02 -6.369334328911691046e-02 -4.544720042690642003e-02 2.596822752252592181e-02 -5.802892231162104508e-02 4.444914799535126804e-02 -5.564875552408921067e-03 -6.508470439473512670e-02 -6.201527163511855179e-03 4.000723817216567113e-02 -5.714895166940436866e-02 -3.094142042755265720e-02 3.413778803906097892e-02 1.438262564442993607e-02 1.926332218789639228e-02 8.121770325601573859e-03 7.450584468614351863e-02 2.556060017286654329e-02 -5.932810323059811708e-02 7.577458093413724782e-02 1.722127309835741471e-02 -2.624249220048113784e-02
1.544923794655232996e-01 1.642334459641574540e-01 2.303937392305783760e-01 3.519797497381205176e-02 2.648744932564568444e-01 1.882642298022574323e-01 -1.073459738292399379e-01 1.918718483739780822e-01 -6.838758264279931609e-03 -8.787968501906107122e-02 7.714816267878177314e-03 1.638169166523084641e-02 -2.074715980670589488e-01 -4.490381653624808678e-02 -3.826420790972520081e-01 4.579011116209130705e-02 -7.183076468160720651e-01 -2.422591519262766724e-01 6.294294876713024678e-02 -6.867654542465402301e-01 -2.978326564283975131e-01 8.379140135031093450e-02 -8.577228692627159035e-02 1.990887302529813496e-01 3.260825743211626104e-03 3.882787214377572127e-01 -7.690916087364030318e-02 1.722127309835741471e-02 5.187771782894401440e-01 3.723529665934961486e-01
-3.280976384585869710e-01 2.010306013875720055e-01 2.900245865596389194e-01 -1.854769710947721251e-01 1.100678990484880160e-01 1.635049838283748613e-01 -9.002847124406798685e-03 1.179079973368288847e-01 4.327729184046802402e-02 2.572071395519515136e-02 1.864795091218525158e-01 5.960042662979958550e-02 -9.182216108166585400e-02 4.593449189258080878e-02 -2.059695115818840350e-01 2.038741084314210639e-01 -3.585968557072760632e-01 -2.594136501299431075e-01 2.079413067559698902e-01 -6.447320782120868898e-01 -4.678529549419181421e-01 3.257949498756715911e-01 -2.976619021629289819e-01 -1.861050258265208868e-01 -1.226918694734990822e-01 2.672204727833786819e-01 -1.230634549396540933e-01 -2.624249220048113784e-02 3.723529665934961486e-01 6.859988726514529844e-01
