3.651335694836575385e+00 1.589579361299513494e+00 3.713216462612081159e-01 5.727878197268410077e-01 3.823907375392536778e-01 -4.650555719263138599e-01 -2.740728098293629955e-01 -2.912328064288089990e-01 -1.039136687700988659e+00 -5.886654889490046116e-01 -1.701811058401119681e+00 -1.675703718520935581e-01 -8.481959230964548624e-01 -1.193810291205863905e+00 -9.644557194209255613e-01 -1.119387476511235491e+00 -1.924241156492144000e+00 4.596338217315860675e-01 -1.107631050371935544e+00 -2.128629924336564727e-01 7.783964734029495958e-01 -8.663498714773254505e-01 1.192552568383746348e+00 1.267695746891263298e+00 3.463561159582582150e-01 1.238670318410242999e+00 -3.065055919739734236e-01 2.338167790161378434e-01 9.207645232871755070e-01 6.567529242454384075e-02
1.589579361299513494e+00 5.006634375948920024e+00 1.760240622007245292e-01 1.174358025632216140e+00 1.908328334793054637e+00 2.285197098472224297e+00 -8.867430209710391864e-02 7.774818086526238403e-01 -1.114078809789816660e+00 1.196139729960350451e-01 -3.141557198569273623e+00 4.296580713471485069e-01 -1.688714834822803823e+00 -3.767260693394860027e+00 -2.558723602146130816e+00 -8.551377047093637884e-01 -6.155884949454616617e+00 -6.354764014520242199e-02 -1.290550709302010546e+00 -3.269926131529246049e+00 -1.161749178439890784e+00 -3.375302258310455272e-01 1.121372136784998474e+00 7.301755073985987110e-01 2.458749238891755340e-01 3.382004614617983407e+00 -1.453085667834784545e+00 1.131184209492971604e+00 4.138813351582768973e+00 2.730127116635628681e+00
3.713216462612081159e-01 1.760240622007245292e-01 2.798320937271512321e+00 -5.638441931199622559e-02 -1.206323408338391800e+00 1.455290837216125510e+00 8.585667403963270772e-03 6.117946435149406170e-01 2.810568279654717117e-01 -4.446732130239183789e-01 -4.338751927756447913e-01 -1.636451404624892803e+00 -2.883252542565060139e-01 1.431378985037554230e+00 -2.602391272039767500e+00 -5.559846336037992387e-01 -5.128766419972521362e-01 -3.155523520146118699e+00 3.437997125780611896e-02 3.962696341300215863e-01 -1.680663723569580270e+00 1.654888003487826609e-01 -1.913267669875722277e-01 8.038281798830553271e-01 3.921023740562645798e-01 8.724799569720858017e-01 1.487932514574481502e+00 3.734900426170497667e-01 -1.143547416453543519e+00 2.248599120182802835e+00
5.727878197268410077e-01 1.174358025632216140e+00 -5.638441931199622559e-02 4.894442829884155799e-01 5.857131127327761533e-01 5.448568268621443167e-01 -3.959295555318931292e-03 1.798698803812612823e-01 -2.809152618875714325e-01 3.363965177237560056e-02 -8.231344729180136710e-01 1.478977082725236869e-01 -5.101073720277327084e-01 -9.563704792540193012e-01 -6.113226136976663838e-01 -3.910776815594658729e-01 -1.617558780846877653e+00 4.226071273706111242e-03 -4.740963197438077259e-01 -8.213688627882334004e-01 -2.060067582859232971e-01 -2.027979739358443112e-01 3.183531877198788607e-01 2.811321760297573746e-01 1.369158973172375227e-01 8.872090558041918484e-01 -3.928486321447621776e-01 3.492518342923744967e-01 1.072930167522770262e+00 5.693611027070346609e-01
3.823907375392536778e-01 1.908328334793054637e+00 -1.206323408338391800e+00 5.857131127327761533e-01 2.241698036540583416e+00 -1.721377566508976997e-01 -2.291470213568231884e-01 1.393650695040946630e-01 -1.012256031626293407e+00 2.981129866307128395e-01 -1.035289302359672092e+00 1.176009215088186011e+00 -6.273285087124236270e-01 -2.810172087135640595e+00 9.030906123780368944e-02 -7.758350099032895741e-02 -3.169269693023466061e+00 2.356258821128619729e+00 -4.494158964494374686e-01 -2.213342116033572893e+00 1.076731278709303297e+00 -3.217199111927584454e-01 7.779061670347573454e-01 2.468111041840188591e-01 1.354387528804181784e-01 1.098277824626109123e+00 -1.936825614042675170e+00 3.035372725962588447e-01 3.062501499077598055e+00 -6.185790391849650405e-01
-4.650555719263138599e-01 2.285197098472224297e+00 1.455290837216125510e+00 5.448568268621443167e-01 -1.721377566508976997e-01 3.353628129577032269e+00 3.251026951157314215e-01 1.172712762420985655e+00 5.515249602937615236e-01 2.091104894645923196e-01 -1.403585252097286684e+00 -8.102834451190688014e-01 -8.880852751050269944e-01 -3.666571514531256071e-01 -2.902171366398192731e+00 -5.502167073858004187e-01 -2.952386034530206871e+00 -3.479374697122466387e+00 -5.430380941056682786e-01 -1.352969439809157848e+00 -3.094999772638345803e+00 2.790573226820356467e-01 -3.048973243116961385e-01 2.534485622642250746e-01 1.250479589590440810e-01 2.197027135114467455e+00 8.086050685546979366e-01 9.632239294750206682e-01 8.976957669410694507e-01 3.864326291409383884e+00
-2.740728098293629955e-01 -8.867430209710391864e-02 8.585667403963270772e-03 -3.959295555318931292e-03 -2.291470213568231884e-01 3.251026951157314215e-01 5.944621043340703181e-01 2.975637025275545966e-01 4.154315483548884913e-01 3.704766053430148531e-01 2.972938460434306762e-01 -3.537120690396022837e-03 -2.150019496378376971e-01 1.719194179682403956e-01 1.164017429928776437e-01 -1.440339465239048877e-01 7.227190662086968587e-02 -8.637723243308528254e-01 -3.412350352019757338e-01 1.181322600307908033e-01 -8.092477771975836731e-01 -6.122736034137687966e-02 -3.960710518679206871e-01 -1.418481082453695308e-01 -1.592581024911510212e-01 2.095773906512476970e-02 3.754896506999898520e-01 2.338473916331622604e-01 -2.642447751591703309e-01 5.773964800246744744e-01
-2.912328064288089990e-01 7.774818086526238403e-01 6.117946435149406170e-01 1.798698803812612823e-01 1.393650695040946630e-01 1.172712762420985655e+00 2.975637025275545966e-01 7.536316477317654972e-01 1.476756924627125045e-01 2.195740871513294223e-01 -2.990559401106906989e-01 -2.567696019845016053e-01 -4.406776998669101886e-01 -3.473637116337044972e-01 -1.037716797353311904e+00 -2.403072690663066169e-01 -1.531492647011759800e+00 -1.198101367560013841e+00 -3.093745274015873292e-01 -8.394443114329988020e-01 -1.188988564400517589e+00 6.588734893441028362e-02 -1.475655753441742490e-01 1.673292173770164482e-01 4.736183935091275998e-02 9.139384649390080995e-01 1.764317381058617684e-01 4.713370981087905420e-01 5.805085541773564728e-01 1.405629981088281966e+00
-1.039136687700988659e+00 -1.114078809789816660e+00 2.810568279654717117e-01 -2.809152618875714325e-01 -1.012256031626293407e+00 5.515249602937615236e-01 4.154315483548884913e-01 1.476756924627125045e-01 1.057679805234670312e+00 2.370086556192632088e-01 8.253179299169914884e-01 -3.418475515251770958e-01 2.984879047234585414e-01 1.484511269430981883e+00 1.024390465437932107e-01 1.415594799843802321e-01 1.597450989815797584e+00 -1.854862845408945304e+00 1.935753016458932052e-01 9.797488278113632987e-01 -1.292261620231613506e+00 2.650305037238638306e-01 -8.570508708605757420e-01 -4.189899478137704136e-01 -1.938412080799594150e-01 -5.681573004385995773e-01 1.147202890505752748e+00 -3.720019162312837580e-02 -1.483164940062010828e+00 7.680553349418346443e-01
-5.886654889490046116e-01 1.196139729960350451e-01 -4.446732130239183789e-01 3.363965177237560056e-02 2.981129866307128395e-01 2.091104894645923196e-01 3.704766053430148531e-01 2.195740871513294223e-01 2.370086556192632088e-01 4.827384234440046384e-01 2.581415578336532235e-01 3.340708793442104252e-01 -1.360418676110271008e-01 -3.506216466204250537e-01 3.345074282582345404e-01 4.596726857164412650e-02 -3.294415623087729728e-01 -1.321920787351587023e-01 -1.867407377476411057e-01 -3.433565485549365803e-01 -3.828876996812482503e-01 -3.762237930095579941e-02 -3.165315286153145280e-01 -1.967825758481467346e-01 -1.374313083776428357e-01 3.357514738411282451e-02 -1.288002623036845762e-01 1.536781082157858691e-01 4.109336876221050261e-01 1.706362920240849235e-01
-1.701811058401119681e+00 -3.141557198569273623e+00 -4.338751927756447913e-01 -8.231344729180136710e-01 -1.035289302359672092e+00 -1.403585252097286684e+00 2.972938460434306762e-01 -2.990559401106906989e-01 8.253179299169914884e-01 2.581415578336532235e-01 2.407779170584092299e+00 -1.907461925969755612e-02 1.056303694103519319e+00 2.115592830182436046e+00 2.031225112609604366e+00 7.418958640877235666e-01 3.737111587697370396e+00 1.920947750016352984e-01 8.262660157762979907e-01 1.691367945911565585e+00 5.210142380403794959e-01 3.015273285951707294e-01 -9.786632087171938110e-01 -7.109581711202963561e-01 -2.970651762415172925e-01 -2.219768524979656377e+00 7.437805590735706573e-01 -6.594197039451614728e-01 -2.277513735273885231e+00 -1.745937631675928969e+00
-1.675703718520935581e-01 4.296580713471485069e-01 -1.636451404624892803e+00 1.478977082725236869e-01 1.176009215088186011e+00 -8.102834451190688014e-01 -3.537120690396022837e-03 -2.567696019845016053e-01 -3.418475515251770958e-01 3.340708793442104252e-01 -1.907461925969755612e-02 1.275872421805729573e+00 -3.480598579750449062e-02 -1.420061739720210880e+00 1.299268135782426725e+00 2.332833706848305155e-01 -5.855663601405467489e-01 2.022301069549200747e+00 -1.475125198704745344e-01 -7.802250997067403659e-01 9.419916884525605383e-01 -1.541779197216328612e-01 1.975346821277526033e-01 -3.526608765048990790e-01 -1.444291836059505840e-01 -1.654432116943667097e-01 -1.225696948174004319e+00 -6.322014754834981431e-02 1.423940187034418159e+00 -1.172492107464108813e+00
-8.481959230964548624e-01 -1.688714834822803823e+00 -2.883252542565060139e-01 -5.101073720277327084e-01 -6.273285087124236270e-01 -8.880852751050269944e-01 -2.150019496378376971e-01 -4.406776998669101886e-01 2.984879047234585414e-01 -1.360418676110271008e-01 1.056303694103519319e+00 -3.480598579750449062e-02 9.023185696708537762e-01 1.225006398872380942e+00 1.047293342216619294e+00 5.871303253655355547e-01 2.347141061213108060e+00 4.870330624380017071e-01 7.595563740037789557e-01 1.117650620177812471e+00 7.008233037519744357e-01 2.180128891548918091e-01 -3.121269889967379640e-01 -4.374902990479085929e-01 -1.584419913102692590e-01 -1.343120151572918530e+00 3.254375725899762983e-01 -5.992300439110067600e-01 -1.334134736535020238e+00 -1.210366207415120243e+00
-1.193810291205863905e+00 -3.767260693394860027e+00 1.431378985037554230e+00 -9.563704792540193012e-01 -2.810172087135640595e+00 -3.666571514531256071e-01 1.719194179682403956e-01 -3.473637116337044972e-01 1.484511269430981883e+00 -3.506216466204250537e-01 2.115592830182436046e+00 -1.420061739720210880e+00 1.225006398872380942e+00 4.423940270002390207e+00 4.253418730879161558e-01 3.367473531143332366e-01 5.118135786560060296e+00 -2.738879191510022792e+00 1.004588620615777472e+00 3.163371146027373015e+00 -8.360481836471649331e-01 4.958863516632732171e-01 -1.322165935084797184e+00 -3.665279744990357358e-01 -7.747544068257639083e-02 -2.138071039254157313e+00 2.514924302954284485e+00 -6.558694575547860950e-01 -4.436008059494895406e+00 -1.279796471038139316e-01
-9.644557194209255613e-01 -2.558723602146130816e+00 -2.602391272039767500e+00 -6.113226136976663838e-01 9.030906123780368944e-02 -2.902171366398192731e+00 1.164017429928776437e-01 -1.037716797353311904e+00 1.024390465437932107e-01 3.345074282582345404e-01 2.031225112609604366e+00 1.299268135782426725e+00 1.047293342216619294e+00 4.253418730879161558e-01 4.001495441150098031e+00 9.526368046481366036e-01 3.633089495138563052e+00 3.350684216203831056e+00 5.660711386489651886e-01 1.315652516848956566e+00 2.355358963299693187e+00 -6.483147537721833942e-03 -2.717200447620484738e-01 -1.139300797924363451e+00 -5.159976213346908480e-01 -2.582047009163602524e+00 -7.847894614603774244e-01 -9.186521842869410648e-01 -1.045408897813274507e+00 -3.680593558946554822e+00
-1.119387476511235491e+00 -8.551377047093637884e-01 -5.559846336037992387e-01 -3.910776815594658729e-01 -7.758350099032895741e-02 -5.502167073858004187e-01 -1.440339465239048877e-01 -2.403072690663066169e-01 1.415594799843802321e-01 4.596726857164412650e-02 7.418958640877235666e-01 2.332833706848305155e-01 5.871303253655355547e-01 3.367473531143332366e-01 9.526368046481366036e-01 7.944799383429881345e-01 1.308638042091786247e+00 8.737636650121771709e-01 6.771931105541284523e-01 3.230517313191398898e-01 5.487684191545554313e-01 3.005249280788007127e-01 -2.116593000006332659e-01 -5.848396089204470627e-01 -2.962018479022674455e-01 -8.959296769767206570e-01 -1.607116256343488203e-01 -4.545952433059596842e-01 -4.297151918609074528e-01 -8.982590236051350985e-01
-1.924241156492144000e+00 -6.155884949454616617e+00 -5.128766419972521362e-01 -1.617558780846877653e+00 -3.169269693023466061e+00 -2.952386034530206871e+00 7.227190662086968587e-02 -1.531492647011759800e+00 1.597450989815797584e+00 -3.294415623087729728e-01 3.737111587697370396e+00 -5.855663601405467489e-01 2.347141061213108060e+00 5.118135786560060296e+00 3.633089495138563052e+00 1.308638042091786247e+00 9.151329446108661614e+00 5.630869232663826551e-02 1.809490061864494237e+00 5.017967009381720800e+00 1.427847269047106238e+00 5.889134771123281098e-01 -1.439701851499307850e+00 -1.445092736520450671e+00 -5.945657906365227063e-01 -4.717743481945205986e+00 2.121227575759121464e+00 -1.660646130933514542e+00 -6.010453824893374986e+00 -3.340002890560754167e+00
4.596338217315860675e-01 -6.354764014520242199e-02 -3.155523520146118699e+00 4.226071273706111242e-03 2.356258821128619729e+00 -3.479374697122466387e+00 -8.637723243308528254e-01 -1.198101367560013841e+00 -1.854862845408945304e+00 -1.321920787351587023e-01 1.920947750016352984e-01 2.022301069549200747e+00 4.870330624380017071e-01 -2.738879191510022792e+00 3.350684216203831056e+00 8.737636650121771709e-01 5.630869232663826551e-02 6.981152142685346007e+00 3.916154704812413456e-01 -1.029066254681708870e+00 4.601582338560547214e+00 -2.920219182876166997e-01 1.412291834201255369e+00 -5.318763057334763289e-01 -1.300376781804288839e-01 -1.223881253293541249e+00 -3.161906449024002086e+00 -7.982511149891706737e-01 2.236522413068200876e+00 -4.772173566080596174e+00
-1.107631050371935544e+00 -1.290550709302010546e+00 3.437997125780611896e-02 -4.740963197438077259e-01 -4.494158964494374686e-01 -5.430380941056682786e-01 -3.412350352019757338e-01 -3.093745274015873292e-01 1.935753016458932052e-01 -1.867407377476411057e-01 8.262660157762979907e-01 -1.475125198704745344e-01 7.595563740037789557e-01 1.004588620615777472e+00 5.660711386489651886e-01 6.771931105541284523e-01 1.809490061864494237e+00 3.916154704812413456e-01 9.507013916415587573e-01 7.407700717973000337e-01 5.941391316198121331e-01 3.703459443069050394e-01 -2.750635903637714819e-01 -3.870072870997773862e-01 -1.134894463734212877e-01 -1.071007226165562543e+00 1.863082278274248438e-01 -5.346060249941615439e-01 -9.857032807718439926e-01 -8.885296829249682560e-01
-2.128629924336564727e-01 -3.269926131529246049e+00 3.962696341300215863e-01 -8.213688627882334004e-01 -2.213342116033572893e+00 -1.352969439809157848e+00 1.181322600307908033e-01 -8.394443114329988020e-01 9.797488278113632987e-01 -3.433565485549365803e-01 1.691367945911565585e+00 -7.802250997067403659e-01 1.117650620177812471e+00 3.163371146027373015e+00 1.315652516848956566e+00 3.230517313191398898e-01 5.017967009381720800e+00 -1.029066254681708870e+00 7.407700717973000337e-01 3.405567425464198550e+00 3.155026051203435600e-01 1.350400536159099829e-01 -6.785435111542028608e-01 -3.951936925000154588e-01 -2.436791457411118245e-01 -2.392115552694008329e+00 1.788985840673092298e+00 -8.133791991639327534e-01 -3.884900376571977176e+00 -1.238703408522042082e+00
7.783964734029495958e-01 -1.161749178439890784e+00 -1.680663723569580270e+00 -2.060067582859232971e-01 1.076731278709303297e+00 -3.094999772638345803e+00 -8.092477771975836731e-01 -1.188988564400517589e+00 -1.292261620231613506e+00 -3.828876996812482503e-01 5.210142380403794959e-01 9.419916884525605383e-01 7.008233037519744357e-01 -8.360481836471649331e-01 2.355358963299693187e+00 5.487684191545554313e-01 1.427847269047106238e+00 4.601582338560547214e+00 5.941391316198121331e-01 3.155026051203435600e-01 4.019843720323649450e+00 -3.880210186244994475e-01 8.584772473609518784e-01 4.117582814905063060e-02 6.308215305296016595e-02 -1.548050169273835763e+00 -1.753824954411527415e+00 -8.990476376984020135e-01 5.352624692536664952e-01 -4.138202094964810840e+00
-8.663498714773254505e-01 -3.375302258310455272e-01 1.654888003487826609e-01 -2.027979739358443112e-01 -3.217199111927584454e-01 2.790573226820356467e-01 -6.122736034137687966e-02 6.588734893441028362e-02 2.650305037238638306e-01 -3.762237930095579941e-02 3.015273285951707294e-01 -1.541779197216328612e-01 2.180128891548918091e-01 4.958863516632732171e-01 -6.483147537721833942e-03 3.005249280788007127e-01 5.889134771123281098e-01 -2.920219182876166997e-01 3.703459443069050394e-01 1.350400536159099829e-01 -3.880210186244994475e-01 4.362913342014280715e-01 -2.200341394173506160e-01 -3.863706067774046460e-01 -8.452408646874687292e-02 -2.350152354308079339e-01 2.302989650927997900e-01 -7.265639321855132948e-02 -4.729561614970236860e-01 2.871987709384598020e-01
1.192552568383746348e+00 1.121372136784998474e+00 -1.913267669875722277e-01 3.183531877198788607e-01 7.779061670347573454e-01 -3.048973243116961385e-01 -3.960710518679206871e-01 -1.475655753441742490e-01 -8.570508708605757420e-01 -3.165315286153145280e-01 -9.786632087171938110e-01 1.975346821277526033e-01 -3.121269889967379640e-01 -1.322165935084797184e+00 -2.717200447620484738e-01 -2.116593000006332659e-01 -1.439701851499307850e+00 1.412291834201255369e+00 -2.750635903637714819e-01 -6.785435111542028608e-01 8.584772473609518784e-01 -2.200341394173506160e-01 9.540341652267443351e-01 3.387849853822331170e-01 1.541594740002096842e-01 6.281059974842264637e-01 -8.067703252245905787e-01 6.642189164728051765e-02 1.085224846360631545e+00 -3.753241406193978946e-01
1.267695746891263298e+00 7.301755073985987110e-01 8.038281798830553271e-01 2.811321760297573746e-01 2.468111041840188591e-01 2.534485622642250746e-01 -1.418481082453695308e-01 1.673292173770164482e-01 -4.189899478137704136e-01 -1.967825758481467346e-01 -7.109581711202963561e-01 -3.526608765048990790e-01 -4.374902990479085929e-01 -3.665279744990357358e-01 -1.139300797924363451e+00 -5.848396089204470627e-01 -1.445092736520450671e+00 -5.318763057334763289e-01 -3.870072870997773862e-01 -3.951936925000154588e-01 4.117582814905063060e-02 -3.863706067774046460e-01 3.387849853822331170e-01 9.805563815592108767e-01 3.639175357769204311e-01 7.978272903638412572e-01 -4.627020075417931366e-03 2.215922342409726298e-01 6.368465615634590904e-01 3.684455220017639476e-01
3.463561159582582150e-01 2.458749238891755340e-01 3.921023740562645798e-01 1.369158973172375227e-01 1.354387528804181784e-01 1.250479589590440810e-01 -1.592581024911510212e-01 4.736183935091275998e-02 -1.938412080799594150e-01 -1.374313083776428357e-01 -2.970651762415172925e-01 -1.444291836059505840e-01 -1.584419913102692590e-01 -7.747544068257639083e-02 -5.159976213346908480e-01 -2.962018479022674455e-01 -5.945657906365227063e-01 -1.300376781804288839e-01 -1.134894463734212877e-01 -2.436791457411118245e-01 6.308215305296016595e-02 -8.452408646874687292e-02 1.541594740002096842e-01 3.639175357769204311e-01 3.280997334686048816e-01 3.622357779411800038e-01 -6.804195652853195497e-02 1.379738411760058625e-01 2.677158382101083589e-01 1.081965170158696310e-01
1.238670318410242999e+00 3.382004614617983407e+00 8.724799569720858017e-01 8.872090558041918484e-01 1.098277824626109123e+00 2.197027135114467455e+00 2.095773906512476970e-02 9.139384649390080995e-01 -5.681573004385995773e-01 3.357514738411282451e-02 -2.219768524979656377e+00 -1.654432116943667097e-01 -1.343120151572918530e+00 -2.138071039254157313e+00 -2.582047009163602524e+00 -8.959296769767206570e-01 -4.717743481945205986e+00 -1.223881253293541249e+00 -1.071007226165562543e+00 -2.392115552694008329e+00 -1.548050169273835763e+00 -2.350152354308079339e-01 6.281059974842264637e-01 7.978272903638412572e-01 3.622357779411800038e-01 2.854039361642946915e+00 -5.096948965847332147e-01 1.002426017864820551e+00 2.591334678477380749e+00 2.729940402456122683e+00
-3.065055919739734236e-01 -1.453085667834784545e+00 1.487932514574481502e+00 -3.928486321447621776e-01 -1.936825614042675170e+00 8.086050685546979366e-01 3.754896506999898520e-01 1.764317381058617684e-01 1.147202890505752748e+00 -1.288002623036845762e-01 7.437805590735706573e-01 -1.225696948174004319e+00 3.254375725899762983e-01 2.514924302954284485e+00 -7.847894614603774244e-01 -1.607116256343488203e-01 2.121227575759121464e+00 -3.161906449024002086e+00 1.863082278274248438e-01 1.788985840673092298e+00 -1.753824954411527415e+00 2.302989650927997900e-01 -8.067703252245905787e-01 -4.627020075417931366e-03 -6.804195652853195497e-02 -5.096948965847332147e-01 2.109708631304613391e+00 -6.062707399223654647e-02 -2.638976382346072569e+00 1.377393358528593126e+00
2.338167790161378434e-01 1.131184209492971604e+00 3.734900426170497667e-01 3.492518342923744967e-01 3.035372725962588447e-01 9.632239294750206682e-01 2.338473916331622604e-01 4.713370981087905420e-01 -3.720019162312837580e-02 1.536781082157858691e-01 -6.594197039451614728e-01 -6.322014754834981431e-02 -5.992300439110067600e-01 -6.558694575547860950e-01 -9.186521842869410648e-01 -4.545952433059596842e-01 -1.660646130933514542e+00 -7.982511149891706737e-01 -5.346060249941615439e-01 -8.133791991639327534e-01 -8.990476376984020135e-01 -7.265639321855132948e-02 6.642189164728051765e-02 2.215922342409726298e-01 1.379738411760058625e-01 1.002426017864820551e+00 -6.062707399223654647e-02 5.525223873270874719e-01 8.144107805413227652e-01 1.218693579592411425e+00
9.207645232871755070e-01 4.138813351582768973e+00 -1.143547416453543519e+00 1.072930167522770262e+00 3.062501499077598055e+00 8.976957669410694507e-01 -2.642447751591703309e-01 5.805085541773564728e-01 -1.483164940062010828e+00 4.109336876221050261e-01 -2.277513735273885231e+00 1.423940187034418159e+00 -1.334134736535020238e+00 -4.436008059494895406e+00 -1.045408897813274507e+00 -4.297151918609074528e-01 -6.010453824893374986e+00 2.236522413068200876e+00 -9.857032807718439926e-01 -3.884900376571977176e+00 5.352624692536664952e-01 -4.729561614970236860e-01 1.085224846360631545e+00 6.368465615634590904e-01 2.677158382101083589e-01 2.591334678477380749e+00 -2.638976382346072569e+00 8.144107805413227652e-01 5.150496657749897622e+00 5.808292893966040538e-01
6.567529242454384075e-02 2.730127116635628681e+00 2.248599120182802835e+00 5.693611027070346609e-01 -6.185790391849650405e-01 3.864326291409383884e+00 5.773964800246744744e-01 1.405629981088281966e+00 7.680553349418346443e-01 1.706362920240849235e-01 -1.745937631675928969e+00 -1.172492107464108813e+00 -1.210366207415120243e+00 -1.279796471038139316e-01 -3.680593558946554822e+00 -8.982590236051350985e-01 -3.340002890560754167e+00 -4.772173566080596174e+00 -8.885296829249682560e-01 -1.238703408522042082e+00 -4.138202094964810840e+00 2.871987709384598020e-01 -3.753241406193978946e-01 3.684455220017639476e-01 1.081965170158696310e-01 2.729940402456122683e+00 1.377393358528593126e+00 1.218693579592411425e+00 5.808292893966040538e-01 5.136640991584897620e+00
