1.987170734827031993e+00 5.558572543471882454e-01 -4.500433134830927884e-01 6.010242768163607252e-01 5.735671621550295640e-01 -5.602900992539616709e-02 -4.034024366720814214e-01 6.065959337593085365e-02 -2.171060951926051530e-01 -3.542017279546598729e-01 -9.186796121344400490e-01 -1.585649203211119129e-01 -1.621250855360472087e-01 -8.095566560181168825e-01 -3.855760839562094588e-01 -3.692953868613813029e-01 -1.411639049392761081e+00 4.089043144945208041e-01 -4.120197283546644940e-01 -3.339422595010432815e-01 2.951378099082830886e-01 -6.312762846332589106e-01 7.696148831677760427e-01 7.307915853722874999e-01 -3.473785981782384624e-03 8.822339459291015373e-01 -1.840470259103312856e-01 -2.523988543236441728e-01 6.318825347809706727e-01 1.653271186853544350e-02
5.558572543471882454e-01 1.266259037769202678e+00 -5.402502940445401691e-01 1.431990356934420561e-01 7.520193106549299955e-01 -1.129362176852737321e-01 -9.328754286940466045e-02 5.729282391909009675e-01 4.104177116648202173e-01 -8.789741862318578569e-02 -9.725119903418999456e-02 -1.762508638515782877e-01 4.599451319361946844e-01 -1.651375211350796235e+00 1.665030170073578120e-01 7.067506118794426584e-01 -2.380240544440709982e+00 1.690876198397290864e-01 3.755359519639114296e-01 -1.399643216275478608e+00 -5.883931718088888374e-01 -3.919919298270713170e-01 6.808259983483821998e-02 3.709637857348866419e-01 -8.262765571008117149e-01 1.090478631427117762e+00 -3.467094534325951827e-01 -8.418371237746100633e-01 1.778745198787078152e+00 6.475665171810760512e-01
-4.500433134830927884e-01 -5.402502940445401691e-01 7.517210087886496694e-01 -1.525061267309411051e-01 -1.638656159987590399e-01 3.679234504204487166e-01 -5.766878975310874011e-02 -9.854643107104266164e-02 -1.352956953906527815e-01 -6.002181016083341092e-02 1.351236298850153617e-01 -2.378165095984741129e-02 -3.193641376274172217e-01 5.434257123463339667e-01 -6.163140279076628758e-01 -4.121885624267065396e-01 6.299778352995986097e-01 -5.852394532054745468e-01 -1.061992423958031395e-01 4.595952709756261356e-01 -2.995793575962579780e-02 3.896760448785414610e-01 -4.006583699606380833e-02 -8.782955321868257670e-02 5.846748033117705745e-01 -2.405896078828391182e-01 2.174931576260519250e-01 5.836412071206495966e-01 -6.848048538720377110e-01 1.412790102785947965e-01
6.010242768163607252e-01 1.431990356934420561e-01 -1.525061267309411051e-01 4.509320218600123553e-01 3.066537796377133418e-01 -1.522647797244189860e-01 -6.117439270576596755e-02 3.751969685367839702e-02 -4.162619702719894121e-02 -1.556846949659984602e-01 -2.566344539930014435e-01 1.345822562382750220e-01 -9.095799929366421566e-02 -3.145467593668627160e-01 -7.461756305673361567e-02 -1.571261526329976732e-01 -5.349946476375748716e-01 6.007196131719183541e-02 -1.768074391189884409e-01 -2.018793663354472301e-01 9.874417714206629171e-02 -2.190210868731696792e-01 1.569816802100376663e-01 2.897487247568051316e-01 -7.050182635475721327e-02 2.944859028971222870e-01 -1.513706832296293214e-01 -1.206872628334849651e-01 3.692134054211351213e-01 -1.076112078658297833e-02
5.735671621550295640e-01 7.520193106549299955e-01 -1.638656159987590399e-01 3.066537796377133418e-01 9.340373837916331468e-01 -4.330198344268865185e-02 -3.273570165885075767e-01 5.800525197889783158e-01 1.134704954469611948e-01 -3.543165328012491955e-01 -1.570268923026105767e-01 2.104812009196166400e-02 2.181624494224365662e-01 -1.516580185930479274e+00 -2.569097176087780099e-01 2.164473106395234936e-01 -2.220548636203432125e+00 2.176928849987120884e-01 2.432941907871111198e-01 -1.233555989885928739e+00 -3.183208107164432477e-01 -1.936647298034017695e-01 3.450953081913326059e-01 3.448636331328884808e-01 -2.665268765555879327e-01 1.110165025088804214e+00 -4.293781102760476642e-01 -4.162611147939401235e-01 1.406341757162351769e+00 5.147011644801295915e-01
-5.602900992539616709e-02 -1.129362176852737321e-01 3.679234504204487166e-01 -1.522647797244189860e-01 -4.330198344268865185e-02 3.779351851609362711e-01 -6.317485281169865630e-02 3.865311464915066608e-02 5.771660269829226309e-02 3.004101811109194387e-02 3.742051254221223644e-03 -2.268265905799466964e-01 -1.230934259089053739e-01 4.357235859879438067e-02 -4.560918609853388261e-01 -1.557772563429580259e-01 -6.016118546938287182e-03 -5.002673251598253046e-01 -5.571044928092305781e-02 2.626360354835242106e-01 -1.825970483023979796e-01 5.742892001529753543e-02 5.392206323654136213e-02 1.096951442784188657e-01 2.600469128091162929e-01 4.143729495780235084e-02 2.322345255388995611e-01 2.585337884136720277e-01 -2.817078638379371114e-01 2.202774344670501705e-01
-4.034024366720814214e-01 -9.328754286940466045e-02 -5.766878975310874011e-02 -6.117439270576596755e-02 -3.273570165885075767e-01 -6.317485281169865630e-02 4.497370687814736812e-01 -1.085268266830894390e-01 1.137067513820966269e-01 3.353311020434830425e-01 2.692420136565942812e-01 3.810751390170707964e-02 -1.904161986493591030e-02 4.891354090177628677e-01 2.836398682102867497e-01 1.812863296340765373e-01 6.524575226028446195e-01 -2.905102302401587622e-01 -7.658380654868324200e-02 1.744950286195603439e-01 -4.897251806124813811e-02 -2.331233241358177111e-02 -4.773134074570180019e-01 -1.368459818769451886e-02 -3.005453389930039521e-01 -4.578879964132624991e-01 1.435379301051966650e-01 -8.229737760865418750e-02 -1.209575600856283017e-01 -1.049810519141942677e-01
6.065959337593085365e-02 5.729282391909009675e-01 -9.854643107104266164e-02 3.751969685367839702e-02 5.800525197889783158e-01 3.865311464915066608e-02 -1.085268266830894390e-01 5.460669863606426588e-01 2.288286393044245415e-01 -1.327397897231890056e-01 1.543330819827133382e-01 -4.070932564445683965e-02 2.986389743481367987e-01 -1.134219152169805511e+00 -1.216077576669363225e-01 3.559809315347592928e-01 -1.603568848336806241e+00 -3.643103560676763664e-02 2.972747197739522562e-01 -9.911963435880579709e-01 -4.060320741003238254e-01 -9.532026075686417244e-02 2.039844945460345116e-02 2.154332333157640278e-01 -3.473984690361930916e-01 7.311634960110495740e-01 -2.410060584451798604e-01 -3.660896369450483689e-01 1.124044467029648331e+00 4.614169501859350930e-01
-2.171060951926051530e-01 4.104177116648202173e-01 -1.352956953906527815e-01 -4.162619702719894121e-02 1.134704954469611948e-01 5.771660269829226309e-02 1.137067513820966269e-01 2.288286393044245415e-01 5.252240747795440257e-01 1.752887181760343083e-01 1.900254662461406951e-01 -1.608750639843492536e-01 2.651861560533461670e-01 -5.904378761799193853e-01 1.478030582850919927e-01 4.168547381974008204e-01 -6.495099403821313899e-01 -4.819223847140392536e-01 2.103704640596788522e-01 -1.670859048934403290e-01 -5.576332935989398720e-01 -1.883044428737434828e-01 -2.171075814823666406e-01 1.306865735507471982e-01 -4.235068555099701371e-01 2.007475737674440097e-01 1.285797698856754323e-01 -3.108609650291214166e-01 4.806495628730544922e-01 3.457161843266476353e-01
-3.542017279546598729e-01 -8.789741862318578569e-02 -6.002181016083341092e-02 -1.556846949659984602e-01 -3.543165328012491955e-01 3.004101811109194387e-02 3.353311020434830425e-01 -1.327397897231890056e-01 1.752887181760343083e-01 5.124255243788411462e-01 1.534740098520046558e-01 -2.617941272260964070e-01 2.182339940759447927e-03 4.354389298012506515e-01 2.636901162063622905e-01 1.815136687697531670e-01 6.583369135524321791e-01 -2.579467877247338947e-01 -9.954049753980598325e-02 4.358241230485191409e-01 -3.513914477929347413e-02 -1.625332149362179734e-01 -2.969718992669641011e-01 4.259036142070726783e-02 -2.104110507295899879e-01 -4.450407515617484933e-01 2.442663937763427384e-01 -4.908337900866399650e-02 -3.661061164568764070e-01 -1.409753676082345919e-01
-9.186796121344400490e-01 -9.725119903418999456e-02 1.351236298850153617e-01 -2.566344539930014435e-01 -1.570268923026105767e-01 3.742051254221223644e-03 2.692420136565942812e-01 1.543330819827133382e-01 1.900254662461406951e-01 1.534740098520046558e-01 7.908948502053476659e-01 2.340085858039628874e-01 2.551778607274286514e-01 1.599891982732515316e-02 7.732045323342617849e-02 2.951890185436809588e-01 2.775216173260446340e-01 -3.845403017352850839e-01 2.804273717013643363e-01 -3.626253071574865317e-01 -2.856089615795553982e-01 3.583185648145104096e-01 -6.803632950350220199e-01 -2.664631371769132784e-01 -3.486166186850709892e-01 -2.535258235047876951e-01 5.517997984219391583e-02 -8.789772409778606743e-02 3.120450296755166164e-01 2.412121066134886860e-01
-1.585649203211119129e-01 -1.762508638515782877e-01 -2.378165095984741129e-02 1.345822562382750220e-01 2.104812009196166400e-02 -2.268265905799466964e-01 3.810751390170707964e-02 -4.070932564445683965e-02 -1.608750639843492536e-01 -2.617941272260964070e-01 2.340085858039628874e-01 6.827880630935396766e-01 -1.432067688824645302e-03 1.003983378437851570e-01 4.685008767853560130e-02 -1.193795681710980716e-01 2.907146331996841582e-01 7.109949004467353006e-02 8.601191906947747157e-02 -2.453821081951446104e-01 2.375317221645900645e-02 3.249149705098659524e-01 -2.285929033559455092e-01 -2.979673255802026688e-01 -7.201954923522180252e-02 -1.377163776756447078e-01 -1.356866034623749329e-01 2.957747143744882123e-02 1.824825111601171557e-01 2.064777849886922922e-02
-1.621250855360472087e-01 4.599451319361946844e-01 -3.193641376274172217e-01 -9.095799929366421566e-02 2.181624494224365662e-01 -1.230934259089053739e-01 -1.904161986493591030e-02 2.986389743481367987e-01 2.651861560533461670e-01 2.182339940759447927e-03 2.551778607274286514e-01 -1.432067688824645302e-03 5.162381154218564916e-01 -8.349317079054685564e-01 2.394973893261749254e-01 4.435319127513821513e-01 -8.059657820082861690e-01 1.501227913600473585e-01 3.224633556681339996e-01 -5.652233897835117205e-01 -2.677239861537259458e-01 -9.919681472149477486e-02 -1.021104569501858350e-01 -5.803333318311842959e-02 -4.704995837378760370e-01 3.414010467855632669e-01 -1.217401915146183455e-01 -4.425943049961915676e-01 7.349046682476227943e-01 2.365825531639416113e-01
-8.095566560181168825e-01 -1.651375211350796235e+00 5.434257123463339667e-01 -3.145467593668627160e-01 -1.516580185930479274e+00 4.357235859879438067e-02 4.891354090177628677e-01 -1.134219152169805511e+00 -5.904378761799193853e-01 4.354389298012506515e-01 1.599891982732515316e-02 1.003983378437851570e-01 -8.349317079054685564e-01 3.388810274849049620e+00 2.634701708548732313e-01 -6.456055598463308343e-01 4.021815082433079169e+00 -1.661369127447187566e-01 -6.081089162223918265e-01 1.915649201180997352e+00 8.537656632690868719e-01 5.069098553783533134e-01 -4.940455571269239954e-01 -5.098839071027327918e-01 8.111164792308613869e-01 -1.951274163053028587e+00 5.507516352935226678e-01 9.701512260566573786e-01 -2.594780427022726599e+00 -1.088926395386749846e+00
-3.855760839562094588e-01 1.665030170073578120e-01 -6.163140279076628758e-01 -7.461756305673361567e-02 -2.569097176087780099e-01 -4.560918609853388261e-01 2.836398682102867497e-01 -1.216077576669363225e-01 1.478030582850919927e-01 2.636901162063622905e-01 7.732045323342617849e-02 4.685008767853560130e-02 2.394973893261749254e-01 2.634701708548732313e-01 1.112897535238346336e+00 5.569966320753110267e-01 3.921745203664954715e-01 5.812426282199112393e-01 2.009204116332341528e-01 3.585222467006587976e-02 2.185054608452219327e-02 -2.102989544622460016e-01 -1.798179108848785290e-01 -2.687618270059033421e-01 -4.625858176396491217e-01 -3.847083919137617158e-01 -1.412478749884371609e-01 -4.116665307080324965e-01 7.723262176284606539e-03 -4.282292499071900238e-01
-3.692953868613813029e-01 7.067506118794426584e-01 -4.121885624267065396e-01 -1.571261526329976732e-01 2.164473106395234936e-01 -1.557772563429580259e-01 1.812863296340765373e-01 3.559809315347592928e-01 4.168547381974008204e-01 1.815136687697531670e-01 2.951890185436809588e-01 -1.193795681710980716e-01 4.435319127513821513e-01 -6.456055598463308343e-01 5.569966320753110267e-01 9.231218103204810177e-01 -1.053881970395877943e+00 1.059623533981834953e-01 4.839379058336703565e-01 -9.075061958520791450e-01 -5.163741703815389883e-01 -1.866678875908291957e-01 -3.290857264361193302e-01 -1.410092400726625783e-02 -8.063298742230813332e-01 3.250659456556377336e-01 -1.619448087212731480e-01 -6.939739799527728792e-01 1.036646490472890036e+00 2.999535051575890066e-01
-1.411639049392761081e+00 -2.380240544440709982e+00 6.299778352995986097e-01 -5.349946476375748716e-01 -2.220548636203432125e+00 -6.016118546938287182e-03 6.524575226028446195e-01 -1.603568848336806241e+00 -6.495099403821313899e-01 6.583369135524321791e-01 2.775216173260446340e-01 2.907146331996841582e-01 -8.059657820082861690e-01 4.021815082433079169e+00 3.921745203664954715e-01 -1.053881970395877943e+00 6.091968609154491787e+00 -2.529180470789356150e-01 -7.636687654075160481e-01 3.311263890211819216e+00 1.249908901358821822e+00 7.198810873287868617e-01 -6.378634335162018942e-01 -1.042390964925857588e+00 1.130191570347335528e+00 -2.910006594736330499e+00 9.177778632540025683e-01 1.409283021161172655e+00 -3.950341855805731939e+00 -1.529717450378427657e+00
4.089043144945208041e-01 1.690876198397290864e-01 -5.852394532054745468e-01 6.007196131719183541e-02 2.176928849987120884e-01 -5.002673251598253046e-01 -2.905102302401587622e-01 -3.643103560676763664e-02 -4.819223847140392536e-01 -2.579467877247338947e-01 -3.845403017352850839e-01 7.109949004467353006e-02 1.501227913600473585e-01 -1.661369127447187566e-01 5.812426282199112393e-01 1.059623533981834953e-01 -2.529180470789356150e-01 1.718422559240764258e+00 1.022474046410479787e-01 -5.510503317376560517e-01 6.672248989055447055e-01 -1.091157211391191595e-01 5.706070804652654260e-01 -3.464360783283950695e-01 4.945694134914901952e-02 2.429779568155936431e-01 -5.719657121301224834e-01 -2.191939121333916773e-01 1.907144155347282322e-01 -5.521593940865727745e-01
-4.120197283546644940e-01 3.755359519639114296e-01 -1.061992423958031395e-01 -1.768074391189884409e-01 2.432941907871111198e-01 -5.571044928092305781e-02 -7.658380654868324200e-02 2.972747197739522562e-01 2.103704640596788522e-01 -9.954049753980598325e-02 2.804273717013643363e-01 8.601191906947747157e-02 3.224633556681339996e-01 -6.081089162223918265e-01 2.009204116332341528e-01 4.839379058336703565e-01 -7.636687654075160481e-01 1.022474046410479787e-01 5.350016726028741232e-01 -6.313195924586807450e-01 -3.932915802895706747e-01 1.135556750904527235e-01 -1.190943792453822425e-01 -2.108213976931097022e-01 -3.524720354232044883e-01 2.840751103255740873e-01 -1.340787834673733414e-01 -3.375357760591271017e-01 6.415864070770282979e-01 3.005508450743263893e-01
-3.339422595010432815e-01 -1.399643216275478608e+00 4.595952709756261356e-01 -2.018793663354472301e-01 -1.233555989885928739e+00 2.626360354835242106e-01 1.744950286195603439e-01 -9.911963435880579709e-01 -1.670859048934403290e-01 4.358241230485191409e-01 -3.626253071574865317e-01 -2.453821081951446104e-01 -5.652233897835117205e-01 1.915649201180997352e+00 3.585222467006587976e-02 -9.075061958520791450e-01 3.311263890211819216e+00 -5.510503317376560517e-01 -6.313195924586807450e-01 3.133799594880429140e+00 5.809460025318458065e-01 -7.784601511494315673e-02 2.861058652106294176e-01 -3.114783883039535795e-01 1.064340995805935108e+00 -1.614925572455547353e+00 9.038417654502381993e-01 1.043058072103121958e+00 -3.044871761904630603e+00 -9.678713481880549807e-01
2.951378099082830886e-01 -5.883931718088888374e-01 -2.995793575962579780e-02 9.874417714206629171e-02 -3.183208107164432477e-01 -1.825970483023979796e-01 -4.897251806124813811e-02 -4.060320741003238254e-01 -5.576332935989398720e-01 -3.513914477929347413e-02 -2.856089615795553982e-01 2.375317221645900645e-02 -2.677239861537259458e-01 8.537656632690868719e-01 2.185054608452219327e-02 -5.163741703815389883e-01 1.249908901358821822e+00 6.672248989055447055e-01 -3.932915802895706747e-01 5.809460025318458065e-01 9.911353357474013137e-01 6.059545350831285759e-02 1.961829656803502075e-01 -6.497840293747003670e-02 4.715815538989431843e-01 -4.873180346810954688e-01 -1.319444221641674631e-01 3.354428261220050445e-01 -7.951315353238328498e-01 -7.368540342627625250e-01
-6.312762846332589106e-01 -3.919919298270713170e-01 3.896760448785414610e-01 -2.190210868731696792e-01 -1.936647298034017695e-01 5.742892001529753543e-02 -2.331233241358177111e-02 -9.532026075686417244e-02 -1.883044428737434828e-01 -1.625332149362179734e-01 3.583185648145104096e-01 3.249149705098659524e-01 -9.919681472149477486e-02 5.069098553783533134e-01 -2.102989544622460016e-01 -1.866678875908291957e-01 7.198810873287868617e-01 -1.091157211391191595e-01 1.135556750904527235e-01 -7.784601511494315673e-02 6.059545350831285759e-02 6.569782131743124864e-01 -2.983329227683100271e-01 -4.055737110862764894e-01 2.400768187049777680e-01 -2.912518131239494323e-01 -1.358841749924977194e-02 3.113962842237469886e-01 -2.367022601239909818e-01 9.426528386308064000e-02
7.696148831677760427e-01 6.808259983483821998e-02 -4.006583699606380833e-02 1.569816802100376663e-01 3.450953081913326059e-01 5.392206323654136213e-02 -4.773134074570180019e-01 2.039844945460345116e-02 -2.171075814823666406e-01 -2.969718992669641011e-01 -6.803632950350220199e-01 -2.285929033559455092e-01 -1.021104569501858350e-01 -4.940455571269239954e-01 -1.798179108848785290e-01 -3.290857264361193302e-01 -6.378634335162018942e-01 5.706070804652654260e-01 -1.190943792453822425e-01 2.861058652106294176e-01 1.961829656803502075e-01 -2.983329227683100271e-01 9.776764403561060135e-01 9.279644714757750990e-02 5.208454591540885303e-01 4.420876594023752659e-01 -5.714216129149463086e-02 1.754678356089129920e-01 -3.271742784337448029e-01 -1.907818025637197934e-01
7.307915853722874999e-01 3.709637857348866419e-01 -8.782955321868257670e-02 2.897487247568051316e-01 3.448636331328884808e-01 1.096951442784188657e-01 -1.368459818769451886e-02 2.154332333157640278e-01 1.306865735507471982e-01 4.259036142070726783e-02 -2.664631371769132784e-01 -2.979673255802026688e-01 -5.803333318311842959e-02 -5.098839071027327918e-01 -2.687618270059033421e-01 -1.410092400726625783e-02 -1.042390964925857588e+00 -3.464360783283950695e-01 -2.108213976931097022e-01 -3.114783883039535795e-01 -6.497840293747003670e-02 -4.055737110862764894e-01 9.279644714757750990e-02 7.874644005239588296e-01 -1.377185626915320427e-01 4.708879984856366718e-01 -7.314976750586765775e-02 -2.231988021426332125e-01 6.352693273548766228e-01 1.112773601793719536e-01
-3.473785981782384624e-03 -8.262765571008117149e-01 5.846748033117705745e-01 -7.050182635475721327e-02 -2.665268765555879327e-01 2.600469128091162929e-01 -3.005453389930039521e-01 -3.473984690361930916e-01 -4.235068555099701371e-01 -2.104110507295899879e-01 -3.486166186850709892e-01 -7.201954923522180252e-02 -4.704995837378760370e-01 8.111164792308613869e-01 -4.625858176396491217e-01 -8.063298742230813332e-01 1.130191570347335528e+00 4.945694134914901952e-02 -3.524720354232044883e-01 1.064340995805935108e+00 4.715815538989431843e-01 2.400768187049777680e-01 5.208454591540885303e-01 -1.377185626915320427e-01 1.123406286793795061e+00 -3.639408227531930606e-01 1.214587633081691820e-01 8.507505833497930325e-01 -1.373735998807944725e+00 -3.913878381699191777e-01
8.822339459291015373e-01 1.090478631427117762e+00 -2.405896078828391182e-01 2.944859028971222870e-01 1.110165025088804214e+00 4.143729495780235084e-02 -4.578879964132624991e-01 7.311634960110495740e-01 2.007475737674440097e-01 -4.450407515617484933e-01 -2.535258235047876951e-01 -1.377163776756447078e-01 3.414010467855632669e-01 -1.951274163053028587e+00 -3.847083919137617158e-01 3.250659456556377336e-01 -2.910006594736330499e+00 2.429779568155936431e-01 2.840751103255740873e-01 -1.614925572455547353e+00 -4.873180346810954688e-01 -2.912518131239494323e-01 4.420876594023752659e-01 4.708879984856366718e-01 -3.639408227531930606e-01 1.554765201291786525e+00 -4.856444054078679073e-01 -5.691402444789446236e-01 1.801072988512771644e+00 7.799255275810423882e-01
-1.840470259103312856e-01 -3.467094534325951827e-01 2.174931576260519250e-01 -1.513706832296293214e-01 -4.293781102760476642e-01 2.322345255388995611e-01 1.435379301051966650e-01 -2.410060584451798604e-01 1.285797698856754323e-01 2.442663937763427384e-01 5.517997984219391583e-02 -1.356866034623749329e-01 -1.217401915146183455e-01 5.507516352935226678e-01 -1.412478749884371609e-01 -1.619448087212731480e-01 9.177778632540025683e-01 -5.719657121301224834e-01 -1.340787834673733414e-01 9.038417654502381993e-01 -1.319444221641674631e-01 -1.358841749924977194e-02 -5.714216129149463086e-02 -7.314976750586765775e-02 1.214587633081691820e-01 -4.856444054078679073e-01 5.783817409356402095e-01 2.575089838463213709e-01 -8.676702546427463858e-01 -1.026947371354367533e-01
-2.523988543236441728e-01 -8.418371237746100633e-01 5.836412071206495966e-01 -1.206872628334849651e-01 -4.162611147939401235e-01 2.585337884136720277e-01 -8.229737760865418750e-02 -3.660896369450483689e-01 -3.108609650291214166e-01 -4.908337900866399650e-02 -8.789772409778606743e-02 2.957747143744882123e-02 -4.425943049961915676e-01 9.701512260566573786e-01 -4.116665307080324965e-01 -6.939739799527728792e-01 1.409283021161172655e+00 -2.191939121333916773e-01 -3.375357760591271017e-01 1.043058072103121958e+00 3.354428261220050445e-01 3.113962842237469886e-01 1.754678356089129920e-01 -2.231988021426332125e-01 8.507505833497930325e-01 -5.691402444789446236e-01 2.575089838463213709e-01 8.164240327530478680e-01 -1.316732616227852759e+00 -2.997835367139600748e-01
6.318825347809706727e-01 1.778745198787078152e+00 -6.848048538720377110e-01 3.692134054211351213e-01 1.406341757162351769e+00 -2.817078638379371114e-01 -1.209575600856283017e-01 1.124044467029648331e+00 4.806495628730544922e-01 -3.661061164568764070e-01 3.120450296755166164e-01 1.824825111601171557e-01 7.349046682476227943e-01 -2.594780427022726599e+00 7.723262176284606539e-03 1.036646490472890036e+00 -3.950341855805731939e+00 1.907144155347282322e-01 6.415864070770282979e-01 -3.044871761904630603e+00 -7.951315353238328498e-01 -2.367022601239909818e-01 -3.271742784337448029e-01 6.352693273548766228e-01 -1.373735998807944725e+00 1.801072988512771644e+00 -8.676702546427463858e-01 -1.316732616227852759e+00 3.494920469005478481e+00 1.132475287524982832e+00
1.653271186853544350e-02 6.475665171810760512e-01 1.412790102785947965e-01 -1.076112078658297833e-02 5.147011644801295915e-01 2.202774344670501705e-01 -1.049810519141942677e-01 4.614169501859350930e-01 3.457161843266476353e-01 -1.409753676082345919e-01 2.412121066134886860e-01 2.064777849886922922e-02 2.365825531639416113e-01 -1.088926395386749846e+00 -4.282292499071900238e-01 2.999535051575890066e-01 -1.529717450378427657e+00 -5.521593940865727745e-01 3.005508450743263893e-01 -9.678713481880549807e-01 -7.368540342627625250e-01 9.426528386308064000e-02 -1.907818025637197934e-01 1.112773601793719536e-01 -3.913878381699191777e-01 7.799255275810423882e-01 -1.026947371354367533e-01 -2.997835367139600748e-01 1.132475287524982832e+00 9.807390902498696050e-01
