5.350380075991552076e-01 3.575902575713030274e-01 -4.622524963709224721e-01 1.662187016237339776e-01 1.442502342139277971e-01 -1.368112239235301786e-01 -1.016368631815112167e-02 5.769801197430979300e-02 1.418762391360814945e-01 1.235370630550391979e-01 -2.327333781013862790e-01 -1.386141287864006699e-01 9.356527581667251070e-02 -4.425145891002557619e-01 2.910577150392441581e-01 1.595729902915081766e-01 -5.008295653298660000e-01 2.568978529689047718e-01 -4.419290390330843366e-02 -7.504950115969677427e-02 -5.737649459723570544e-02 -4.062198256722808765e-01 2.043153901389018756e-01 1.479604123173885455e-01 -3.216596533584379358e-01 2.362627327345876438e-01 2.362605328698919038e-03 -2.956999523563581533e-01 2.510085528957688439e-01 -4.510012791070039384e-02
3.575902575713030274e-01 1.395811501002697241e+00 -7.916242671787472318e-01 8.165236448240875688e-02 6.256132524489999014e-01 -2.033512719072518848e-01 4.424526761039260236e-02 5.723968962054186704e-01 6.540836310269924070e-01 1.123883167078929546e-01 -1.256000280859552731e-01 -3.815522684479333293e-01 5.937185258575254920e-01 -1.508485284570951990e+00 6.346862547742944116e-01 1.095266032215647556e+00 -2.368096967390158625e+00 2.281785508075131474e-01 4.610189617057756095e-01 -1.332179648846420150e+00 -7.252215700351598571e-01 -6.150934827983860487e-01 -2.477825660605503799e-03 3.973912807190345120e-01 -1.063593577799679224e+00 9.793736637471397444e-01 -2.847420617107445651e-01 -1.067197555827931410e+00 1.763649179528272271e+00 4.721512125749995903e-01
-4.622524963709224721e-01 -7.916242671787472318e-01 9.047519686097871272e-01 -1.504974567671979457e-01 -2.519763202530498347e-01 4.225722645938390087e-01 -1.271718627871791796e-01 -1.971953967708941491e-01 -2.251951022087723686e-01 -1.805761772022833611e-01 1.683598049226588955e-01 6.523684011625618950e-02 -3.676138879783934499e-01 6.145636849306015392e-01 -7.947497742513860430e-01 -7.153380611984516690e-01 1.015116673967668248e+00 -6.813920208797412670e-01 -1.893876515353838386e-01 8.138955691107412349e-01 1.214880199825074669e-01 5.118526676546366616e-01 1.755128042469777938e-02 -1.508446854520002489e-01 8.582619775984596799e-01 -3.769250464471269879e-01 2.756672147037875220e-01 8.227241988662399308e-01 -1.011767333999898710e+00 6.246194968974805306e-02
1.662187016237339776e-01 8.165236448240875688e-02 -1.504974567671979457e-01 3.939520006912289318e-01 1.307298903672631241e-01 -2.145786518481713756e-01 1.756479143344904514e-01 -3.879235595513819135e-02 5.282337357323285687e-02 6.412635628907992213e-02 -9.016777593728875217e-02 1.706474325194449193e-01 -1.004712630045219157e-01 -5.407889131600995825e-02 2.022059136443772331e-01 -1.073443242432858824e-03 -1.157684174642099606e-01 -8.982525795511264732e-02 -1.194557265727667072e-01 -1.446118366135351607e-02 -4.309965458389797277e-03 -1.920199655266969785e-01 -8.148181374804153165e-02 1.569697633942723769e-01 -2.225142409174623026e-01 -4.870139176489374222e-03 -7.599413657919740217e-02 -1.644179052526055784e-01 1.872343650694006101e-01 -4.744135246380665194e-02
1.442502342139277971e-01 6.256132524489999014e-01 -2.519763202530498347e-01 1.307298903672631241e-01 5.452695785505738968e-01 -1.190756714026974805e-01 -1.711797596486803741e-01 3.541740364849488287e-01 2.268855424226217110e-01 -1.415515873795811785e-01 -2.176001957524817954e-01 -1.996241370962366091e-01 2.312753464408388027e-01 -9.368802120912960163e-01 2.829992358041408806e-01 4.284249014666556832e-01 -1.485952496143568169e+00 3.386824278971971580e-01 2.903213515220670615e-01 -6.775264992003258158e-01 -3.103991670039363271e-01 -2.798751679113706814e-01 3.350488055229448037e-01 1.376337180310542863e-01 -2.306032428606954454e-01 6.730581761130451923e-01 -2.915778487310944911e-01 -4.017906420698409420e-01 7.847945253367925034e-01 1.864523122159766899e-01
-1.368112239235301786e-01 -2.033512719072518848e-01 4.225722645938390087e-01 -2.145786518481713756e-01 -1.190756714026974805e-01 4.117570106305947775e-01 -1.102144913963343242e-01 2.279809889330408623e-03 8.209096284872430260e-02 -2.000889842065589619e-02 7.884159063229390085e-02 -2.019257376808241133e-01 -8.456927240212053221e-02 -8.174706100419371069e-03 -5.167771938449732261e-01 -2.509640255993303981e-01 1.974953509114243388e-01 -5.600771777864110845e-01 -5.012695989944404573e-02 4.660362783532150388e-01 -1.629307339079559824e-01 1.362685263216008025e-01 5.959960255137275453e-02 3.284402259839680482e-02 3.634981965000179116e-01 -3.341274786913572825e-02 2.901982859026475126e-01 3.675091270070538485e-01 -4.402369639406060742e-01 2.022465980440983913e-01
-1.016368631815112167e-02 4.424526761039260236e-02 -1.271718627871791796e-01 1.756479143344904514e-01 -1.711797596486803741e-01 -1.102144913963343242e-01 4.815397450058753748e-01 -5.788278494105725258e-02 1.286719721196050159e-01 2.947905894229165824e-01 2.260572306385029151e-01 1.684648757479294545e-01 -5.488878058014279304e-02 2.997956796107246191e-01 1.084311367084183075e-01 1.155859730527026841e-01 3.150965135238834591e-01 -5.138130732422041547e-01 -1.970137545725378914e-01 -7.625257478929370336e-02 -4.113067772095746477e-02 -1.014144229878297665e-01 -5.990430144958054370e-01 2.872088438561490875e-01 -4.793892145164022622e-01 -2.922250941377910749e-01 8.438880796649073091e-02 -2.246961459788963111e-01 3.113882529258944487e-01 1.516441962724002224e-02
5.769801197430979300e-02 5.723968962054186704e-01 -1.971953967708941491e-01 -3.879235595513819135e-02 3.541740364849488287e-01 2.279809889330408623e-03 -5.788278494105725258e-02 3.789362151805448775e-01 2.553813715875321577e-01 -3.814021794124755615e-02 -4.437089588611797808e-02 -2.556510689369702050e-01 2.663213004795466077e-01 -7.692350266127618852e-01 1.609894085151495347e-01 4.500036255107602301e-01 -1.253310838745164801e+00 1.006534329417263507e-01 2.362924162803210493e-01 -6.745297971709192097e-01 -3.174529090824194100e-01 -2.124873930848707460e-01 1.029837999870437670e-01 2.147812076505033474e-01 -2.931373951973910152e-01 5.393357896808197438e-01 -1.895566867852949144e-01 -3.698778745463755513e-01 7.936232531172322524e-01 2.257718603844978134e-01
1.418762391360814945e-01 6.540836310269924070e-01 -2.251951022087723686e-01 5.282337357323285687e-02 2.268855424226217110e-01 8.209096284872430260e-02 1.286719721196050159e-01 2.553813715875321577e-01 5.898652440421869869e-01 1.943236139471764545e-01 3.982855744425251032e-03 -2.323702181257658594e-01 2.205105747527227322e-01 -8.042100507511804608e-01 8.260672469504015680e-02 4.612660844717311193e-01 -1.037537436628099385e+00 -5.784143195031106188e-01 1.328402866116675796e-01 -2.295203914569015069e-01 -6.464266553438733354e-01 -3.626697973866157554e-01 -1.451433551929994792e-01 3.340842213143560002e-01 -5.472153948112463695e-01 3.815371611410114383e-01 1.566157325539165868e-01 -4.224229952499740648e-01 6.945418305410839821e-01 4.371445540709260058e-01
1.235370630550391979e-01 1.123883167078929546e-01 -1.805761772022833611e-01 6.412635628907992213e-02 -1.415515873795811785e-01 -2.000889842065589619e-02 2.947905894229165824e-01 -3.814021794124755615e-02 1.943236139471764545e-01 4.025977895473147328e-01 9.768081901455616389e-02 -1.454363512073086895e-01 1.767753651103021184e-02 7.851540211095198174e-02 8.048261575243031984e-02 1.160024632790168653e-01 1.632401275313668521e-01 -3.633792613967443685e-01 -1.947075772260404847e-01 8.533890102313534953e-02 -2.829576310415404805e-02 -2.471236779731498245e-01 -3.507488578771926768e-01 3.134067621091389810e-01 -3.786211096698934853e-01 -1.632933808404573028e-01 1.284699586461215404e-01 -1.982820797676936309e-01 1.565732085729223400e-01 2.101284876175668614e-02
-2.327333781013862790e-01 -1.256000280859552731e-01 1.683598049226588955e-01 -9.016777593728875217e-02 -2.176001957524817954e-01 7.884159063229390085e-02 2.260572306385029151e-01 -4.437089588611797808e-02 3.982855744425251032e-03 9.768081901455616389e-02 3.528832340714416205e-01 9.058643016624046140e-02 -2.240861375304348257e-02 4.123934215267013315e-01 -1.683428112116303055e-01 1.801817752374290649e-02 3.810525864845999422e-01 -4.392145545191397105e-01 -7.218654502213439628e-02 -1.593446594079068745e-01 -1.762971146905556452e-02 2.215796563280036935e-01 -5.150613653042341866e-01 8.056084694186438355e-02 -1.622000106152086119e-01 -2.344047113858209741e-01 8.980381837864115369e-02 1.636054633655703583e-02 1.500541148179763695e-01 1.130511925377390980e-01
-1.386141287864006699e-01 -3.815522684479333293e-01 6.523684011625618950e-02 1.706474325194449193e-01 -1.996241370962366091e-01 -2.019257376808241133e-01 1.684648757479294545e-01 -2.556510689369702050e-01 -2.323702181257658594e-01 -1.454363512073086895e-01 9.058643016624046140e-02 6.438669625031820942e-01 -2.248264111777302787e-01 6.710054360413550967e-01 1.029201898973042262e-01 -2.364581029255532485e-01 8.423131897209259478e-01 -8.709793936799314906e-02 -7.787649939166385593e-02 2.101523204669319966e-01 1.085491964641960294e-01 2.813905313375357764e-01 -2.387670158917103436e-01 -2.582686863391359111e-01 4.319553219005456413e-02 -4.457879545964260615e-01 2.519467173323164388e-02 1.595159357840429948e-01 -2.926742055673230425e-01 -1.661017395623503035e-01
9.356527581667251070e-02 5.937185258575254920e-01 -3.676138879783934499e-01 -1.004712630045219157e-01 2.312753464408388027e-01 -8.456927240212053221e-02 -5.488878058014279304e-02 2.663213004795466077e-01 2.205105747527227322e-01 1.767753651103021184e-02 -2.240861375304348257e-02 -2.248264111777302787e-01 3.939726451363299020e-01 -6.499636620766864326e-01 2.757162808555335687e-01 5.425432080624545961e-01 -1.002678872113733632e+00 3.443795730113379250e-01 2.505440830464635837e-01 -6.762421722515341571e-01 -2.382563716373624629e-01 -2.359305236732325284e-01 5.572887088283096091e-02 5.603750139943031172e-02 -4.343651774605064020e-01 4.627577583275979123e-01 -1.556743679406622505e-01 -4.726482405155252309e-01 7.414893525533443608e-01 1.742965361557367032e-01
-4.425145891002557619e-01 -1.508485284570951990e+00 6.145636849306015392e-01 -5.407889131600995825e-02 -9.368802120912960163e-01 -8.174706100419371069e-03 2.997956796107246191e-01 -7.692350266127618852e-01 -8.042100507511804608e-01 7.851540211095198174e-02 4.123934215267013315e-01 6.710054360413550967e-01 -6.499636620766864326e-01 2.274885534388715769e+00 -4.161085799146917452e-01 -9.891261542148868102e-01 3.090480013584453900e+00 -2.511073075107788100e-01 -5.377952967638748305e-01 1.026105364687452948e+00 9.483571137939748041e-01 7.938819478051186707e-01 -6.355585778820227461e-01 -3.993569581749056852e-01 6.318859797610230089e-01 -1.414500140804648254e+00 2.545790963350214042e-01 8.694017548540955431e-01 -1.539204494220257402e+00 -6.095502523759250835e-01
2.910577150392441581e-01 6.346862547742944116e-01 -7.947497742513860430e-01 2.022059136443772331e-01 2.829992358041408806e-01 -5.167771938449732261e-01 1.084311367084183075e-01 1.609894085151495347e-01 8.260672469504015680e-02 8.048261575243031984e-02 -1.683428112116303055e-01 1.029201898973042262e-01 2.757162808555335687e-01 -4.161085799146917452e-01 9.247851633488721745e-01 6.552763640643206600e-01 -9.159513532005689740e-01 7.649274132054983966e-01 2.343262556624665649e-01 -7.919628766548498788e-01 -6.364477687867520217e-02 -4.130083482247073334e-01 2.381972340435822844e-02 7.670727963738954713e-02 -6.962520277724024709e-01 2.761121018717176412e-01 -4.202306077330035805e-01 -7.382374874474635362e-01 9.137583185703306299e-01 -1.565460681602530713e-01
1.595729902915081766e-01 1.095266032215647556e+00 -7.153380611984516690e-01 -1.073443242432858824e-03 4.284249014666556832e-01 -2.509640255993303981e-01 1.155859730527026841e-01 4.500036255107602301e-01 4.612660844717311193e-01 1.160024632790168653e-01 1.801817752374290649e-02 -2.364581029255532485e-01 5.425432080624545961e-01 -9.891261542148868102e-01 6.552763640643206600e-01 1.111940966058256208e+00 -1.768256459390897817e+00 3.286455499115561452e-01 4.719050274134701795e-01 -1.258575737556100194e+00 -5.028850399260704762e-01 -4.633464207446706951e-01 -1.825524940331888502e-01 2.472493830122175495e-01 -1.043402177450758472e+00 6.772246946308655424e-01 -2.955701103883825454e-01 -1.009730651003508228e+00 1.529574915454816164e+00 3.087813650799944298e-01
-5.008295653298660000e-01 -2.368096967390158625e+00 1.015116673967668248e+00 -1.157684174642099606e-01 -1.485952496143568169e+00 1.974953509114243388e-01 3.150965135238834591e-01 -1.253310838745164801e+00 -1.037537436628099385e+00 1.632401275313668521e-01 3.810525864845999422e-01 8.423131897209259478e-01 -1.002678872113733632e+00 3.090480013584453900e+00 -9.159513532005689740e-01 -1.768256459390897817e+00 4.946930464949275574e+00 -5.936543946191363830e-01 -9.568602401519115119e-01 2.401521393391192305e+00 1.340363669259261314e+00 1.000285936242164553e+00 -5.788147611626186517e-01 -6.703668519867846953e-01 1.281002066417102014e+00 -2.134765793285794189e+00 7.002014836645571449e-01 1.584771947611045562e+00 -2.999044835092945505e+00 -8.779777899540022190e-01
2.568978529689047718e-01 2.281785508075131474e-01 -6.813920208797412670e-01 -8.982525795511264732e-02 3.386824278971971580e-01 -5.600771777864110845e-01 -5.138130732422041547e-01 1.006534329417263507e-01 -5.784143195031106188e-01 -3.633792613967443685e-01 -4.392145545191397105e-01 -8.709793936799314906e-02 3.443795730113379250e-01 -2.511073075107788100e-01 7.649274132054983966e-01 3.286455499115561452e-01 -5.936543946191363830e-01 2.385049242295394833e+00 3.571993032098248477e-01 -9.619996803307344635e-01 7.205640456592732335e-01 -1.039114515681376361e-01 8.428924237502997130e-01 -5.971256095829744481e-01 1.179264432701074838e-01 4.742957071278510739e-01 -7.577173209449483693e-01 -3.341218747642642484e-01 2.612766031624573770e-01 -6.087168953606010291e-01
-4.419290390330843366e-02 4.610189617057756095e-01 -1.893876515353838386e-01 -1.194557265727667072e-01 2.903213515220670615e-01 -5.012695989944404573e-02 -1.970137545725378914e-01 2.362924162803210493e-01 1.328402866116675796e-01 -1.947075772260404847e-01 -7.218654502213439628e-02 -7.787649939166385593e-02 2.505440830464635837e-01 -5.377952967638748305e-01 2.343262556624665649e-01 4.719050274134701795e-01 -9.568602401519115119e-01 3.571993032098248477e-01 4.682924912132762074e-01 -5.606690906415110476e-01 -3.005358168694272081e-01 -5.151605410995330203e-02 1.849666803476850419e-01 -1.205290422105349535e-01 -2.347364742808792926e-01 4.184127347118078433e-01 -1.567411613624472011e-01 -3.491196112602779067e-01 5.365005909395108574e-01 1.708308376680633955e-01
-7.504950115969677427e-02 -1.332179648846420150e+00 8.138955691107412349e-01 -1.446118366135351607e-02 -6.775264992003258158e-01 4.660362783532150388e-01 -7.625257478929370336e-02 -6.745297971709192097e-01 -2.295203914569015069e-01 8.533890102313534953e-02 -1.593446594079068745e-01 2.101523204669319966e-01 -6.762421722515341571e-01 1.026105364687452948e+00 -7.919628766548498788e-01 -1.258575737556100194e+00 2.401521393391192305e+00 -9.619996803307344635e-01 -5.606690906415110476e-01 2.587120649808412054e+00 2.585965789198780840e-01 1.864825617465726282e-01 3.180566305094885138e-01 -2.717079997980249573e-01 1.169347040742536592e+00 -1.044648125084961521e+00 8.096639764141286832e-01 1.220084584930987148e+00 -2.444572703487722265e+00 -3.031504826094533200e-01
-5.737649459723570544e-02 -7.252215700351598571e-01 1.214880199825074669e-01 -4.309965458389797277e-03 -3.103991670039363271e-01 -1.629307339079559824e-01 -4.113067772095746477e-02 -3.174529090824194100e-01 -6.464266553438733354e-01 -2.829576310415404805e-02 -1.762971146905556452e-02 1.085491964641960294e-01 -2.382563716373624629e-01 9.483571137939748041e-01 -6.364477687867520217e-02 -5.028850399260704762e-01 1.340363669259261314e+00 7.205640456592732335e-01 -3.005358168694272081e-01 2.585965789198780840e-01 9.933664937866524269e-01 2.868585860230439266e-01 3.131356504019322529e-02 -2.056408863674619170e-01 4.985668807705678773e-01 -5.073822423148612870e-01 -2.355734463869794126e-01 3.873659223586969347e-01 -7.005444124355904023e-01 -6.297521660305278601e-01
-4.062198256722808765e-01 -6.150934827983860487e-01 5.118526676546366616e-01 -1.920199655266969785e-01 -2.798751679113706814e-01 1.362685263216008025e-01 -1.014144229878297665e-01 -2.124873930848707460e-01 -3.626697973866157554e-01 -2.471236779731498245e-01 2.215796563280036935e-01 2.813905313375357764e-01 -2.359305236732325284e-01 7.938819478051186707e-01 -4.130083482247073334e-01 -4.633464207446706951e-01 1.000285936242164553e+00 -1.039114515681376361e-01 -5.151605410995330203e-02 1.864825617465726282e-01 2.868585860230439266e-01 6.829474724215174319e-01 -1.509620987148139193e-01 -3.270914086934908482e-01 5.050455710051551250e-01 -3.858827759625000908e-01 7.067240522741258246e-02 5.095767652935876413e-01 -5.579304723223117435e-01 -8.036264788495373068e-02
2.043153901389018756e-01 -2.477825660605503799e-03 1.755128042469777938e-02 -8.148181374804153165e-02 3.350488055229448037e-01 5.959960255137275453e-02 -5.990430144958054370e-01 1.029837999870437670e-01 -1.451433551929994792e-01 -3.507488578771926768e-01 -5.150613653042341866e-01 -2.387670158917103436e-01 5.572887088283096091e-02 -6.355585778820227461e-01 2.381972340435822844e-02 -1.825524940331888502e-01 -5.788147611626186517e-01 8.428924237502997130e-01 1.849666803476850419e-01 3.180566305094885138e-01 3.131356504019322529e-02 -1.509620987148139193e-01 1.100251774086075329e+00 -3.500406057735290233e-01 6.548958446733195160e-01 4.343314085811584846e-01 -8.338565475651193992e-02 2.648813899422748364e-01 -5.587608129533236934e-01 -1.578408526255543620e-01
1.479604123173885455e-01 3.973912807190345120e-01 -1.508446854520002489e-01 1.569697633942723769e-01 1.376337180310542863e-01 3.284402259839680482e-02 2.872088438561490875e-01 2.147812076505033474e-01 3.340842213143560002e-01 3.134067621091389810e-01 8.056084694186438355e-02 -2.582686863391359111e-01 5.603750139943031172e-02 -3.993569581749056852e-01 7.670727963738954713e-02 2.472493830122175495e-01 -6.703668519867846953e-01 -5.971256095829744481e-01 -1.205290422105349535e-01 -2.717079997980249573e-01 -2.056408863674619170e-01 -3.270914086934908482e-01 -3.500406057735290233e-01 6.973882043670300845e-01 -4.287235833581348743e-01 1.556040519306520764e-01 -6.998689395516066725e-02 -3.324916493912155602e-01 7.055000782810338933e-01 1.408441826288253651e-01
-3.216596533584379358e-01 -1.063593577799679224e+00 8.582619775984596799e-01 -2.225142409174623026e-01 -2.306032428606954454e-01 3.634981965000179116e-01 -4.793892145164022622e-01 -2.931373951973910152e-01 -5.472153948112463695e-01 -3.786211096698934853e-01 -1.622000106152086119e-01 4.319553219005456413e-02 -4.343651774605064020e-01 6.318859797610230089e-01 -6.962520277724024709e-01 -1.043402177450758472e+00 1.281002066417102014e+00 1.179264432701074838e-01 -2.347364742808792926e-01 1.169347040742536592e+00 4.985668807705678773e-01 5.050455710051551250e-01 6.548958446733195160e-01 -4.287235833581348743e-01 1.475253397660281962e+00 -3.679258180952160728e-01 8.536283627432794674e-02 1.134387962708956366e+00 -1.619670139700076561e+00 -2.946206052029651801e-01
2.362627327345876438e-01 9.793736637471397444e-01 -3.769250464471269879e-01 -4.870139176489374222e-03 6.730581761130451923e-01 -3.341274786913572825e-02 -2.922250941377910749e-01 5.393357896808197438e-01 3.815371611410114383e-01 -1.632933808404573028e-01 -2.344047113858209741e-01 -4.457879545964260615e-01 4.627577583275979123e-01 -1.414500140804648254e+00 2.761121018717176412e-01 6.772246946308655424e-01 -2.134765793285794189e+00 4.742957071278510739e-01 4.184127347118078433e-01 -1.044648125084961521e+00 -5.073822423148612870e-01 -3.858827759625000908e-01 4.343314085811584846e-01 1.556040519306520764e-01 -3.679258180952160728e-01 1.068412668043322356e+00 -3.206296119532225930e-01 -5.804611041192515586e-01 1.133809477967361090e+00 3.965876817918001507e-01
2.362605328698919038e-03 -2.847420617107445651e-01 2.756672147037875220e-01 -7.599413657919740217e-02 -2.915778487310944911e-01 2.901982859026475126e-01 8.438880796649073091e-02 -1.895566867852949144e-01 1.566157325539165868e-01 1.284699586461215404e-01 8.980381837864115369e-02 2.519467173323164388e-02 -1.556743679406622505e-01 2.545790963350214042e-01 -4.202306077330035805e-01 -2.955701103883825454e-01 7.002014836645571449e-01 -7.577173209449483693e-01 -1.567411613624472011e-01 8.096639764141286832e-01 -2.355734463869794126e-01 7.067240522741258246e-02 -8.338565475651193992e-02 -6.998689395516066725e-02 8.536283627432794674e-02 -3.206296119532225930e-01 6.082497745121600019e-01 3.127267812948275605e-01 -6.843573005683651900e-01 1.275835884957245980e-01
-2.956999523563581533e-01 -1.067197555827931410e+00 8.227241988662399308e-01 -1.644179052526055784e-01 -4.017906420698409420e-01 3.675091270070538485e-01 -2.246961459788963111e-01 -3.698778745463755513e-01 -4.224229952499740648e-01 -1.982820797676936309e-01 1.636054633655703583e-02 1.595159357840429948e-01 -4.726482405155252309e-01 8.694017548540955431e-01 -7.382374874474635362e-01 -1.009730651003508228e+00 1.584771947611045562e+00 -3.341218747642642484e-01 -3.491196112602779067e-01 1.220084584930987148e+00 3.873659223586969347e-01 5.095767652935876413e-01 2.648813899422748364e-01 -3.324916493912155602e-01 1.134387962708956366e+00 -5.804611041192515586e-01 3.127267812948275605e-01 1.070630928520415637e+00 -1.536170945866956572e+00 -2.225659811417699530e-01
2.510085528957688439e-01 1.763649179528272271e+00 -1.011767333999898710e+00 1.872343650694006101e-01 7.847945253367925034e-01 -4.402369639406060742e-01 3.113882529258944487e-01 7.936232531172322524e-01 6.945418305410839821e-01 1.565732085729223400e-01 1.500541148179763695e-01 -2.926742055673230425e-01 7.414893525533443608e-01 -1.539204494220257402e+00 9.137583185703306299e-01 1.529574915454816164e+00 -2.999044835092945505e+00 2.612766031624573770e-01 5.365005909395108574e-01 -2.444572703487722265e+00 -7.005444124355904023e-01 -5.579304723223117435e-01 -5.587608129533236934e-01 7.055000782810338933e-01 -1.619670139700076561e+00 1.133809477967361090e+00 -6.843573005683651900e-01 -1.536170945866956572e+00 2.915654583388231913e+00 5.545043654587971105e-01
-4.510012791070039384e-02 4.721512125749995903e-01 6.246194968974805306e-02 -4.744135246380665194e-02 1.864523122159766899e-01 2.022465980440983913e-01 1.516441962724002224e-02 2.257718603844978134e-01 4.371445540709260058e-01 2.101284876175668614e-02 1.130511925377390980e-01 -1.661017395623503035e-01 1.742965361557367032e-01 -6.095502523759250835e-01 -1.565460681602530713e-01 3.087813650799944298e-01 -8.779777899540022190e-01 -6.087168953606010291e-01 1.708308376680633955e-01 -3.031504826094533200e-01 -6.297521660305278601e-01 -8.036264788495373068e-02 -1.578408526255543620e-01 1.408441826288253651e-01 -2.946206052029651801e-01 3.965876817918001507e-01 1.275835884957245980e-01 -2.225659811417699530e-01 5.545043654587971105e-01 5.908357741856207213e-01
