1.469654516156992941e+00 3.677271080090918076e-01 -3.747675156812988462e-01 6.803162156278403927e-01 7.578028994379906180e-01 -3.105828628864628627e-01 -4.179442289495227669e-01 2.655322611371389030e-01 -1.592061617582203326e-01 -4.022803084265547113e-01 -3.506229154671132164e-01 1.908231705976390913e-01 2.042774947075827185e-01 -1.220632862718730394e+00 -4.004112606043008782e-01 -1.788478649243643304e-01 -1.512127735923797900e+00 2.615422500765021141e-01 -1.002579722072596269e-01 -6.148608605739127597e-01 4.181896891665815019e-01 -5.099660352016144316e-01 4.285819338929854894e-01 7.709824922765164956e-01 -2.586676129567422322e-01 7.995111808323827063e-01 -2.791715827576126685e-01 -4.862835580572664185e-01 1.079088909250174311e+00 -1.173978972994973446e-01
3.677271080090918076e-01 1.179580132058902109e+00 -4.027874724763478298e-01 2.330801005990679187e-01 6.371795403201758745e-01 1.516802518372628583e-01 1.376073379426543397e-01 4.412757832265015168e-01 7.020298223041550045e-01 -1.438656267525288968e-01 -4.743622136408021106e-02 4.281143771345341520e-02 2.564700118631435544e-01 -1.406862738906795585e+00 -7.179369023072013078e-02 3.197525947804251700e-01 -1.990560248302642776e+00 -5.837787122356417058e-01 1.031177676451022762e-01 -1.224779002315813159e+00 -9.254626690023428637e-01 -1.817104733977146225e-01 -2.465944004142670565e-01 2.674793756670510447e-01 -6.531069310909742853e-01 9.401145569070195052e-01 -1.760744684642077118e-01 -4.390714811927409755e-01 1.718083129267029108e+00 9.958948361742159250e-01
-3.747675156812988462e-01 -4.027874724763478298e-01 1.322050472617036121e+00 -2.121719199763560937e-01 -3.979791047128173886e-01 6.883706257938797535e-01 4.576308470439016673e-02 -3.764632045952112094e-01 -7.065306701127838096e-02 4.689285482982086251e-02 4.164731678735051901e-01 -4.702770980448462979e-01 -4.509140840830241359e-01 6.763436778055620380e-01 -1.015559067885760669e+00 -2.653964517039639759e-01 8.605821907223685230e-01 -1.300906057030431384e+00 6.258504951142640493e-02 6.699133148904365953e-01 -4.336215599141723942e-01 1.997436773206970884e-01 -2.745271166638190152e-01 -5.672937910554765040e-02 4.583065285914926790e-01 -1.412101257731137594e-01 5.722044510910677673e-01 4.899603242591297203e-01 -1.030344885928229814e+00 7.651204380380818293e-01
6.803162156278403927e-01 2.330801005990679187e-01 -2.121719199763560937e-01 5.163404897642749347e-01 4.758745362282184033e-01 -3.036898170759627646e-01 -2.081608695441445889e-01 1.245271168478438994e-01 -8.659188655389016276e-02 -2.663746012179899481e-01 -2.438378438946529059e-01 2.153313022231486684e-01 6.877321194190244569e-02 -6.849266829478324325e-01 -1.010875121619960737e-01 -1.114509405311991941e-01 -8.437936861633943408e-01 2.671803539342931799e-01 -5.510580565282907628e-02 -3.907838000707783976e-01 2.559872936525948717e-01 -2.491194158347980192e-01 2.319720132569500493e-01 3.499760835473466614e-01 -1.059624687781024477e-01 4.451235080108517650e-01 -2.780923096489686941e-01 -2.692557267880602012e-01 6.527625733799595764e-01 -1.068399778783941656e-01
7.578028994379906180e-01 6.371795403201758745e-01 -3.979791047128173886e-01 4.758745362282184033e-01 9.287518880132097365e-01 -3.427424320004206493e-01 -3.193134439604818908e-01 4.429570458464127114e-01 -1.759389654120013802e-02 -3.794906913753948174e-01 -3.455732140948271081e-01 3.138455217272735354e-01 1.658388960499905807e-01 -1.243117586269761432e+00 -8.067926075955256238e-02 5.645545252275496750e-02 -1.924668994944568112e+00 4.273971830385221438e-01 1.054287617974409841e-01 -1.164655781553221914e+00 1.093928165329316471e-01 -1.709697903132507690e-01 2.943099370816071314e-01 5.413399038084207859e-01 -2.456188955216589420e-01 8.558940077336387731e-01 -5.626229156284807686e-01 -4.460065926822949223e-01 1.518924028992159947e+00 9.643856982279430667e-03
-3.105828628864628627e-01 1.516802518372628583e-01 6.883706257938797535e-01 -3.036898170759627646e-01 -3.427424320004206493e-01 1.542441203466012212e+00 5.527290572758829512e-01 3.367630931356302426e-01 1.127457661157734492e+00 2.733404971063464473e-01 6.923915213736222540e-01 -7.339080750883795190e-01 -1.194158575647179532e-01 9.216928848559291509e-03 -1.062073270970074645e+00 1.969710726192488437e-01 -3.962776047337115415e-01 -2.707472671308607914e+00 -1.490978918565133426e-01 2.886317621226908159e-02 -1.905607184649795727e+00 -1.603209778026553067e-01 -7.805012074297792424e-01 -4.103373790962905332e-02 -3.041491195229468758e-01 4.393439812342307960e-01 1.111403308956653291e+00 3.242174689468697579e-01 -1.387365670461235823e-01 1.980419698649086513e+00
-4.179442289495227669e-01 1.376073379426543397e-01 4.576308470439016673e-02 -2.081608695441445889e-01 -3.193134439604818908e-01 5.527290572758829512e-01 5.184274242157016488e-01 1.201528704747261145e-01 5.943705305147659601e-01 2.700006164736237224e-01 3.574697923583585180e-01 -2.510277161204612639e-01 4.269989994691059110e-02 1.157608156768787921e-01 -6.928049612065478868e-02 2.099296378615918002e-01 1.254569457639718166e-01 -1.003997427986178081e+00 -9.324853161547252967e-02 8.221684829146624907e-02 -8.823734495949224765e-01 -9.589259282518014516e-02 -4.840396408842480014e-01 -2.359625064869419475e-01 -3.054929664151018187e-01 -3.185984114247730759e-02 4.780029752201926385e-01 7.968296713772815565e-02 -1.034511484012909932e-01 7.717784584197033837e-01
2.655322611371389030e-01 4.412757832265015168e-01 -3.764632045952112094e-01 1.245271168478438994e-01 4.429570458464127114e-01 3.367630931356302426e-01 1.201528704747261145e-01 7.173731188498209121e-01 5.486377560092137173e-01 -5.867666159372220136e-02 1.429112560828684764e-01 3.460477208022894047e-03 2.311638481303930348e-01 -7.866250576040556552e-01 -1.659442684427858694e-01 3.471456291017602780e-01 -1.588184334490449601e+00 -5.852559550825731094e-01 2.346463205697091325e-03 -1.063189436456070780e+00 -7.174701873711910594e-01 -2.177471728227260428e-01 -2.282875328101567902e-01 2.804464312887944288e-01 -5.184647586794994822e-01 7.234528349721358609e-01 1.956591454961653653e-02 -2.959789882215773105e-01 1.198315982869303298e+00 6.562611820100983095e-01
-1.592061617582203326e-01 7.020298223041550045e-01 -7.065306701127838096e-02 -8.659188655389016276e-02 -1.759389654120013802e-02 1.127457661157734492e+00 5.943705305147659601e-01 5.486377560092137173e-01 1.445892966866608731e+00 2.087591382580740174e-01 4.629677348684140270e-01 -4.104633864117204212e-01 1.508279895759301326e-01 -6.739496793740613612e-01 -4.499049041789362491e-01 4.289576689930072462e-01 -1.188280915605844257e+00 -2.216350027886790031e+00 -1.464483580272144536e-01 -5.504191298155660661e-01 -2.027824264564685564e+00 -2.514623374956954649e-01 -7.606027075698875706e-01 -7.852340856362616250e-02 -7.158899688550377505e-01 7.043886010071105375e-01 7.571103101251424050e-01 -2.331758567368069635e-02 7.728247243834971414e-01 1.923255321058718437e+00
-4.022803084265547113e-01 -1.438656267525288968e-01 4.689285482982086251e-02 -2.663746012179899481e-01 -3.794906913753948174e-01 2.733404971063464473e-01 2.700006164736237224e-01 -5.867666159372220136e-02 2.087591382580740174e-01 3.755092175164804758e-01 1.624422300992591772e-01 -2.925234251620167925e-01 8.857879564970971842e-03 4.393551304588072526e-01 8.647288583870249568e-02 1.003984681212273244e-01 5.822080407567113980e-01 -3.485023386302827930e-01 -9.982697914966820463e-02 4.139168069586389720e-01 -2.581343334682060231e-01 -7.757119146145896593e-02 -1.786566873137758193e-01 -1.842629998644156331e-01 -4.531397595820862989e-02 -3.111934038785193479e-01 3.628629640593317163e-01 1.366017598178359549e-01 -5.260396587160016679e-01 1.050949570915804543e-01
-3.506229154671132164e-01 -4.743622136408021106e-02 4.164731678735051901e-01 -2.438378438946529059e-01 -3.455732140948271081e-01 6.923915213736222540e-01 3.574697923583585180e-01 1.429112560828684764e-01 4.629677348684140270e-01 1.624422300992591772e-01 6.838567293162896021e-01 -2.597548898559125519e-01 -1.010470024959886359e-02 2.162619008441311053e-01 -4.908285951103721345e-01 2.177653994756951761e-01 1.444670961059273395e-01 -1.316659162859821208e+00 4.865914463897524911e-02 -1.171865765477946297e-01 -9.361555206164098308e-01 6.404614526354635018e-02 -6.811654689165607124e-01 -1.597076306849203320e-01 -3.136591694230901339e-01 9.725669232602740522e-02 5.463138086269054838e-01 6.784192342865935643e-02 -9.339438082480455705e-02 1.044959875149288564e+00
1.908231705976390913e-01 4.281143771345341520e-02 -4.702770980448462979e-01 2.153313022231486684e-01 3.138455217272735354e-01 -7.339080750883795190e-01 -2.510277161204612639e-01 3.460477208022894047e-03 -4.104633864117204212e-01 -2.925234251620167925e-01 -2.597548898559125519e-01 6.655126152190291577e-01 1.059097056177051854e-01 -2.367769510523771714e-01 4.817052547186335687e-01 -2.258898141224108258e-02 -1.649349250196223693e-01 1.170725133036796706e+00 1.130848193932365575e-01 -4.239228217724075876e-01 6.406804574281181885e-01 1.860294441920302688e-01 2.382482686488742729e-01 -7.122135659221839887e-02 -1.652941781657091269e-02 -2.745708981251482328e-03 -6.118980268267364409e-01 -2.285092108904223096e-01 4.897694576374647113e-01 -6.608559371778710556e-01
2.042774947075827185e-01 2.564700118631435544e-01 -4.509140840830241359e-01 6.877321194190244569e-02 1.658388960499905807e-01 -1.194158575647179532e-01 4.269989994691059110e-02 2.311638481303930348e-01 1.508279895759301326e-01 8.857879564970971842e-03 -1.010470024959886359e-02 1.059097056177051854e-01 3.061150952833031624e-01 -4.772878900155888005e-01 2.115697371149849459e-01 1.762950827197755643e-01 -5.492125063680077801e-01 1.625295987923891516e-01 -2.341087118571749670e-02 -3.587990765844892849e-01 -6.584025582407093680e-02 -1.498757991800516720e-01 -6.849599971474162885e-03 6.890892972171513975e-02 -3.558906873406613158e-01 2.082856138817419378e-01 -1.025857308958393332e-01 -2.778401558120435766e-01 5.404957631143361141e-01 3.900982685519238657e-02
-1.220632862718730394e+00 -1.406862738906795585e+00 6.763436778055620380e-01 -6.849266829478324325e-01 -1.243117586269761432e+00 9.216928848559291509e-03 1.157608156768787921e-01 -7.866250576040556552e-01 -6.739496793740613612e-01 4.393551304588072526e-01 2.162619008441311053e-01 -2.367769510523771714e-01 -4.772878900155888005e-01 2.513452218495899615e+00 3.588105931835912088e-01 -1.830164573477759404e-01 3.209234875616289173e+00 4.894782136850039933e-01 -1.329417541234079181e-02 1.638908580704310225e+00 7.415761189930663022e-01 4.923027164619497853e-01 -8.785318094027161351e-02 -7.502925290772850531e-01 7.976226831029293862e-01 -1.542267070009529562e+00 3.776147646444201200e-01 7.341168076980011392e-01 -2.511133113629909985e+00 -9.920209005086917387e-01
-4.004112606043008782e-01 -7.179369023072013078e-02 -1.015559067885760669e+00 -1.010875121619960737e-01 -8.067926075955256238e-02 -1.062073270970074645e+00 -6.928049612065478868e-02 -1.659442684427858694e-01 -4.499049041789362491e-01 8.647288583870249568e-02 -4.908285951103721345e-01 4.817052547186335687e-01 2.115697371149849459e-01 3.588105931835912088e-01 1.579755044673390785e+00 1.988151783679654727e-01 6.490021866855499866e-01 2.116361499655283751e+00 7.323766334690162694e-02 1.634748169495878756e-01 1.006224769331424795e+00 1.459361647603714118e-01 4.511577193745779368e-01 -4.031449258126826862e-01 4.482232802553198781e-02 -6.708512479480077673e-01 -7.222216626304884812e-01 -1.900729748388698681e-01 -1.423484613516734498e-01 -1.531141571037892390e+00
-1.788478649243643304e-01 3.197525947804251700e-01 -2.653964517039639759e-01 -1.114509405311991941e-01 5.645545252275496750e-02 1.969710726192488437e-01 2.099296378615918002e-01 3.471456291017602780e-01 4.289576689930072462e-01 1.003984681212273244e-01 2.177653994756951761e-01 -2.258898141224108258e-02 1.762950827197755643e-01 -1.830164573477759404e-01 1.988151783679654727e-01 5.681505460770495120e-01 -6.557164419642731445e-01 -3.807234286115317445e-01 1.794865958885623058e-01 -6.010558172650917186e-01 -6.782910922012774790e-01 -8.554835195144505633e-02 -3.332583583369910230e-01 -7.754988869703538512e-02 -5.535420734168496892e-01 2.576766892200907932e-01 7.850801173930221921e-02 -3.048722110888206771e-01 5.742507872672604208e-01 5.212956502479642040e-01
-1.512127735923797900e+00 -1.990560248302642776e+00 8.605821907223685230e-01 -8.437936861633943408e-01 -1.924668994944568112e+00 -3.962776047337115415e-01 1.254569457639718166e-01 -1.588184334490449601e+00 -1.188280915605844257e+00 5.822080407567113980e-01 1.444670961059273395e-01 -1.649349250196223693e-01 -5.492125063680077801e-01 3.209234875616289173e+00 6.490021866855499866e-01 -6.557164419642731445e-01 5.425238782778080804e+00 1.132951908050756629e+00 -1.559000079071495293e-01 3.193853594515303485e+00 1.618338412420030181e+00 6.721834933533727963e-01 1.436100553833057347e-01 -1.223132245579108712e+00 1.271938798100507029e+00 -2.537941863441403711e+00 4.645081471342109580e-01 1.064962852415760608e+00 -4.075050772717418113e+00 -1.752756762541196167e+00
2.615422500765021141e-01 -5.837787122356417058e-01 -1.300906057030431384e+00 2.671803539342931799e-01 4.273971830385221438e-01 -2.707472671308607914e+00 -1.003997427986178081e+00 -5.852559550825731094e-01 -2.216350027886790031e+00 -3.485023386302827930e-01 -1.316659162859821208e+00 1.170725133036796706e+00 1.625295987923891516e-01 4.894782136850039933e-01 2.116361499655283751e+00 -3.807234286115317445e-01 1.132951908050756629e+00 5.288176199832605562e+00 2.303378564381262095e-01 1.738956628760774947e-01 3.722139440512307829e+00 3.530720461230032470e-01 1.564407498390494311e+00 -1.604924354944614606e-02 8.184697431114784649e-01 -1.115549275208650215e+00 -2.008077017445202728e+00 -3.599091519458283983e-01 -1.868884042779086485e-01 -4.048544225440707578e+00
-1.002579722072596269e-01 1.031177676451022762e-01 6.258504951142640493e-02 -5.510580565282907628e-02 1.054287617974409841e-01 -1.490978918565133426e-01 -9.324853161547252967e-02 2.346463205697091325e-03 -1.464483580272144536e-01 -9.982697914966820463e-02 4.865914463897524911e-02 1.130848193932365575e-01 -2.341087118571749670e-02 -1.329417541234079181e-02 7.323766334690162694e-02 1.794865958885623058e-01 -1.559000079071495293e-01 2.303378564381262095e-01 3.073635366792473178e-01 -2.996450107727355316e-01 5.371262060984349773e-02 1.458950216971857117e-01 -5.886562025156649725e-02 -1.453209915823094889e-02 -9.260460653885616011e-02 3.181931905942292360e-02 -1.931480911154039859e-01 -1.682892790952621453e-01 2.363336184425577358e-01 -2.973017230516461495e-02
-6.148608605739127597e-01 -1.224779002315813159e+00 6.699133148904365953e-01 -3.907838000707783976e-01 -1.164655781553221914e+00 2.886317621226908159e-02 8.221684829146624907e-02 -1.063189436456070780e+00 -5.504191298155660661e-01 4.139168069586389720e-01 -1.171865765477946297e-01 -4.239228217724075876e-01 -3.587990765844892849e-01 1.638908580704310225e+00 1.634748169495878756e-01 -6.010558172650917186e-01 3.193853594515303485e+00 1.738956628760774947e-01 -2.996450107727355316e-01 2.826300642803460050e+00 8.156398506860682573e-01 2.793248647571999754e-02 4.553530176879121427e-01 -5.601592634628786982e-01 9.573263825351432388e-01 -1.541853017676487525e+00 6.812806666019355362e-01 7.837519946365887336e-01 -3.002751179005429094e+00 -9.985649007595043258e-01
4.181896891665815019e-01 -9.254626690023428637e-01 -4.336215599141723942e-01 2.559872936525948717e-01 1.093928165329316471e-01 -1.905607184649795727e+00 -8.823734495949224765e-01 -7.174701873711910594e-01 -2.027824264564685564e+00 -2.581343334682060231e-01 -9.361555206164098308e-01 6.406804574281181885e-01 -6.584025582407093680e-02 7.415761189930663022e-01 1.006224769331424795e+00 -6.782910922012774790e-01 1.618338412420030181e+00 3.722139440512307829e+00 5.371262060984349773e-02 8.156398506860682573e-01 3.383753393683548438e+00 2.020489553661661830e-01 1.236322087804580860e+00 2.000296423470899754e-01 9.974971386952802277e-01 -1.095331152415269571e+00 -1.290115266361226531e+00 -4.279749364422968938e-02 -8.468488733531671642e-01 -3.295658719616653798e+00
-5.099660352016144316e-01 -1.817104733977146225e-01 1.997436773206970884e-01 -2.491194158347980192e-01 -1.709697903132507690e-01 -1.603209778026553067e-01 -9.589259282518014516e-02 -2.177471728227260428e-01 -2.514623374956954649e-01 -7.757119146145896593e-02 6.404614526354635018e-02 1.860294441920302688e-01 -1.498757991800516720e-01 4.923027164619497853e-01 1.459361647603714118e-01 -8.554835195144505633e-02 6.721834933533727963e-01 3.530720461230032470e-01 1.458950216971857117e-01 2.793248647571999754e-02 2.020489553661661830e-01 5.934843248229242363e-01 -9.804059037966794676e-02 -3.288197569874569126e-01 2.350264078574753057e-01 -3.086895178744271107e-01 -2.020319657870004448e-01 1.935676425892438601e-01 -2.793067880695332406e-01 -1.441957106998188465e-01
4.285819338929854894e-01 -2.465944004142670565e-01 -2.745271166638190152e-01 2.319720132569500493e-01 2.943099370816071314e-01 -7.805012074297792424e-01 -4.840396408842480014e-01 -2.282875328101567902e-01 -7.606027075698875706e-01 -1.786566873137758193e-01 -6.811654689165607124e-01 2.382482686488742729e-01 -6.849599971474162885e-03 -8.785318094027161351e-02 4.511577193745779368e-01 -3.332583583369910230e-01 1.436100553833057347e-01 1.564407498390494311e+00 -5.886562025156649725e-02 4.553530176879121427e-01 1.236322087804580860e+00 -9.804059037966794676e-02 9.564765012961515822e-01 2.213566129390187598e-01 5.061944101699396015e-01 -2.709061039488460665e-01 -4.887913357846969120e-01 -7.038871784857292369e-03 -3.349434755244260487e-01 -1.407069373094373077e+00
7.709824922765164956e-01 2.674793756670510447e-01 -5.672937910554765040e-02 3.499760835473466614e-01 5.413399038084207859e-01 -4.103373790962905332e-02 -2.359625064869419475e-01 2.804464312887944288e-01 -7.852340856362616250e-02 -1.842629998644156331e-01 -1.597076306849203320e-01 -7.122135659221839887e-02 6.890892972171513975e-02 -7.502925290772850531e-01 -4.031449258126826862e-01 -7.754988869703538512e-02 -1.223132245579108712e+00 -1.604924354944614606e-02 -1.453209915823094889e-02 -5.601592634628786982e-01 2.000296423470899754e-01 -3.288197569874569126e-01 2.213566129390187598e-01 7.184560866757578879e-01 -7.391549589726764680e-02 5.648078738357753537e-01 -1.516893550852387307e-01 -2.748261838744383567e-01 8.178613243971426527e-01 -1.000959918144985750e-01
-2.586676129567422322e-01 -6.531069310909742853e-01 4.583065285914926790e-01 -1.059624687781024477e-01 -2.456188955216589420e-01 -3.041491195229468758e-01 -3.054929664151018187e-01 -5.184647586794994822e-01 -7.158899688550377505e-01 -4.531397595820862989e-02 -3.136591694230901339e-01 -1.652941781657091269e-02 -3.558906873406613158e-01 7.976226831029293862e-01 4.482232802553198781e-02 -5.535420734168496892e-01 1.271938798100507029e+00 8.184697431114784649e-01 -9.260460653885616011e-02 9.573263825351432388e-01 9.974971386952802277e-01 2.350264078574753057e-01 5.061944101699396015e-01 -7.391549589726764680e-02 9.645988236541711558e-01 -6.364068513334473209e-01 -1.823905300558408271e-01 5.178473191587613655e-01 -1.165825178304089604e+00 -1.026223266727356531e+00
7.995111808323827063e-01 9.401145569070195052e-01 -1.412101257731137594e-01 4.451235080108517650e-01 8.558940077336387731e-01 4.393439812342307960e-01 -3.185984114247730759e-02 7.234528349721358609e-01 7.043886010071105375e-01 -3.111934038785193479e-01 9.725669232602740522e-02 -2.745708981251482328e-03 2.082856138817419378e-01 -1.542267070009529562e+00 -6.708512479480077673e-01 2.576766892200907932e-01 -2.537941863441403711e+00 -1.115549275208650215e+00 3.181931905942292360e-02 -1.541853017676487525e+00 -1.095331152415269571e+00 -3.086895178744271107e-01 -2.709061039488460665e-01 5.648078738357753537e-01 -6.364068513334473209e-01 1.416927860327518829e+00 -5.550285689014344825e-02 -4.542682371668433916e-01 1.859322550042122657e+00 1.372650366691800627e+00
-2.791715827576126685e-01 -1.760744684642077118e-01 5.722044510910677673e-01 -2.780923096489686941e-01 -5.626229156284807686e-01 1.111403308956653291e+00 4.780029752201926385e-01 1.956591454961653653e-02 7.571103101251424050e-01 3.628629640593317163e-01 5.463138086269054838e-01 -6.118980268267364409e-01 -1.025857308958393332e-01 3.776147646444201200e-01 -7.222216626304884812e-01 7.850801173930221921e-02 4.645081471342109580e-01 -2.008077017445202728e+00 -1.931480911154039859e-01 6.812806666019355362e-01 -1.290115266361226531e+00 -2.020319657870004448e-01 -4.887913357846969120e-01 -1.516893550852387307e-01 -1.823905300558408271e-01 -5.550285689014344825e-02 1.144366477974188001e+00 3.180450875013320911e-01 -8.062902602896997450e-01 1.198917290605379549e+00
-4.862835580572664185e-01 -4.390714811927409755e-01 4.899603242591297203e-01 -2.692557267880602012e-01 -4.460065926822949223e-01 3.242174689468697579e-01 7.968296713772815565e-02 -2.959789882215773105e-01 -2.331758567368069635e-02 1.366017598178359549e-01 6.784192342865935643e-02 -2.285092108904223096e-01 -2.778401558120435766e-01 7.341168076980011392e-01 -1.900729748388698681e-01 -3.048722110888206771e-01 1.064962852415760608e+00 -3.599091519458283983e-01 -1.682892790952621453e-01 7.837519946365887336e-01 -4.279749364422968938e-02 1.935676425892438601e-01 -7.038871784857292369e-03 -2.748261838744383567e-01 5.178473191587613655e-01 -4.542682371668433916e-01 3.180450875013320911e-01 5.788431210106068647e-01 -1.008311290162168916e+00 -1.279067600239613967e-02
1.079088909250174311e+00 1.718083129267029108e+00 -1.030344885928229814e+00 6.527625733799595764e-01 1.518924028992159947e+00 -1.387365670461235823e-01 -1.034511484012909932e-01 1.198315982869303298e+00 7.728247243834971414e-01 -5.260396587160016679e-01 -9.339438082480455705e-02 4.897694576374647113e-01 5.404957631143361141e-01 -2.511133113629909985e+00 -1.423484613516734498e-01 5.742507872672604208e-01 -4.075050772717418113e+00 -1.868884042779086485e-01 2.363336184425577358e-01 -3.002751179005429094e+00 -8.468488733531671642e-01 -2.793067880695332406e-01 -3.349434755244260487e-01 8.178613243971426527e-01 -1.165825178304089604e+00 1.859322550042122657e+00 -8.062902602896997450e-01 -1.008311290162168916e+00 3.722625655515628296e+00 1.071002947388706161e+00
-1.173978972994973446e-01 9.958948361742159250e-01 7.651204380380818293e-01 -1.068399778783941656e-01 9.643856982279430667e-03 1.980419698649086513e+00 7.717784584197033837e-01 6.562611820100983095e-01 1.923255321058718437e+00 1.050949570915804543e-01 1.044959875149288564e+00 -6.608559371778710556e-01 3.900982685519238657e-02 -9.920209005086917387e-01 -1.531141571037892390e+00 5.212956502479642040e-01 -1.752756762541196167e+00 -4.048544225440707578e+00 -2.973017230516461495e-02 -9.985649007595043258e-01 -3.295658719616653798e+00 -1.441957106998188465e-01 -1.407069373094373077e+00 -1.000959918144985750e-01 -1.026223266727356531e+00 1.372650366691800627e+00 1.198917290605379549e+00 -1.279067600239613967e-02 1.071002947388706161e+00 3.768581497441800821e+00
