1.065157394858943007e+00 -3.597274826706780004e-01 -6.685019266626568424e-03 4.551167280928893888e-01 3.210849390420662530e-01 -5.757397160763844113e-01 -5.808774849638211890e-01 -2.891431466813969564e-01 -8.031279077251838316e-01 -3.374787627329851603e-01 -5.806766689261735337e-01 1.635618036305004352e-01 -1.411139753232077965e-01 -7.215410912948527766e-02 -1.682391994086742670e-01 -4.792057776463707341e-01 8.881379645663400879e-02 1.016170650581841528e+00 -1.218238790302734742e-01 4.099741019533098552e-01 1.272026414413858220e+00 -2.627512872049919679e-01 7.821658686623891299e-01 5.050329927353232051e-01 4.519275178729458275e-01 -2.298267152639255073e-02 -3.248173597443724248e-01 -4.895440704103748430e-02 -2.773575547427640231e-01 -1.078182129943229484e+00
-3.597274826706780004e-01 1.099360439924822685e+00 -1.088243956120322764e-01 -1.475370171992835822e-01 3.092328178816501350e-01 3.683050545533319564e-01 2.925453110038347404e-01 1.316589982021696414e-01 7.696059181323562370e-01 1.183713147589742221e-01 -2.262459550393600693e-01 -2.479095906993507015e-01 4.714881090421840781e-03 -8.389574992847883550e-01 6.712845459668415060e-02 1.199820751966740318e-01 -1.203174698018870004e+00 -6.570883368432873795e-01 -1.470873770492175936e-02 -5.310930260214945520e-01 -9.868704440067972428e-01 2.156078273301886838e-02 -1.385668408896663095e-01 -1.711972143641560251e-02 -1.292506362633503159e-01 4.409564684647193644e-01 -8.980871631024456292e-03 9.405188657507324024e-02 9.568316302159018960e-01 8.217521813593293700e-01
-6.685019266626568424e-03 -1.088243956120322764e-01 1.991729426969016004e+00 -2.265295560408731035e-02 -3.304469817877588866e-01 1.106646667864936262e+00 1.215813978784012761e-01 -4.546898812776021259e-01 1.036467638284079840e-01 -8.781479802132707846e-02 8.146738460494589162e-01 -6.987746836595647437e-01 -5.206322740971813801e-01 2.869984861038119561e-01 -1.884410777792709268e+00 -2.582737441936728828e-01 4.225726760576549168e-01 -2.506880047211097917e+00 1.888455181300514596e-01 4.508774922949214670e-01 -1.034747217324593294e+00 8.133949844491894510e-02 -6.901011948190216572e-01 1.990746244763386130e-01 1.903769151267624693e-01 3.551537155041728511e-01 8.809756932632240023e-01 3.139176720566183576e-01 -7.462151550307112302e-01 1.842741570728833267e+00
4.551167280928893888e-01 -1.475370171992835822e-01 -2.265295560408731035e-02 3.101432648411446280e-01 2.034580895701196823e-01 -4.087034430322660228e-01 -3.037005764720106527e-01 -1.294668941868053480e-01 -4.366421687532806573e-01 -2.158835691707281512e-01 -3.193444632717046261e-01 1.717738385572715742e-01 -8.339930118501115430e-02 -6.075297075989283258e-02 -2.469481839813170154e-02 -2.897941006672226649e-01 -5.235738755573038361e-03 6.795241470715041032e-01 -7.680310636249032541e-02 8.221315310845511704e-02 7.530534080547681697e-01 -8.460720257772891273e-02 3.839706782673033558e-01 2.370616224923196569e-01 2.857583801057330675e-01 -1.206514401400227143e-02 -2.808426039872529145e-01 3.168131059624101908e-03 4.756970517064473825e-03 -6.678744984657782879e-01
3.210849390420662530e-01 3.092328178816501350e-01 -3.304469817877588866e-01 2.034580895701196823e-01 7.041403322445489721e-01 -6.125571561339597793e-01 -4.134389208848006092e-01 1.088501849163208135e-01 -4.443553743905681586e-01 -2.534115942083303707e-01 -6.263851020192419128e-01 3.444885672666941900e-01 -3.134320424186398668e-02 -5.512839083519338601e-01 2.469579824161769466e-01 -1.753995920241209205e-01 -9.871281068147368387e-01 1.229640979670875822e+00 5.256010330674598663e-02 -6.114415575186171736e-01 7.814079448589268395e-01 1.101179740695670262e-01 5.902893730220171165e-01 3.410612533774042276e-01 2.788696780925192797e-01 2.406303607887707585e-01 -6.976628397377453439e-01 -9.249776341187043727e-02 8.230966830111583477e-01 -8.585328647905612343e-01
-5.757397160763844113e-01 3.683050545533319564e-01 1.106646667864936262e+00 -4.087034430322660228e-01 -6.125571561339597793e-01 2.588431488240757972e+00 1.061029457800771070e+00 5.020792709796069175e-01 2.031989509844663644e+00 4.578632146723862206e-01 1.191489881961729225e+00 -1.226807210432127704e+00 -1.973448870584206816e-01 2.286593001400660796e-02 -1.676480731484673470e+00 3.979817943480838949e-01 -6.298376112031291996e-01 -4.695893315913679089e+00 -2.517746420520268202e-01 3.266956553858335610e-02 -3.372920037306300856e+00 -2.975784753439825181e-01 -1.466779739502840130e+00 -1.567233314862619409e-01 -6.404119407038137979e-01 7.779006678067617031e-01 1.863213300809320572e+00 4.546797148487939921e-01 -1.861362072405086110e-01 3.538541905617648808e+00
-5.808774849638211890e-01 2.925453110038347404e-01 1.215813978784012761e-01 -3.037005764720106527e-01 -4.134389208848006092e-01 1.061029457800771070e+00 7.667852260710787959e-01 3.180728206095864152e-01 1.109214598339008262e+00 3.797274256841660645e-01 5.806088670405529228e-01 -5.038070822316171871e-01 7.192937086119854939e-02 -1.373037513451436098e-02 -2.750252083017130644e-01 3.385831141833932634e-01 -1.567063302909446065e-01 -1.888004938451956605e+00 -1.417822542861699731e-01 1.820033939213772101e-02 -1.624771545840815179e+00 -1.961146510918183594e-01 -7.605507094216932273e-01 -2.959112594807606911e-01 -4.814525636083999416e-01 1.518084895269566914e-01 8.238538685690173224e-01 1.469039148964270680e-01 -1.681171098414324661e-02 1.471842079348959942e+00
-2.891431466813969564e-01 1.316589982021696414e-01 -4.546898812776021259e-01 -1.294668941868053480e-01 1.088501849163208135e-01 5.020792709796069175e-01 3.180728206095864152e-01 7.063456662356770721e-01 6.801583019240524663e-01 2.020599899332182758e-01 1.478885697571286073e-01 -9.084173364851721999e-02 1.445708923552047054e-01 -1.531850027176346885e-01 9.804211693466413635e-02 3.639592419518180577e-01 -9.130869718716780881e-01 -5.985142213406788869e-01 -1.403053219442540467e-01 -6.690216028110853586e-01 -7.897513540942782129e-01 -1.065256030307750734e-01 -2.908907486200860149e-01 -2.724620163667168526e-02 -3.540489006446136955e-01 3.071682895246112821e-01 2.271672348946935927e-01 -9.172535335437714821e-03 6.242715902668010131e-01 4.535999554116756372e-01
-8.031279077251838316e-01 7.696059181323562370e-01 1.036467638284079840e-01 -4.366421687532806573e-01 -4.443553743905681586e-01 2.031989509844663644e+00 1.109214598339008262e+00 6.801583019240524663e-01 2.282179241857761554e+00 5.557340973110171944e-01 7.305764156724876557e-01 -9.293848511485975905e-01 6.592165261929494591e-02 -3.043656774800638232e-01 -5.874373428379726647e-01 5.761206219376617810e-01 -1.001719785277941810e+00 -3.615187705229288895e+00 -3.540782617127149479e-01 -2.591272547761604983e-01 -3.198546365667880309e+00 -2.913399428432512650e-01 -1.209656543380560834e+00 -3.775460108701622630e-01 -7.747191270864846047e-01 6.466243674655629547e-01 1.407182826933251363e+00 3.529167938728505760e-01 3.922625647036852570e-01 2.883098252133549977e+00
-3.374787627329851603e-01 1.183713147589742221e-01 -8.781479802132707846e-02 -2.158835691707281512e-01 -2.534115942083303707e-01 4.578632146723862206e-01 3.797274256841660645e-01 2.020599899332182758e-01 5.557340973110171944e-01 4.097148193043267383e-01 2.802624890144898018e-01 -3.583552323810863527e-01 1.493758288656863442e-01 2.529884709775842566e-02 5.267191956926353669e-02 3.249733981622853207e-01 -5.192173269182376316e-02 -7.693179896764377190e-01 -7.269942629250181199e-02 9.951953170667593440e-02 -7.366793124019750394e-01 -2.575786746932635651e-01 -3.247905942621400754e-01 -1.171796190290592676e-01 -3.418288926683317186e-01 2.164331265248620184e-04 4.476398083799608685e-01 -3.831797364227895741e-02 -9.560584193093291105e-02 5.554375392240444853e-01
-5.806766689261735337e-01 -2.262459550393600693e-01 8.146738460494589162e-01 -3.193444632717046261e-01 -6.263851020192419128e-01 1.191489881961729225e+00 5.806088670405529228e-01 1.478885697571286073e-01 7.305764156724876557e-01 2.802624890144898018e-01 1.085764157993253320e+00 -4.966940015136742659e-01 -9.381298644825619704e-02 4.720374665723738872e-01 -8.683382869962770201e-01 2.608011327377539601e-01 4.569694479511667851e-01 -2.269626917941707234e+00 3.131634545746919684e-02 1.209494514918105779e-01 -1.511491443183842875e+00 3.385859231207177800e-02 -1.038557788070420429e+00 -2.854470243644300353e-01 -3.806183997605785407e-01 9.941194309072898250e-02 9.889266833224041875e-01 1.876026731843580819e-01 -4.918335800102227040e-01 1.705929103518315060e+00
1.635618036305004352e-01 -2.479095906993507015e-01 -6.987746836595647437e-01 1.717738385572715742e-01 3.444885672666941900e-01 -1.226807210432127704e+00 -5.038070822316171871e-01 -9.084173364851721999e-02 -9.293848511485975905e-01 -3.583552323810863527e-01 -4.966940015136742659e-01 9.546651497726656999e-01 1.075611664194866535e-01 4.806395997997015002e-02 8.438323107225187414e-01 -1.898843983761366871e-01 2.488983386521681496e-01 2.275888587694623766e+00 1.164606446350546776e-01 -3.877913100915861833e-01 1.462435851230509343e+00 3.937093203746258041e-01 5.732828329811354706e-01 -1.434242370181664228e-01 2.546756277204735852e-01 -3.245346630142762478e-01 -9.844249972074976540e-01 -1.556954923732405405e-01 3.330398985535794054e-01 -1.554004116538692415e+00
-1.411139753232077965e-01 4.714881090421840781e-03 -5.206322740971813801e-01 -8.339930118501115430e-02 -3.134320424186398668e-02 -1.973448870584206816e-01 7.192937086119854939e-02 1.445708923552047054e-01 6.592165261929494591e-02 1.493758288656863442e-01 -9.381298644825619704e-02 1.075611664194866535e-01 2.759185435116364715e-01 -5.546704799365897998e-02 5.099506687691359730e-01 1.635423319661413188e-01 1.375804033631311540e-02 4.743185069783066865e-01 -7.364311672714052293e-02 -5.297654542914642661e-03 1.098961659430415239e-01 -5.970378146611210468e-02 1.062373087680725803e-01 -1.378017744435169334e-01 -1.851060254853678089e-01 -1.427961652049134500e-01 -8.866153189325132189e-02 -1.177985075121910086e-01 5.943741276877290147e-02 -3.232077818148013648e-01
-7.215410912948527766e-02 -8.389574992847883550e-01 2.869984861038119561e-01 -6.075297075989283258e-02 -5.512839083519338601e-01 2.286593001400660796e-02 -1.373037513451436098e-02 -1.531850027176346885e-01 -3.043656774800638232e-01 2.529884709775842566e-02 4.720374665723738872e-01 4.806395997997015002e-02 -5.546704799365897998e-02 1.064525747562925062e+00 -1.035792977189657904e-01 1.219801754576792518e-01 1.259106084921540969e+00 -8.364209978896042230e-02 9.624235458221619410e-02 3.553873891301577714e-01 1.772246177555416580e-01 4.582885950600257274e-02 -3.309531749811753798e-01 -2.242811988137418666e-01 -6.280146776350647997e-02 -3.752209782035151875e-01 2.232400461407451076e-01 -2.444556131797526177e-02 -9.014598437780136919e-01 -4.252493081907005035e-02
-1.682391994086742670e-01 6.712845459668415060e-02 -1.884410777792709268e+00 -2.469481839813170154e-02 2.469579824161769466e-01 -1.676480731484673470e+00 -2.750252083017130644e-01 9.804211693466413635e-02 -5.874373428379726647e-01 5.267191956926353669e-02 -8.683382869962770201e-01 8.438323107225187414e-01 5.099506687691359730e-01 -1.035792977189657904e-01 2.281970894254072846e+00 2.599035407098426731e-01 1.370293792143115752e-01 3.364477508106574533e+00 1.967335852029350463e-02 -2.268675379436331241e-01 1.581998531583735712e+00 1.015805800640237067e-01 8.616582086031030485e-01 -3.128736564954124333e-01 -6.981324669305877251e-02 -6.620111382949289691e-01 -1.219260652932405264e+00 -4.060049557472211745e-01 4.499795644908886061e-01 -2.391814783536005962e+00
-4.792057776463707341e-01 1.199820751966740318e-01 -2.582737441936728828e-01 -2.897941006672226649e-01 -1.753995920241209205e-01 3.979817943480838949e-01 3.385831141833932634e-01 3.639592419518180577e-01 5.761206219376617810e-01 3.249733981622853207e-01 2.608011327377539601e-01 -1.898843983761366871e-01 1.635423319661413188e-01 1.219801754576792518e-01 2.599035407098426731e-01 5.708389958730037961e-01 -2.467119975561331557e-01 -5.565988839205715522e-01 3.559346067393676094e-02 -2.751828958148507809e-01 -8.242219063660058964e-01 -9.604576360149508218e-02 -3.572576826778117720e-01 -2.209042507694789492e-01 -4.687324954381324460e-01 4.889672050342142029e-02 2.849016613963044620e-01 -9.975517009718259942e-02 1.389325628280175806e-01 5.309732771096946635e-01
8.881379645663400879e-02 -1.203174698018870004e+00 4.225726760576549168e-01 -5.235738755573038361e-03 -9.871281068147368387e-01 -6.298376112031291996e-01 -1.567063302909446065e-01 -9.130869718716780881e-01 -1.001719785277941810e+00 -5.192173269182376316e-02 4.569694479511667851e-01 2.488983386521681496e-01 1.375804033631311540e-02 1.259106084921540969e+00 1.370293792143115752e-01 -2.467119975561331557e-01 2.974304141457650985e+00 7.596680588625872588e-01 1.669825973987713041e-01 1.543054575822395691e+00 1.216899446870456813e+00 1.157666730192090654e-01 -6.378581294194418660e-02 -4.909403064613115930e-01 1.413329074406419750e-01 -1.089897301808605334e+00 8.410055335320976155e-02 -6.607911947884304027e-02 -1.976363081056945248e+00 -7.466697236308732499e-01
1.016170650581841528e+00 -6.570883368432873795e-01 -2.506880047211097917e+00 6.795241470715041032e-01 1.229640979670875822e+00 -4.695893315913679089e+00 -1.888004938451956605e+00 -5.985142213406788869e-01 -3.615187705229288895e+00 -7.693179896764377190e-01 -2.269626917941707234e+00 2.275888587694623766e+00 4.743185069783066865e-01 -8.364209978896042230e-02 3.364477508106574533e+00 -5.565988839205715522e-01 7.596680588625872588e-01 8.915138094061376250e+00 4.255307664308247695e-01 -4.013441901404348755e-01 6.168651762996546495e+00 4.714451220202420245e-01 2.733845393356432396e+00 3.005391390515228522e-01 1.051835773077698377e+00 -1.359592947543319497e+00 -3.517772843747195566e+00 -9.049016184358720238e-01 6.466519752136719035e-01 -6.688956690701104435e+00
-1.218238790302734742e-01 -1.470873770492175936e-02 1.888455181300514596e-01 -7.680310636249032541e-02 5.256010330674598663e-02 -2.517746420520268202e-01 -1.417822542861699731e-01 -1.403053219442540467e-01 -3.540782617127149479e-01 -7.269942629250181199e-02 3.131634545746919684e-02 1.164606446350546776e-01 -7.364311672714052293e-02 9.624235458221619410e-02 1.967335852029350463e-02 3.559346067393676094e-02 1.669825973987713041e-01 4.255307664308247695e-01 2.883940816124379580e-01 -1.034074472553072610e-01 3.302958023272992705e-01 1.940338218247461555e-01 1.092712779615112595e-02 1.263631440295398534e-02 6.379913282503935079e-02 -1.140022169705332544e-01 -2.382100532458935049e-01 -9.506749052795271382e-02 1.439526258818091264e-02 -2.493777431801049715e-01
4.099741019533098552e-01 -5.310930260214945520e-01 4.508774922949214670e-01 8.221315310845511704e-02 -6.114415575186171736e-01 3.266956553858335610e-02 1.820033939213772101e-02 -6.690216028110853586e-01 -2.591272547761604983e-01 9.951953170667593440e-02 1.209494514918105779e-01 -3.877913100915861833e-01 -5.297654542914642661e-03 3.553873891301577714e-01 -2.268675379436331241e-01 -2.751828958148507809e-01 1.543054575822395691e+00 -4.013441901404348755e-01 -1.034074472553072610e-01 1.742373488859072950e+00 3.466377805673914736e-01 -3.552540171192504204e-01 2.048188403160224880e-01 1.307234952940916628e-02 1.094602239841151459e-01 -5.687523951682464940e-01 5.691374867550393901e-01 1.977265000658690042e-02 -1.586273860922574386e+00 -1.372615151796594546e-01
1.272026414413858220e+00 -9.868704440067972428e-01 -1.034747217324593294e+00 7.530534080547681697e-01 7.814079448589268395e-01 -3.372920037306300856e+00 -1.624771545840815179e+00 -7.897513540942782129e-01 -3.198546365667880309e+00 -7.366793124019750394e-01 -1.511491443183842875e+00 1.462435851230509343e+00 1.098961659430415239e-01 1.772246177555416580e-01 1.581998531583735712e+00 -8.242219063660058964e-01 1.216899446870456813e+00 6.168651762996546495e+00 3.302958023272992705e-01 3.466377805673914736e-01 5.256482999593686145e+00 1.899559199179918778e-01 2.017171855278263592e+00 5.899953208319743680e-01 1.121788698013233443e+00 -1.094123602434876830e+00 -2.390059301583733031e+00 -5.913437959904399577e-01 -1.571028554192253068e-01 -5.063291063732037856e+00
-2.627512872049919679e-01 2.156078273301886838e-02 8.133949844491894510e-02 -8.460720257772891273e-02 1.101179740695670262e-01 -2.975784753439825181e-01 -1.961146510918183594e-01 -1.065256030307750734e-01 -2.913399428432512650e-01 -2.575786746932635651e-01 3.385859231207177800e-02 3.937093203746258041e-01 -5.970378146611210468e-02 4.582885950600257274e-02 1.015805800640237067e-01 -9.604576360149508218e-02 1.157666730192090654e-01 4.714451220202420245e-01 1.940338218247461555e-01 -3.552540171192504204e-01 1.899559199179918778e-01 6.391931154494443490e-01 -5.380449414118970708e-02 -2.265330354854881989e-01 1.037203349494575377e-01 -2.358259922948491294e-02 -3.907807898548867342e-01 1.985556135292654290e-02 2.120334164852977210e-01 -3.179927638217350250e-02
7.821658686623891299e-01 -1.385668408896663095e-01 -6.901011948190216572e-01 3.839706782673033558e-01 5.902893730220171165e-01 -1.466779739502840130e+00 -7.605507094216932273e-01 -2.908907486200860149e-01 -1.209656543380560834e+00 -3.247905942621400754e-01 -1.038557788070420429e+00 5.732828329811354706e-01 1.062373087680725803e-01 -3.309531749811753798e-01 8.616582086031030485e-01 -3.572576826778117720e-01 -6.378581294194418660e-02 2.733845393356432396e+00 1.092712779615112595e-02 2.048188403160224880e-01 2.017171855278263592e+00 -5.380449414118970708e-02 1.329662710941022397e+00 3.991922176844582282e-01 4.837772319029909340e-01 -3.149204182755624970e-01 -9.925124328934202822e-01 -2.706769542953679775e-01 5.290506520486815134e-02 -2.226100389562532200e+00
5.050329927353232051e-01 -1.711972143641560251e-02 1.990746244763386130e-01 2.370616224923196569e-01 3.410612533774042276e-01 -1.567233314862619409e-01 -2.959112594807606911e-01 -2.724620163667168526e-02 -3.775460108701622630e-01 -1.171796190290592676e-01 -2.854470243644300353e-01 -1.434242370181664228e-01 -1.378017744435169334e-01 -2.242811988137418666e-01 -3.128736564954124333e-01 -2.209042507694789492e-01 -4.909403064613115930e-01 3.005391390515228522e-01 1.263631440295398534e-02 1.307234952940916628e-02 5.899953208319743680e-01 -2.265330354854881989e-01 3.991922176844582282e-01 6.238413543171645870e-01 3.048781572963434883e-01 1.528104977553539356e-01 -1.250523943776329361e-01 -6.128167382803439978e-02 1.388991304013416084e-01 -5.978330886234743957e-01
4.519275178729458275e-01 -1.292506362633503159e-01 1.903769151267624693e-01 2.857583801057330675e-01 2.788696780925192797e-01 -6.404119407038137979e-01 -4.814525636083999416e-01 -3.540489006446136955e-01 -7.747191270864846047e-01 -3.418288926683317186e-01 -3.806183997605785407e-01 2.546756277204735852e-01 -1.851060254853678089e-01 -6.280146776350647997e-02 -6.981324669305877251e-02 -4.687324954381324460e-01 1.413329074406419750e-01 1.051835773077698377e+00 6.379913282503935079e-02 1.094602239841151459e-01 1.121788698013233443e+00 1.037203349494575377e-01 4.837772319029909340e-01 3.048781572963434883e-01 5.573987734012462170e-01 -6.006071653081335171e-02 -5.188863576832432045e-01 1.451477941691337037e-02 -2.665906116453697905e-02 -9.197253839203085590e-01
-2.298267152639255073e-02 4.409564684647193644e-01 3.551537155041728511e-01 -1.206514401400227143e-02 2.406303607887707585e-01 7.779006678067617031e-01 1.518084895269566914e-01 3.071682895246112821e-01 6.466243674655629547e-01 2.164331265248620184e-04 9.941194309072898250e-02 -3.245346630142762478e-01 -1.427961652049134500e-01 -3.752209782035151875e-01 -6.620111382949289691e-01 4.889672050342142029e-02 -1.089897301808605334e+00 -1.359592947543319497e+00 -1.140022169705332544e-01 -5.687523951682464940e-01 -1.094123602434876830e+00 -2.358259922948491294e-02 -3.149204182755624970e-01 1.528104977553539356e-01 -6.006071653081335171e-02 7.025210514583477561e-01 3.182029001918635913e-01 1.745654922769972472e-01 5.581025833949979642e-01 1.189570208809016094e+00
-3.248173597443724248e-01 -8.980871631024456292e-03 8.809756932632240023e-01 -2.808426039872529145e-01 -6.976628397377453439e-01 1.863213300809320572e+00 8.238538685690173224e-01 2.271672348946935927e-01 1.407182826933251363e+00 4.476398083799608685e-01 9.889266833224041875e-01 -9.844249972074976540e-01 -8.866153189325132189e-02 2.232400461407451076e-01 -1.219260652932405264e+00 2.849016613963044620e-01 8.410055335320976155e-02 -3.517772843747195566e+00 -2.382100532458935049e-01 5.691374867550393901e-01 -2.390059301583733031e+00 -3.907807898548867342e-01 -9.925124328934202822e-01 -1.250523943776329361e-01 -5.188863576832432045e-01 3.182029001918635913e-01 1.658596519293610072e+00 2.858006412456575163e-01 -7.116158273057635597e-01 2.426598771352871609e+00
-4.895440704103748430e-02 9.405188657507324024e-02 3.139176720566183576e-01 3.168131059624101908e-03 -9.249776341187043727e-02 4.546797148487939921e-01 1.469039148964270680e-01 -9.172535335437714821e-03 3.529167938728505760e-01 -3.831797364227895741e-02 1.876026731843580819e-01 -1.556954923732405405e-01 -1.177985075121910086e-01 -2.444556131797526177e-02 -4.060049557472211745e-01 -9.975517009718259942e-02 -6.607911947884304027e-02 -9.049016184358720238e-01 -9.506749052795271382e-02 1.977265000658690042e-02 -5.913437959904399577e-01 1.985556135292654290e-02 -2.706769542953679775e-01 -6.128167382803439978e-02 1.451477941691337037e-02 1.745654922769972472e-01 2.858006412456575163e-01 2.154528546726055538e-01 -1.312316663853607679e-02 7.119127113658123562e-01
-2.773575547427640231e-01 9.568316302159018960e-01 -7.462151550307112302e-01 4.756970517064473825e-03 8.230966830111583477e-01 -1.861362072405086110e-01 -1.681171098414324661e-02 6.242715902668010131e-01 3.922625647036852570e-01 -9.560584193093291105e-02 -4.918335800102227040e-01 3.330398985535794054e-01 5.943741276877290147e-02 -9.014598437780136919e-01 4.499795644908886061e-01 1.389325628280175806e-01 -1.976363081056945248e+00 6.466519752136719035e-01 1.439526258818091264e-02 -1.586273860922574386e+00 -1.571028554192253068e-01 2.120334164852977210e-01 5.290506520486815134e-02 1.388991304013416084e-01 -2.665906116453697905e-02 5.581025833949979642e-01 -7.116158273057635597e-01 -1.312316663853607679e-02 1.940721606449187675e+00 -1.597645297873100390e-01
-1.078182129943229484e+00 8.217521813593293700e-01 1.842741570728833267e+00 -6.678744984657782879e-01 -8.585328647905612343e-01 3.538541905617648808e+00 1.471842079348959942e+00 4.535999554116756372e-01 2.883098252133549977e+00 5.554375392240444853e-01 1.705929103518315060e+00 -1.554004116538692415e+00 -3.232077818148013648e-01 -4.252493081907005035e-02 -2.391814783536005962e+00 5.309732771096946635e-01 -7.466697236308732499e-01 -6.688956690701104435e+00 -2.493777431801049715e-01 -1.372615151796594546e-01 -5.063291063732037856e+00 -3.179927638217350250e-02 -2.226100389562532200e+00 -5.978330886234743957e-01 -9.197253839203085590e-01 1.189570208809016094e+00 2.426598771352871609e+00 7.119127113658123562e-01 -1.597645297873100390e-01 5.604915532270467793e+00
