7.564336188771676461e-01 -3.724947174271733275e-01 7.812905390061359867e-01 -1.211267296764617640e-01 -2.067008063003754614e-01 6.905104747847303770e-01 -2.584493779841068317e-02 -2.746393346472473240e-01 -4.392674713392352714e-02 -3.049024486570601766e-01 4.312234057176738133e-01 -3.179727608537632477e-01 -4.505990528244296911e-01 3.561276707978322520e-02 -1.033624232028614642e+00 -4.208487861912999506e-01 5.078786359200648803e-01 -1.309949825851106198e+00 4.107639646662164523e-02 6.707113449454027432e-01 -3.015150687095911053e-01 6.738064331386794947e-03 -1.568799716208673090e-01 2.320093447771682804e-01 2.520528207096504048e-01 5.675933323550452769e-02 5.250848514385779708e-01 2.670189567593297397e-01 -6.914709694589191713e-01 7.780943806670279628e-01
-3.724947174271733275e-01 1.091498752113068349e+00 -4.388615004974099065e-01 4.670996203174127004e-03 5.122459619252595076e-01 -3.357394225834582357e-01 2.301556689957351409e-02 2.176607200624403049e-01 2.723778894160204800e-01 6.991553352554547018e-02 -5.890735889406641945e-01 -1.161624377446628387e-01 2.444433510424914857e-01 -9.668929777307653239e-01 7.173480150668467559e-01 3.085546854364906721e-02 -1.412223984271122390e+00 4.817421972314548384e-01 1.201396947647594970e-01 -5.754498375239904817e-01 -5.108786211945925970e-02 8.101262640678896787e-02 3.229979986796251978e-01 2.377139268739938416e-01 -6.967106825030100481e-02 3.130117575933866192e-01 -4.365645384305594234e-01 -1.318880138919666933e-01 1.086227063205086552e+00 -3.307680350144437398e-01
7.812905390061359867e-01 -4.388615004974099065e-01 1.472420075770799031e+00 -1.114031480576045396e-01 -2.204305254696237171e-01 9.171609952755943596e-01 -5.126025435697556532e-02 -4.610663042886926632e-01 -1.200322751772091578e-01 -3.541061806096763576e-01 6.613263076322368761e-01 -5.540561470151033063e-01 -5.887884856022083113e-01 9.941549285713335848e-03 -1.542487820737846960e+00 -6.433655868772234498e-01 6.368198099128221656e-01 -2.034925200908674014e+00 2.199406172167925888e-01 9.501352153644120335e-01 -4.223479314035785137e-01 -4.270093835543775640e-03 -2.723969956412588544e-01 3.283966366126378489e-01 3.865840818826313807e-01 1.257474209641600282e-01 7.267371479216535590e-01 3.653784326449454056e-01 -9.912156255979311936e-01 1.229135114029475062e+00
-1.211267296764617640e-01 4.670996203174127004e-03 -1.114031480576045396e-01 2.524071139903298899e-01 7.942724416119517628e-02 -1.429428019971510366e-01 1.022700290642433174e-01 6.897776182637471720e-02 1.012108275295418025e-01 7.175518912669076599e-02 -6.315662547211786659e-02 5.246500567540124393e-02 7.665803039861884827e-02 6.528544812420022936e-02 1.825037869839434279e-01 -7.983216902488265987e-02 -1.350542961573637513e-01 1.299619947523638075e-01 -1.845776283282702934e-01 -1.816391913312145334e-01 -3.740349888840910353e-02 -7.332117154015804772e-02 -1.063356545535043551e-02 -1.170199440705914640e-01 -1.140699875200539282e-01 2.263103861332638189e-02 -9.025273248204257470e-02 6.983789794651329430e-02 1.494922502436111245e-01 3.287926283013575812e-02
-2.067008063003754614e-01 5.122459619252595076e-01 -2.204305254696237171e-01 7.942724416119517628e-02 3.522946507935103000e-01 -2.102047229830077413e-01 2.302422654025804150e-02 1.472834938912797043e-01 1.419701443473400104e-01 3.386231123539573673e-02 -3.141280164170439093e-01 -6.336580492006760323e-02 1.419915443414083711e-01 -4.965896146221098206e-01 4.182894244916042226e-01 -7.646123137186577878e-02 -8.156553584819334901e-01 2.396399585392146037e-01 6.196916279819220108e-02 -3.211591566519587104e-01 2.980773615888665518e-03 3.797230096151338330e-02 1.845654413395436677e-01 1.070727590658862027e-01 -6.259594041370064588e-02 1.750211972702118146e-01 -2.575233749382732640e-01 -3.248718307452236331e-02 5.761221047840763276e-01 -1.584302907893970769e-01
6.905104747847303770e-01 -3.357394225834582357e-01 9.171609952755943596e-01 -1.429428019971510366e-01 -2.102047229830077413e-01 9.748993521060356215e-01 7.069662278581745340e-03 -2.759623172599958707e-01 9.788722357802726037e-02 -3.985525037040815732e-01 5.106457068924328269e-01 -3.442352657336869015e-01 -4.728315454284484076e-01 -1.535359567766931832e-01 -1.325907360726830575e+00 -4.087432626592999441e-01 4.975836735245025011e-01 -1.752995397316055914e+00 1.029123760470156412e-01 8.034289660183162596e-01 -5.400794797321850638e-01 2.596935796748311986e-02 -2.014398990784798116e-01 2.741111790361401290e-01 3.028416836071414764e-01 1.087596550608509460e-01 7.006398215281137709e-01 2.937682102731287159e-01 -7.435368869206513409e-01 9.985197551671376459e-01
-2.584493779841068317e-02 2.301556689957351409e-02 -5.126025435697556532e-02 1.022700290642433174e-01 2.302422654025804150e-02 7.069662278581745340e-03 1.040039939228449839e-01 8.370050408302631695e-02 8.433059539652276726e-02 -1.857455704907806648e-03 -1.080266272464314170e-02 -5.881879742446471937e-03 -5.589025247786594264e-03 -4.337600671402697117e-02 2.804138551431378801e-02 -6.579544408214133000e-02 -1.008432617354628746e-01 -2.986036511163092655e-02 -1.012727482097375287e-01 -7.404053801587906491e-02 -5.219638253254288429e-02 -3.063622697180790055e-02 -1.600155475938436211e-02 4.879307443559355306e-03 -1.906298893601388045e-02 2.483770504858284767e-02 -6.590900397611676453e-03 4.378607455362271139e-02 9.048414612243504962e-02 2.146908875778308357e-02
-2.746393346472473240e-01 2.176607200624403049e-01 -4.610663042886926632e-01 6.897776182637471720e-02 1.472834938912797043e-01 -2.759623172599958707e-01 8.370050408302631695e-02 3.373909419260030518e-01 1.409446130097649075e-01 3.701884963453494493e-02 -2.001281669256513851e-01 1.469543503609997970e-01 1.839430283027922997e-01 -2.669557515258134117e-01 5.055033598338809497e-01 9.520434134941524462e-02 -5.018754097047235518e-01 4.856219594738035994e-01 -2.557484577346258448e-02 -3.377432568707376959e-01 7.405257899569051006e-02 3.036246603090830831e-02 1.133586834674815691e-01 1.499417790563484232e-02 -8.956392998453566179e-02 2.778890727245197922e-02 -2.019917128968700126e-01 -1.094266236781891166e-01 4.632231561118373975e-01 -4.290511264831025073e-01
-4.392674713392352714e-02 2.723778894160204800e-01 -1.200322751772091578e-01 1.012108275295418025e-01 1.419701443473400104e-01 9.788722357802726037e-02 8.433059539652276726e-02 1.409446130097649075e-01 3.120523613177397237e-01 -9.332280569839213058e-02 -1.029732313097611041e-01 3.753440150035203260e-03 4.128317303826634088e-02 -4.127018585388668725e-01 9.890859731228829332e-03 -6.280763508192421796e-02 -4.429380548046992772e-01 -2.453351242241978980e-01 -7.147028497615792730e-02 -1.146493070144742887e-01 -2.922808875384816929e-01 1.441987873550942822e-02 5.480715418048021093e-02 5.835739788739147116e-02 -2.868819920047371852e-02 1.389855807361755069e-01 3.239178357546279585e-02 5.897087306482262647e-02 3.241775700599305310e-01 1.433134427767299712e-01
-3.049024486570601766e-01 6.991553352554547018e-02 -3.541061806096763576e-01 7.175518912669076599e-02 3.386231123539573673e-02 -3.985525037040815732e-01 -1.857455704907806648e-03 3.701884963453494493e-02 -9.332280569839213058e-02 2.742554819175211378e-01 -1.342790549236383413e-01 1.433839436932089484e-01 2.251166165958693455e-01 2.240995978498858676e-01 5.345582638510677498e-01 1.625226573231088878e-01 -8.086280378262244994e-02 7.240163134766817166e-01 -1.361062975679487863e-01 -3.558933244806326002e-01 2.168403931138982443e-01 -4.075575854284352317e-02 1.655191943507361430e-02 -1.737679829721514579e-01 -1.362163893704178008e-01 -5.056604447344170694e-02 -2.686132433252055307e-01 -1.138113102266515853e-01 2.401523606965270119e-01 -3.304367363001006197e-01
4.312234057176738133e-01 -5.890735889406641945e-01 6.613263076322368761e-01 -6.315662547211786659e-02 -3.141280164170439093e-01 5.106457068924328269e-01 -1.080266272464314170e-02 -2.001281669256513851e-01 -1.029732313097611041e-01 -1.342790549236383413e-01 5.685393118453703210e-01 -1.443884577895460097e-01 -2.949183681266163148e-01 3.325631991510249463e-01 -8.553244050517605501e-01 -2.680166655719062874e-01 7.267932331775455168e-01 -1.002819238181871242e+00 -2.348203411133908958e-02 5.214567395727840449e-01 -2.077145062339127435e-01 -8.558354869364848128e-03 -2.721771173817728595e-01 4.060526244802531437e-02 1.955599600979667230e-01 -3.904855471841983672e-02 5.089522944234090573e-01 1.764304406868859587e-01 -7.347971641840445045e-01 5.916894707548294718e-01
-3.179727608537632477e-01 -1.161624377446628387e-01 -5.540561470151033063e-01 5.246500567540124393e-02 -6.336580492006760323e-02 -3.442352657336869015e-01 -5.881879742446471937e-03 1.469543503609997970e-01 3.753440150035203260e-03 1.433839436932089484e-01 -1.443884577895460097e-01 4.078228725375083741e-01 2.527868266218433746e-01 2.941261385176403564e-01 5.018424506076257785e-01 3.330593974826570047e-01 1.444607966515718545e-01 7.582168545023364459e-01 -1.146434451343907313e-01 -2.633165872627500903e-01 1.290024918581025304e-01 -3.124365545158980240e-02 2.227336390603795735e-02 -2.910656556118169647e-01 -1.754204473996310298e-01 -1.607394633352896562e-01 -1.774953869429509723e-01 -1.365349770470629664e-01 1.401575161522146118e-01 -4.337862217759607120e-01
-4.505990528244296911e-01 2.444433510424914857e-01 -5.887884856022083113e-01 7.665803039861884827e-02 1.419915443414083711e-01 -4.728315454284484076e-01 -5.589025247786594264e-03 1.839430283027922997e-01 4.128317303826634088e-02 2.251166165958693455e-01 -2.949183681266163148e-01 2.527868266218433746e-01 3.714465346118913658e-01 -2.069659698014447713e-02 7.364566869165400931e-01 2.778355566482275663e-01 -3.894429269237775770e-01 8.711683610130194211e-01 -9.651561234423411406e-02 -4.617889824673397925e-01 1.363051673549193765e-01 -7.555097289440482200e-03 1.319419290383621046e-01 -1.772595906451783776e-01 -2.063772677730071337e-01 -9.331104275076995691e-03 -3.380604845114589807e-01 -1.844207194620253176e-01 4.738593710222573918e-01 -4.610618492870344198e-01
3.561276707978322520e-02 -9.668929777307653239e-01 9.941549285713335848e-03 6.528544812420022936e-02 -4.965896146221098206e-01 -1.535359567766931832e-01 -4.337600671402697117e-02 -2.669557515258134117e-01 -4.127018585388668725e-01 2.240995978498858676e-01 3.325631991510249463e-01 2.941261385176403564e-01 -2.069659698014447713e-02 1.405116415486190817e+00 -8.554641584703404078e-02 1.923196958654216360e-01 1.405735494661541907e+00 5.363028049114291207e-01 -2.507949615596771764e-01 1.022518640592693373e-01 3.445519635629921140e-01 -1.307338546785672406e-01 -3.229128168559896039e-01 -5.769484752855760235e-01 -9.930512623105869352e-02 -3.869850475165321768e-01 6.836719651664679986e-02 2.759018523858003391e-02 -8.053302293898809694e-01 -2.455770701601522887e-02
-1.033624232028614642e+00 7.173480150668467559e-01 -1.542487820737846960e+00 1.825037869839434279e-01 4.182894244916042226e-01 -1.325907360726830575e+00 2.804138551431378801e-02 5.055033598338809497e-01 9.890859731228829332e-03 5.345582638510677498e-01 -8.553244050517605501e-01 5.018424506076257785e-01 7.364566869165400931e-01 -8.554641584703404078e-02 2.044640623694647275e+00 5.854139837920513401e-01 -1.079896038880121978e+00 2.501397948275950966e+00 -1.718296637256173653e-01 -1.261728981546639261e+00 6.346850859577557458e-01 7.500949538950862916e-03 3.873748447881553147e-01 -3.216446284661742538e-01 -4.383362937958281691e-01 -6.533971411658967554e-02 -1.034762534163178316e+00 -4.306877058128861790e-01 1.319321656268670040e+00 -1.467655579295922053e+00
-4.208487861912999506e-01 3.085546854364906721e-02 -6.433655868772234498e-01 -7.983216902488265987e-02 -7.646123137186577878e-02 -4.087432626592999441e-01 -6.579544408214133000e-02 9.520434134941524462e-02 -6.280763508192421796e-02 1.625226573231088878e-01 -2.680166655719062874e-01 3.330593974826570047e-01 2.778355566482275663e-01 1.923196958654216360e-01 5.854139837920513401e-01 7.071551378043068325e-01 2.014592589149515334e-01 1.133870435721405556e+00 -5.537439513773279032e-03 -2.463211241985732158e-01 3.005425021598284729e-01 -5.695190148483675330e-02 1.188250034819020584e-01 -2.157158472557512141e-01 -2.280400317082182937e-01 -2.270370916567401309e-01 -3.347806226828424769e-01 -2.905067926852780147e-01 1.791710184487840252e-01 -6.874745539772106895e-01
5.078786359200648803e-01 -1.412223984271122390e+00 6.368198099128221656e-01 -1.350542961573637513e-01 -8.156553584819334901e-01 4.975836735245025011e-01 -1.008432617354628746e-01 -5.018754097047235518e-01 -4.429380548046992772e-01 -8.086280378262244994e-02 7.267932331775455168e-01 1.444607966515718545e-01 -3.894429269237775770e-01 1.405735494661541907e+00 -1.079896038880121978e+00 2.014592589149515334e-01 2.285427261553422795e+00 -5.426756221515347534e-01 -6.106812281143447763e-02 8.923521171582251554e-01 1.606739541657020709e-01 -1.464198883011249563e-01 -4.561560139149491988e-01 -3.448411754974927135e-01 8.948910660456022015e-02 -5.241380407945257502e-01 5.571932876856635630e-01 1.148657047605752268e-01 -1.600262961373402959e+00 4.136213935871069225e-01
-1.309949825851106198e+00 4.817421972314548384e-01 -2.034925200908674014e+00 1.299619947523638075e-01 2.396399585392146037e-01 -1.752995397316055914e+00 -2.986036511163092655e-02 4.856219594738035994e-01 -2.453351242241978980e-01 7.240163134766817166e-01 -1.002819238181871242e+00 7.582168545023364459e-01 8.711683610130194211e-01 5.363028049114291207e-01 2.501397948275950966e+00 1.133870435721405556e+00 -5.426756221515347534e-01 3.768424528711875610e+00 -2.139196278551764863e-01 -1.471864432505753939e+00 1.137834874708516963e+00 -5.505987789183564018e-02 3.735382413904062560e-01 -6.589147857536090669e-01 -6.126940618947855910e-01 -3.508207386386175131e-01 -1.359165654287437519e+00 -6.375363737690236121e-01 1.251334791720921658e+00 -2.114540693554602058e+00
4.107639646662164523e-02 1.201396947647594970e-01 2.199406172167925888e-01 -1.845776283282702934e-01 6.196916279819220108e-02 1.029123760470156412e-01 -1.012727482097375287e-01 -2.557484577346258448e-02 -7.147028497615792730e-02 -1.361062975679487863e-01 -2.348203411133908958e-02 -1.146434451343907313e-01 -9.651561234423411406e-02 -2.507949615596771764e-01 -1.718296637256173653e-01 -5.537439513773279032e-03 -6.106812281143447763e-02 -2.139196278551764863e-01 4.365429980312001135e-01 2.147180004769779771e-01 1.113775325326855636e-01 4.160522129083688014e-02 3.313904854414317924e-02 1.634598912040701180e-01 8.047941280673853726e-02 -1.679879469017464544e-02 4.871156210634808303e-02 -7.569305747296084519e-02 -5.224786880111764731e-02 -7.453858961517312309e-02
6.707113449454027432e-01 -5.754498375239904817e-01 9.501352153644120335e-01 -1.816391913312145334e-01 -3.211591566519587104e-01 8.034289660183162596e-01 -7.404053801587906491e-02 -3.377432568707376959e-01 -1.146493070144742887e-01 -3.558933244806326002e-01 5.214567395727840449e-01 -2.633165872627500903e-01 -4.617889824673397925e-01 1.022518640592693373e-01 -1.261728981546639261e+00 -2.463211241985732158e-01 8.923521171582251554e-01 -1.471864432505753939e+00 2.147180004769779771e-01 1.012095716218084362e+00 -2.900503235058522478e-01 -1.750845704447101525e-02 -1.657701871736776411e-01 2.700435976163930718e-01 2.571549046071481825e-01 -1.025427992277059275e-01 6.455082947429673368e-01 1.946039728280766212e-01 -1.025491313072564026e+00 7.324946502341731502e-01
-3.015150687095911053e-01 -5.108786211945925970e-02 -4.223479314035785137e-01 -3.740349888840910353e-02 2.980773615888665518e-03 -5.400794797321850638e-01 -5.219638253254288429e-02 7.405257899569051006e-02 -2.922808875384816929e-01 2.168403931138982443e-01 -2.077145062339127435e-01 1.290024918581025304e-01 1.363051673549193765e-01 3.445519635629921140e-01 6.346850859577557458e-01 3.005425021598284729e-01 1.606739541657020709e-01 1.137834874708516963e+00 1.113775325326855636e-01 -2.900503235058522478e-01 6.759858595154355498e-01 -2.674395256593697923e-02 3.730556715436250670e-02 -1.188993355332286228e-01 -1.251291360728146174e-01 -2.160760013402409641e-01 -4.085749808402852068e-01 -2.220777771445341386e-01 1.453636586444417844e-01 -7.953257620601448252e-01
6.738064331386794947e-03 8.101262640678896787e-02 -4.270093835543775640e-03 -7.332117154015804772e-02 3.797230096151338330e-02 2.596935796748311986e-02 -3.063622697180790055e-02 3.036246603090830831e-02 1.441987873550942822e-02 -4.075575854284352317e-02 -8.558354869364848128e-03 -3.124365545158980240e-02 -7.555097289440482200e-03 -1.307338546785672406e-01 7.500949538950862916e-03 -5.695190148483675330e-02 -1.464198883011249563e-01 -5.505987789183564018e-02 4.160522129083688014e-02 -1.750845704447101525e-02 -2.674395256593697923e-02 1.114636870803735746e-01 4.077032419417037090e-02 6.369156254027075192e-02 6.952444686180569988e-02 5.377044930745000784e-02 2.818717671573267580e-02 -2.011251703771677057e-02 5.933212577212998440e-02 -2.245249031540197393e-02
-1.568799716208673090e-01 3.229979986796251978e-01 -2.723969956412588544e-01 -1.063356545535043551e-02 1.845654413395436677e-01 -2.014398990784798116e-01 -1.600155475938436211e-02 1.133586834674815691e-01 5.480715418048021093e-02 1.655191943507361430e-02 -2.721771173817728595e-01 2.227336390603795735e-02 1.319419290383621046e-01 -3.229128168559896039e-01 3.873748447881553147e-01 1.188250034819020584e-01 -4.561560139149491988e-01 3.735382413904062560e-01 3.313904854414317924e-02 -1.657701871736776411e-01 3.730556715436250670e-02 4.077032419417037090e-02 2.307582985806675424e-01 9.440719946144326968e-02 -6.167640471358026844e-02 3.147705121102717385e-02 -2.120517773477672563e-01 -9.603735902703647298e-02 3.338586641758070073e-01 -2.838158285113649981e-01
2.320093447771682804e-01 2.377139268739938416e-01 3.283966366126378489e-01 -1.170199440705914640e-01 1.070727590658862027e-01 2.741111790361401290e-01 4.879307443559355306e-03 1.499417790563484232e-02 5.835739788739147116e-02 -1.737679829721514579e-01 4.060526244802531437e-02 -2.910656556118169647e-01 -1.772595906451783776e-01 -5.769484752855760235e-01 -3.216446284661742538e-01 -2.157158472557512141e-01 -3.448411754974927135e-01 -6.589147857536090669e-01 1.634598912040701180e-01 2.700435976163930718e-01 -1.188993355332286228e-01 6.369156254027075192e-02 9.440719946144326968e-02 5.219176046827556092e-01 1.904111515997328752e-01 1.186650131061810498e-01 1.257013782824287773e-01 2.931149274053268527e-02 3.828834450087015284e-02 8.204126678299417108e-02
2.520528207096504048e-01 -6.967106825030100481e-02 3.865840818826313807e-01 -1.140699875200539282e-01 -6.259594041370064588e-02 3.028416836071414764e-01 -1.906298893601388045e-02 -8.956392998453566179e-02 -2.868819920047371852e-02 -1.362163893704178008e-01 1.955599600979667230e-01 -1.754204473996310298e-01 -2.063772677730071337e-01 -9.930512623105869352e-02 -4.383362937958281691e-01 -2.280400317082182937e-01 8.948910660456022015e-02 -6.126940618947855910e-01 8.047941280673853726e-02 2.571549046071481825e-01 -1.251291360728146174e-01 6.952444686180569988e-02 -6.167640471358026844e-02 1.904111515997328752e-01 2.129106966115159594e-01 7.282467184393226489e-02 2.292301233705984487e-01 8.879878371709537532e-02 -2.322174789666178185e-01 2.712002926615468823e-01
5.675933323550452769e-02 3.130117575933866192e-01 1.257474209641600282e-01 2.263103861332638189e-02 1.750211972702118146e-01 1.087596550608509460e-01 2.483770504858284767e-02 2.778890727245197922e-02 1.389855807361755069e-01 -5.056604447344170694e-02 -3.904855471841983672e-02 -1.607394633352896562e-01 -9.331104275076995691e-03 -3.869850475165321768e-01 -6.533971411658967554e-02 -2.270370916567401309e-01 -5.241380407945257502e-01 -3.508207386386175131e-01 -1.679879469017464544e-02 -1.025427992277059275e-01 -2.160760013402409641e-01 5.377044930745000784e-02 3.147705121102717385e-02 1.186650131061810498e-01 7.282467184393226489e-02 2.596041908308848178e-01 2.502046401616553339e-02 7.290879923505144689e-02 2.458110526136465523e-01 2.757972160244435145e-01
5.250848514385779708e-01 -4.365645384305594234e-01 7.267371479216535590e-01 -9.025273248204257470e-02 -2.575233749382732640e-01 7.006398215281137709e-01 -6.590900397611676453e-03 -2.019917128968700126e-01 3.239178357546279585e-02 -2.686132433252055307e-01 5.089522944234090573e-01 -1.774953869429509723e-01 -3.380604845114589807e-01 6.836719651664679986e-02 -1.034762534163178316e+00 -3.347806226828424769e-01 5.571932876856635630e-01 -1.359165654287437519e+00 4.871156210634808303e-02 6.455082947429673368e-01 -4.085749808402852068e-01 2.818717671573267580e-02 -2.120517773477672563e-01 1.257013782824287773e-01 2.292301233705984487e-01 2.502046401616553339e-02 6.441988450982307768e-01 2.070849311467100051e-01 -6.969125275296619293e-01 7.503292815350164346e-01
2.670189567593297397e-01 -1.318880138919666933e-01 3.653784326449454056e-01 6.983789794651329430e-02 -3.248718307452236331e-02 2.937682102731287159e-01 4.378607455362271139e-02 -1.094266236781891166e-01 5.897087306482262647e-02 -1.138113102266515853e-01 1.764304406868859587e-01 -1.365349770470629664e-01 -1.844207194620253176e-01 2.759018523858003391e-02 -4.306877058128861790e-01 -2.905067926852780147e-01 1.148657047605752268e-01 -6.375363737690236121e-01 -7.569305747296084519e-02 1.946039728280766212e-01 -2.220777771445341386e-01 -2.011251703771677057e-02 -9.603735902703647298e-02 2.931149274053268527e-02 8.879878371709537532e-02 7.290879923505144689e-02 2.070849311467100051e-01 2.151020297843615481e-01 -2.165582971946378166e-01 4.723219294634759535e-01
-6.914709694589191713e-01 1.086227063205086552e+00 -9.912156255979311936e-01 1.494922502436111245e-01 5.761221047840763276e-01 -7.435368869206513409e-01 9.048414612243504962e-02 4.632231561118373975e-01 3.241775700599305310e-01 2.401523606965270119e-01 -7.347971641840445045e-01 1.401575161522146118e-01 4.738593710222573918e-01 -8.053302293898809694e-01 1.319321656268670040e+00 1.791710184487840252e-01 -1.600262961373402959e+00 1.251334791720921658e+00 -5.224786880111764731e-02 -1.025491313072564026e+00 1.453636586444417844e-01 5.933212577212998440e-02 3.338586641758070073e-01 3.828834450087015284e-02 -2.322174789666178185e-01 2.458110526136465523e-01 -6.969125275296619293e-01 -2.165582971946378166e-01 1.460641283258354406e+00 -7.869791923715183657e-01
7.780943806670279628e-01 -3.307680350144437398e-01 1.229135114029475062e+00 3.287926283013575812e-02 -1.584302907893970769e-01 9.985197551671376459e-01 2.146908875778308357e-02 -4.290511264831025073e-01 1.433134427767299712e-01 -3.304367363001006197e-01 5.916894707548294718e-01 -4.337862217759607120e-01 -4.610618492870344198e-01 -2.455770701601522887e-02 -1.467655579295922053e+00 -6.874745539772106895e-01 4.136213935871069225e-01 -2.114540693554602058e+00 -7.453858961517312309e-02 7.324946502341731502e-01 -7.953257620601448252e-01 -2.245249031540197393e-02 -2.838158285113649981e-01 8.204126678299417108e-02 2.712002926615468823e-01 2.757972160244435145e-01 7.503292815350164346e-01 4.723219294634759535e-01 -7.869791923715183657e-01 1.607967179234719879e+00
