2.084970630294264993e-01 8.108360055422281221e-02 1.607650730657042004e-01 -4.183224344149039098e-02 1.470188414589301829e-02 1.035103467960425405e-01 5.697760674365781597e-04 -2.254971149659468210e-02 2.448583471215215468e-02 -6.998986185919875425e-02 2.857036138141211268e-02 -1.509151919782425466e-01 -1.117923615760219036e-01 -2.012331373686038205e-01 -1.382349214761688927e-01 -1.215699393417821739e-01 -7.044879681677684857e-02 -3.199347001523165090e-01 1.663822735582698442e-02 8.337569287766655179e-02 -4.042845486640089803e-02 1.282789480336532506e-02 3.280901952444992276e-02 1.864132033436476377e-01 6.948767159684621220e-02 6.109216782908788446e-02 5.171115045402530086e-02 3.715962467776989797e-02 -7.401522202997057320e-03 1.226296124261239129e-01
8.108360055422281221e-02 1.196521180003173868e-01 1.104026868165703945e-01 -7.120782233522504612e-02 3.482228557129474211e-02 1.238362953206433303e-01 -6.336491249157916172e-03 -2.012874385778218311e-02 1.218110304907327190e-02 -4.353220899463394744e-02 4.634413497001332871e-03 -1.057784785387241300e-01 -4.993290332902233786e-02 -2.038871776589985529e-01 -9.407842025436252698e-02 -6.986034176341604507e-02 -1.197603317042990057e-01 -2.678484645749108495e-01 3.882931528929134402e-02 5.262694648700971811e-02 -6.260186260948330528e-02 3.831444539821404760e-02 4.373966770592119246e-02 1.401685966600325628e-01 7.211648511631096881e-02 7.110147707521718985e-02 4.874603308013547576e-02 1.052599506391516115e-02 1.719999740078037576e-02 9.497193407111126362e-02
1.607650730657042004e-01 1.104026868165703945e-01 3.784956258172655907e-01 -6.351496771793563312e-02 8.889153526143900308e-02 2.068732862271644990e-01 -2.391871717998128588e-02 -7.943015811929399206e-02 2.525809314300886399e-02 -1.139998501773220596e-01 4.490650780564919842e-02 -2.528692462493609128e-01 -1.485018735356220532e-01 -3.250890403940047690e-01 -2.807749897638132097e-01 -1.526000709897630259e-01 -8.824238657166461053e-02 -5.773459495368911121e-01 1.090873377712284764e-01 1.523791563091663193e-01 -7.372849187936481030e-02 3.642626483380695390e-02 5.751366466330409821e-02 2.568824178372892675e-01 1.215848893231736838e-01 1.057916622722245847e-01 5.508007341109077970e-02 7.467105628103354320e-02 -6.712414754113638082e-02 2.621292604677591953e-01
-4.183224344149039098e-02 -7.120782233522504612e-02 -6.351496771793563312e-02 2.121876470858978792e-01 2.787149080563722237e-02 -2.350090171211149936e-02 8.993472503050270461e-02 5.275994802644845549e-02 1.236850869010481802e-01 -1.256962498388247695e-02 -8.713367972177366028e-03 5.324581153428198377e-02 1.985236731684381084e-02 3.571503581463275623e-02 1.414734096101710747e-02 -4.268977058688960824e-02 -1.851544631790602580e-03 3.280948782332870906e-03 -1.369952193109043037e-01 -3.323058787759691768e-02 -9.445047152485130937e-02 -6.930912222713914161e-02 -1.834885454252344061e-02 -7.424078079367291139e-02 -8.966030487425769024e-02 -6.138852912783931970e-03 -3.917586115619542397e-03 7.108279363046676735e-02 2.314880437774036182e-02 6.526106014558763491e-02
1.470188414589301829e-02 3.482228557129474211e-02 8.889153526143900308e-02 2.787149080563722237e-02 5.760412207598619716e-02 5.425777920027030632e-02 8.206294854403495265e-03 -1.297375188647720279e-02 2.117155770451972785e-02 -3.160056874401107052e-02 -1.024090368844099430e-03 -6.367377809931440424e-02 -3.140761835442162919e-02 -1.021152131826283949e-01 -5.674058347466370833e-02 -5.371668503136106665e-02 -6.878993421429413502e-02 -1.482785365006407119e-01 1.148873448690324039e-02 2.380718045520779924e-02 -3.046243457953323741e-02 2.606962924431854844e-03 2.774314906815789072e-02 5.428977006897639512e-02 1.834779197105262938e-02 3.913081419034369901e-02 5.035118695673190814e-03 3.350311106601111533e-02 1.795972543163770752e-03 7.550721014530381581e-02
1.035103467960425405e-01 1.238362953206433303e-01 2.068732862271644990e-01 -2.350090171211149936e-02 5.425777920027030632e-02 2.514360236983179675e-01 3.828427498950759400e-02 -1.269543421790331195e-02 1.162355875574121455e-01 -9.353269946882392105e-02 4.182825174461868301e-02 -1.574214885152969146e-01 -8.157343941394401554e-02 -3.326066617739797948e-01 -2.343511976584977674e-01 -1.379993450567553737e-01 -1.190207495120034764e-01 -5.709919416860316232e-01 1.880439264121491760e-02 1.131727099379418178e-01 -1.881043378044751080e-01 2.550296739326540774e-02 3.154316139313095846e-02 2.120726848037293166e-01 8.680663118491338537e-02 1.066670106085894076e-01 1.095281568508426062e-01 6.370038737753702662e-02 -6.981732593601464032e-03 2.547228303498059176e-01
5.697760674365781597e-04 -6.336491249157916172e-03 -2.391871717998128588e-02 8.993472503050270461e-02 8.206294854403495265e-03 3.828427498950759400e-02 9.404812904432446885e-02 8.134368001736902443e-02 9.342493159476816800e-02 -3.121941258092419957e-02 1.182493600555289959e-02 -5.973661448194889090e-03 -2.128412172680782533e-02 -6.645402457917271022e-02 -2.679485206266463138e-02 -6.719980354654353505e-02 -5.384502497850007785e-02 -9.677643365046151303e-02 -7.922453273943119711e-02 -1.880433236715362000e-02 -6.626222981276441715e-02 -2.080301687578867131e-02 -1.789291788441005338e-02 3.488384583368997482e-02 -6.466091629931725038e-03 1.874446808602669989e-02 2.717129187419686787e-02 4.164560896310831595e-02 4.321189647760093067e-02 2.596202196161812026e-02
-2.254971149659468210e-02 -2.012874385778218311e-02 -7.943015811929399206e-02 5.275994802644845549e-02 -1.297375188647720279e-02 -1.269543421790331195e-02 8.134368001736902443e-02 1.476021506571214559e-01 9.096875798121573098e-02 -2.946394221595483032e-02 3.497690921892626648e-02 4.649042402053282785e-02 -7.216812362571545236e-04 -6.396544688288940961e-02 2.844290006356686717e-02 -5.602399637405142130e-02 -9.329560575787354537e-02 -3.013645907390127832e-02 -6.147123738227833201e-02 -6.528583242135255205e-02 -4.087506013058828103e-02 9.293628167938550177e-03 -3.192176931463563960e-02 2.277940388063370847e-02 1.524323532157723093e-02 1.647130759340598161e-02 4.116277585967509367e-02 1.159160616214194306e-02 8.852458681798225371e-02 -6.670532373442483731e-02
2.448583471215215468e-02 1.218110304907327190e-02 2.525809314300886399e-02 1.236850869010481802e-01 2.117155770451972785e-02 1.162355875574121455e-01 9.342493159476816800e-02 9.096875798121573098e-02 2.059934514464316635e-01 -7.107134157291739029e-02 4.471356314212471261e-02 3.356708460842128261e-04 -8.407448711579945666e-03 -1.865801445437682560e-01 -1.112614394059505685e-01 -1.158114799455063348e-01 -9.199577103703404646e-02 -3.530417996666415092e-01 -1.007634758260280705e-01 1.306211097943332788e-02 -2.251374721253114330e-01 -1.574258400620465181e-02 -1.740345595328562922e-02 5.841136112184130980e-02 -5.517441405629597284e-03 6.427986381862638154e-02 1.028940967416929197e-01 7.571831667178230418e-02 4.960302171727448695e-02 1.803102464763242097e-01
-6.998986185919875425e-02 -4.353220899463394744e-02 -1.139998501773220596e-01 -1.256962498388247695e-02 -3.160056874401107052e-02 -9.353269946882392105e-02 -3.121941258092419957e-02 -2.946394221595483032e-02 -7.107134157291739029e-02 9.602554939755236774e-02 -5.681261715949403879e-03 8.111090168284817992e-02 8.221182821199590762e-02 1.616393196505896412e-01 1.177145007127364806e-01 8.107656652492778449e-02 5.714118965880743417e-02 2.594778253613867491e-01 -4.087079054735909267e-02 -4.709471957659161490e-02 4.175951674596944940e-02 -1.200072172957789007e-02 -6.004610734578363918e-03 -1.092385835884215339e-01 -4.870774073850725472e-02 -4.299621428475575158e-02 -3.711164137376954386e-02 -4.395573004092057090e-02 -1.240714987818591908e-02 -7.510989481562546644e-02
2.857036138141211268e-02 4.634413497001332871e-03 4.490650780564919842e-02 -8.713367972177366028e-03 -1.024090368844099430e-03 4.182825174461868301e-02 1.182493600555289959e-02 3.497690921892626648e-02 4.471356314212471261e-02 -5.681261715949403879e-03 7.807208926374187286e-02 -3.020664629423208680e-02 -1.597389858221731629e-02 -9.757125644603092951e-02 -5.217741246838158986e-02 -6.842143735860872766e-02 -5.586623638265564296e-02 -1.566417240164241775e-01 -2.723757465275866707e-02 -1.306731662816673634e-02 -6.249357186436554912e-02 2.720983211770544585e-02 -1.656694502821665083e-02 5.546446830504692116e-02 4.442077845624226029e-02 4.273027483543501148e-02 6.021693540407113687e-02 1.400030416203890127e-02 2.368088718918670565e-02 5.438682386403570490e-02
-1.509151919782425466e-01 -1.057784785387241300e-01 -2.528692462493609128e-01 5.324581153428198377e-02 -6.367377809931440424e-02 -1.574214885152969146e-01 -5.973661448194889090e-03 4.649042402053282785e-02 3.356708460842128261e-04 8.111090168284817992e-02 -3.020664629423208680e-02 2.440577973523545552e-01 1.479697567789344248e-01 2.444732224898871209e-01 1.843881525128381327e-01 1.303202594764343303e-01 1.040176649719342095e-01 3.667273964680930476e-01 -6.459323748873657678e-02 -9.078484353767635184e-02 2.718922131975887169e-03 -3.170446207798249816e-02 -4.826661932258957677e-02 -2.248334574377395256e-01 -1.083288828121453662e-01 -7.751432777047284617e-02 -2.884559601614000712e-02 -5.113223700107027980e-02 2.124071776296432290e-02 -1.342599420667056620e-01
-1.117923615760219036e-01 -4.993290332902233786e-02 -1.485018735356220532e-01 1.985236731684381084e-02 -3.140761835442162919e-02 -8.157343941394401554e-02 -2.128412172680782533e-02 -7.216812362571545236e-04 -8.407448711579945666e-03 8.221182821199590762e-02 -1.597389858221731629e-02 1.479697567789344248e-01 1.467089192814796661e-01 1.558306834533027541e-01 1.203633562761865505e-01 9.261371591523470670e-02 3.176955270834014300e-02 2.080348983454882728e-01 -7.368558417672943506e-02 -6.195600539206225221e-02 -6.387730667501045900e-02 -1.595464100765298099e-02 -3.434931444644462317e-03 -1.603568059751410146e-01 -8.002443362551048267e-02 -2.408221764488871486e-02 -9.517140886202923866e-03 -3.864585085131011510e-02 -8.929117814204801107e-05 -4.135404835722056305e-03
-2.012331373686038205e-01 -2.038871776589985529e-01 -3.250890403940047690e-01 3.571503581463275623e-02 -1.021152131826283949e-01 -3.326066617739797948e-01 -6.645402457917271022e-02 -6.396544688288940961e-02 -1.865801445437682560e-01 1.616393196505896412e-01 -9.757125644603092951e-02 2.444732224898871209e-01 1.558306834533027541e-01 6.353803489179767894e-01 3.197662628113562278e-01 2.727666302978377644e-01 3.051133734431914490e-01 9.254338237212209606e-01 -2.053506713122033034e-02 -1.665955602491635545e-01 2.606682273805063232e-01 -6.529445590234672636e-02 -7.584698156961167115e-02 -4.414282283877923874e-01 -1.809460509046516563e-01 -1.739998057142315702e-01 -1.840991681089576559e-01 -9.148800216087238368e-02 -5.650979810667422498e-02 -2.805393063130168230e-01
-1.382349214761688927e-01 -9.407842025436252698e-02 -2.807749897638132097e-01 1.414734096101710747e-02 -5.674058347466370833e-02 -2.343511976584977674e-01 -2.679485206266463138e-02 2.844290006356686717e-02 -1.112614394059505685e-01 1.177145007127364806e-01 -5.217741246838158986e-02 1.843881525128381327e-01 1.203633562761865505e-01 3.197662628113562278e-01 2.925030767017346989e-01 1.467837973469272583e-01 6.515582086041149523e-02 5.977231275553549494e-01 -5.448237993257976086e-02 -1.309618977767854631e-01 1.417578351695851779e-01 -1.643534789661771356e-02 -1.072862246945760489e-02 -2.147951793725724201e-01 -8.880058236286458850e-02 -1.013649546295027903e-01 -1.025335266800766476e-01 -7.426477266574238456e-02 3.268961740067766186e-02 -2.726568984540449492e-01
-1.215699393417821739e-01 -6.986034176341604507e-02 -1.526000709897630259e-01 -4.268977058688960824e-02 -5.371668503136106665e-02 -1.379993450567553737e-01 -6.719980354654353505e-02 -5.602399637405142130e-02 -1.158114799455063348e-01 8.107656652492778449e-02 -6.842143735860872766e-02 1.303202594764343303e-01 9.261371591523470670e-02 2.727666302978377644e-01 1.467837973469272583e-01 2.663165071138280382e-01 1.677786344380365335e-01 4.603699070867151022e-01 5.613906143793201409e-02 -2.248274954683893156e-02 1.334005791623553705e-01 -6.025531907201298054e-02 -1.091993020639847600e-02 -2.046449518250028632e-01 -1.179918721994681619e-01 -1.106184137235572962e-01 -9.927906931511643052e-02 -8.643859009555399098e-02 -4.850303213936513202e-02 -1.605402880348947292e-01
-7.044879681677684857e-02 -1.197603317042990057e-01 -8.824238657166461053e-02 -1.851544631790602580e-03 -6.878993421429413502e-02 -1.190207495120034764e-01 -5.384502497850007785e-02 -9.329560575787354537e-02 -9.199577103703404646e-02 5.714118965880743417e-02 -5.586623638265564296e-02 1.040176649719342095e-01 3.176955270834014300e-02 3.051133734431914490e-01 6.515582086041149523e-02 1.677786344380365335e-01 3.134615364474484522e-01 3.438077821758156460e-01 8.124187125878279403e-02 2.577854552021108248e-02 1.709700208784852293e-01 -6.395858955227140541e-02 -6.093159821773497242e-02 -1.742104962542043722e-01 -1.010470638519791464e-01 -1.425881649406619545e-01 -8.499014404259241928e-02 -4.677477224640824716e-02 -1.031253067498596465e-01 -1.254921980069525489e-01
-3.199347001523165090e-01 -2.678484645749108495e-01 -5.773459495368911121e-01 3.280948782332870906e-03 -1.482785365006407119e-01 -5.709919416860316232e-01 -9.677643365046151303e-02 -3.013645907390127832e-02 -3.530417996666415092e-01 2.594778253613867491e-01 -1.566417240164241775e-01 3.667273964680930476e-01 2.080348983454882728e-01 9.254338237212209606e-01 5.977231275553549494e-01 4.603699070867151022e-01 3.438077821758156460e-01 1.611716278082610643e+00 -1.950886233359483413e-02 -3.014918900447014494e-01 5.201074586977938452e-01 -7.661810763465837226e-02 -8.791979804749416871e-02 -6.250665406473672192e-01 -2.387006367213189151e-01 -2.721286714788675454e-01 -3.246679662472047312e-01 -1.796284265203667019e-01 -4.797623341403323138e-03 -6.451650197871003911e-01
1.663822735582698442e-02 3.882931528929134402e-02 1.090873377712284764e-01 -1.369952193109043037e-01 1.148873448690324039e-02 1.880439264121491760e-02 -7.922453273943119711e-02 -6.147123738227833201e-02 -1.007634758260280705e-01 -4.087079054735909267e-02 -2.723757465275866707e-02 -6.459323748873657678e-02 -7.368558417672943506e-02 -2.053506713122033034e-02 -5.448237993257976086e-02 5.613906143793201409e-02 8.124187125878279403e-02 -1.950886233359483413e-02 2.502725598044150956e-01 7.082609549024709850e-02 1.850571661264552858e-01 2.171487547161632392e-02 -7.770340143679277389e-03 4.172192799967433530e-02 4.075142733631764713e-02 -4.356694683900741438e-02 -1.763544075384970711e-02 -5.473964199200054281e-02 -4.180772725976567017e-02 -9.768621988033032721e-02
8.337569287766655179e-02 5.262694648700971811e-02 1.523791563091663193e-01 -3.323058787759691768e-02 2.380718045520779924e-02 1.131727099379418178e-01 -1.880433236715362000e-02 -6.528583242135255205e-02 1.306211097943332788e-02 -4.709471957659161490e-02 -1.306731662816673634e-02 -9.078484353767635184e-02 -6.195600539206225221e-02 -1.665955602491635545e-01 -1.309618977767854631e-01 -2.248274954683893156e-02 2.577854552021108248e-02 -3.014918900447014494e-01 7.082609549024709850e-02 1.799847692668095078e-01 -4.321286672626456493e-02 -1.518679997360550260e-02 5.276628070299693718e-02 1.832250023434198738e-01 2.776981082894280917e-02 -1.907796713828702195e-02 2.924405382970007850e-02 1.677764852649943350e-02 -7.093506325122689304e-02 7.537050853773052950e-02
-4.042845486640089803e-02 -6.260186260948330528e-02 -7.372849187936481030e-02 -9.445047152485130937e-02 -3.046243457953323741e-02 -1.881043378044751080e-01 -6.626222981276441715e-02 -4.087506013058828103e-02 -2.251374721253114330e-01 4.175951674596944940e-02 -6.249357186436554912e-02 2.718922131975887169e-03 -6.387730667501045900e-02 2.606682273805063232e-01 1.417578351695851779e-01 1.334005791623553705e-01 1.709700208784852293e-01 5.201074586977938452e-01 1.850571661264552858e-01 -4.321286672626456493e-02 4.330706029531938839e-01 -7.300048491288180230e-03 -4.383806051782812574e-02 -7.723702520354436274e-02 -1.041298213920072158e-03 -1.359834913804434109e-01 -1.435794970375354751e-01 -8.685616544192953370e-02 -1.217255447443221783e-02 -3.898683717727067233e-01
1.282789480336532506e-02 3.831444539821404760e-02 3.642626483380695390e-02 -6.930912222713914161e-02 2.606962924431854844e-03 2.550296739326540774e-02 -2.080301687578867131e-02 9.293628167938550177e-03 -1.574258400620465181e-02 -1.200072172957789007e-02 2.720983211770544585e-02 -3.170446207798249816e-02 -1.595464100765298099e-02 -6.529445590234672636e-02 -1.643534789661771356e-02 -6.025531907201298054e-02 -6.395858955227140541e-02 -7.661810763465837226e-02 2.171487547161632392e-02 -1.518679997360550260e-02 -7.300048491288180230e-03 7.742338881718069388e-02 1.165655106683516351e-02 5.492924867195370098e-02 7.921659161735306043e-02 3.667479435401332921e-02 3.379158856137109979e-02 -1.286144841668601657e-02 1.868441798660569475e-02 -2.850201927742546104e-03
3.280901952444992276e-02 4.373966770592119246e-02 5.751366466330409821e-02 -1.834885454252344061e-02 2.774314906815789072e-02 3.154316139313095846e-02 -1.789291788441005338e-02 -3.192176931463563960e-02 -1.740345595328562922e-02 -6.004610734578363918e-03 -1.656694502821665083e-02 -4.826661932258957677e-02 -3.434931444644462317e-03 -7.584698156961167115e-02 -1.072862246945760489e-02 -1.091993020639847600e-02 -6.093159821773497242e-02 -8.791979804749416871e-02 -7.770340143679277389e-03 5.276628070299693718e-02 -4.383806051782812574e-02 1.165655106683516351e-02 7.160329851859614791e-02 7.903667159297356193e-02 1.446302662259313365e-02 7.616779358443181991e-03 7.442860671176276810e-04 5.442777341045257344e-03 -1.820107903694179186e-02 3.932127243552940854e-02
1.864132033436476377e-01 1.401685966600325628e-01 2.568824178372892675e-01 -7.424078079367291139e-02 5.428977006897639512e-02 2.120726848037293166e-01 3.488384583368997482e-02 2.277940388063370847e-02 5.841136112184130980e-02 -1.092385835884215339e-01 5.546446830504692116e-02 -2.248334574377395256e-01 -1.603568059751410146e-01 -4.414282283877923874e-01 -2.147951793725724201e-01 -2.046449518250028632e-01 -1.742104962542043722e-01 -6.250665406473672192e-01 4.172192799967433530e-02 1.832250023434198738e-01 -7.723702520354436274e-02 5.492924867195370098e-02 7.903667159297356193e-02 4.870652554402568057e-01 1.885006576038676940e-01 6.262431342241825405e-02 9.114850000202068259e-02 4.203281175222173260e-02 1.805066925629716934e-02 3.635097476251303306e-02
6.948767159684621220e-02 7.211648511631096881e-02 1.215848893231736838e-01 -8.966030487425769024e-02 1.834779197105262938e-02 8.680663118491338537e-02 -6.466091629931725038e-03 1.524323532157723093e-02 -5.517441405629597284e-03 -4.870774073850725472e-02 4.442077845624226029e-02 -1.083288828121453662e-01 -8.002443362551048267e-02 -1.809460509046516563e-01 -8.880058236286458850e-02 -1.179918721994681619e-01 -1.010470638519791464e-01 -2.387006367213189151e-01 4.075142733631764713e-02 2.776981082894280917e-02 -1.041298213920072158e-03 7.921659161735306043e-02 1.446302662259313365e-02 1.885006576038676940e-01 1.470113792049119184e-01 6.867691052701729859e-02 4.079170973841428349e-02 6.382862252564791561e-03 2.095506465531116191e-02 4.705460753882562130e-03
6.109216782908788446e-02 7.110147707521718985e-02 1.057916622722245847e-01 -6.138852912783931970e-03 3.913081419034369901e-02 1.066670106085894076e-01 1.874446808602669989e-02 1.647130759340598161e-02 6.427986381862638154e-02 -4.299621428475575158e-02 4.273027483543501148e-02 -7.751432777047284617e-02 -2.408221764488871486e-02 -1.739998057142315702e-01 -1.013649546295027903e-01 -1.106184137235572962e-01 -1.425881649406619545e-01 -2.721286714788675454e-01 -4.356694683900741438e-02 -1.907796713828702195e-02 -1.359834913804434109e-01 3.667479435401332921e-02 7.616779358443181991e-03 6.262431342241825405e-02 6.867691052701729859e-02 1.346178462049465452e-01 5.386569790852036022e-02 4.221465777152388910e-02 2.399604973194868762e-02 1.937601156703863126e-01
5.171115045402530086e-02 4.874603308013547576e-02 5.508007341109077970e-02 -3.917586115619542397e-03 5.035118695673190814e-03 1.095281568508426062e-01 2.717129187419686787e-02 4.116277585967509367e-02 1.028940967416929197e-01 -3.711164137376954386e-02 6.021693540407113687e-02 -2.884559601614000712e-02 -9.517140886202923866e-03 -1.840991681089576559e-01 -1.025335266800766476e-01 -9.927906931511643052e-02 -8.499014404259241928e-02 -3.246679662472047312e-01 -1.763544075384970711e-02 2.924405382970007850e-02 -1.435794970375354751e-01 3.379158856137109979e-02 7.442860671176276810e-04 9.114850000202068259e-02 4.079170973841428349e-02 5.386569790852036022e-02 1.223936743085687340e-01 1.399524909641058912e-02 3.007327502450607426e-02 1.185830977049704416e-01
3.715962467776989797e-02 1.052599506391516115e-02 7.467105628103354320e-02 7.108279363046676735e-02 3.350311106601111533e-02 6.370038737753702662e-02 4.164560896310831595e-02 1.159160616214194306e-02 7.571831667178230418e-02 -4.395573004092057090e-02 1.400030416203890127e-02 -5.113223700107027980e-02 -3.864585085131011510e-02 -9.148800216087238368e-02 -7.426477266574238456e-02 -8.643859009555399098e-02 -4.677477224640824716e-02 -1.796284265203667019e-01 -5.473964199200054281e-02 1.677764852649943350e-02 -8.685616544192953370e-02 -1.286144841668601657e-02 5.442777341045257344e-03 4.203281175222173260e-02 6.382862252564791561e-03 4.221465777152388910e-02 1.399524909641058912e-02 8.037003804412279351e-02 4.207390955514256348e-03 1.217625817559451207e-01
-7.401522202997057320e-03 1.719999740078037576e-02 -6.712414754113638082e-02 2.314880437774036182e-02 1.795972543163770752e-03 -6.981732593601464032e-03 4.321189647760093067e-02 8.852458681798225371e-02 4.960302171727448695e-02 -1.240714987818591908e-02 2.368088718918670565e-02 2.124071776296432290e-02 -8.929117814204801107e-05 -5.650979810667422498e-02 3.268961740067766186e-02 -4.850303213936513202e-02 -1.031253067498596465e-01 -4.797623341403323138e-03 -4.180772725976567017e-02 -7.093506325122689304e-02 -1.217255447443221783e-02 1.868441798660569475e-02 -1.820107903694179186e-02 1.805066925629716934e-02 2.095506465531116191e-02 2.399604973194868762e-02 3.007327502450607426e-02 4.207390955514256348e-03 9.357465028867295587e-02 -6.058116571921345894e-02
1.226296124261239129e-01 9.497193407111126362e-02 2.621292604677591953e-01 6.526106014558763491e-02 7.550721014530381581e-02 2.547228303498059176e-01 2.596202196161812026e-02 -6.670532373442483731e-02 1.803102464763242097e-01 -7.510989481562546644e-02 5.438682386403570490e-02 -1.342599420667056620e-01 -4.135404835722056305e-03 -2.805393063130168230e-01 -2.726568984540449492e-01 -1.605402880348947292e-01 -1.254921980069525489e-01 -6.451650197871003911e-01 -9.768621988033032721e-02 7.537050853773052950e-02 -3.898683717727067233e-01 -2.850201927742546104e-03 3.932127243552940854e-02 3.635097476251303306e-02 4.705460753882562130e-03 1.937601156703863126e-01 1.185830977049704416e-01 1.217625817559451207e-01 -6.058116571921345894e-02 5.898507056686526084e-01
