2.493695591897449049e-01 8.582398312006489505e-02 1.920903342726205665e-01 -5.092452090741517168e-02 1.517664597702150786e-02 1.235427976582172960e-01 6.836039601012089406e-03 -1.961619833610939168e-02 1.908541445908440437e-02 -8.902631101500446675e-02 2.971815905516450584e-02 -1.787844420596229611e-01 -1.398953788554990751e-01 -2.280346461520821322e-01 -1.689105287838401637e-01 -1.551206000671641050e-01 -7.788740772025448678e-02 -3.663347314980569536e-01 1.649113769292398501e-02 1.016381153991687825e-01 -3.675455870200039499e-02 2.101473193448555321e-02 3.449807066061794103e-02 2.223522476445509710e-01 9.478120199372597199e-02 7.697253622376365456e-02 5.063841764274457091e-02 4.647359186628818861e-02 -1.828730628250241352e-02 1.430748838404838352e-01
8.582398312006489505e-02 1.110710671839854058e-01 1.139002941035300864e-01 -7.211001541952555272e-02 2.916536543193615216e-02 1.256644345344852809e-01 -5.822713614065833099e-03 -1.232179427211121947e-02 1.928919938575290871e-02 -5.098212726795736671e-02 1.481753081276337980e-02 -1.094720052841466895e-01 -6.297682461735121251e-02 -2.159875695693358466e-01 -1.045766606726772352e-01 -7.778422613392876883e-02 -1.079272503071706524e-01 -2.805356691547160608e-01 5.271895306140095272e-02 7.221487688212846479e-02 -5.235673507263527426e-02 3.967901588288214043e-02 3.295395676082080172e-02 1.589588920012374729e-01 8.136518304337414520e-02 6.342699053200817616e-02 5.371109273545471297e-02 1.009056353257165028e-02 1.258528413524118150e-02 7.541627862786981495e-02
1.920903342726205665e-01 1.139002941035300864e-01 4.222206003446444811e-01 -5.428899824556765452e-02 1.034846395501745064e-01 2.317216806606552382e-01 -1.698797700316845294e-02 -5.686132696382628637e-02 4.608436317795394643e-02 -1.289281134150428443e-01 7.675782199243030846e-02 -2.865076055143731537e-01 -1.860150299360157078e-01 -3.933872353862284399e-01 -3.217624379382755251e-01 -2.113499254742237099e-01 -1.381298062107134683e-01 -6.722778123296961894e-01 1.052919212775975666e-01 1.720041085882826337e-01 -9.201022916198553503e-02 5.578554814431413433e-02 5.710195863548506168e-02 3.057491273278856170e-01 1.502107652846689234e-01 1.212925057375855431e-01 8.257604935209883479e-02 9.419229744088397638e-02 -5.616348105161250714e-02 2.842076403484270486e-01
-5.092452090741517168e-02 -7.211001541952555272e-02 -5.428899824556765452e-02 2.229563130223368717e-01 3.363762158198824181e-02 -2.749981577380822273e-02 8.771911283258759795e-02 4.086781585067456035e-02 1.199599031184561682e-01 -1.128946424898913392e-02 -1.965792615777672836e-02 6.015025935676021618e-02 2.351380696217120203e-02 5.894598025133745978e-02 1.413296095540772512e-02 -4.428617785958977038e-02 5.908723400921189750e-03 1.565835047802011104e-02 -1.344027254119168902e-01 -4.325043513642867765e-02 -1.021077450643588236e-01 -6.941236679546136656e-02 -1.223966907696194539e-02 -1.284334394098323173e-01 -1.018066670396819973e-01 -3.606673020556172560e-03 -1.394430651032507740e-03 7.793233655121412085e-02 1.150266929170129515e-02 1.038227150245916164e-01
1.517664597702150786e-02 2.916536543193615216e-02 1.034846395501745064e-01 3.363762158198824181e-02 5.998162099882620169e-02 5.713431139463409636e-02 3.780769739591960388e-03 -1.202159786907941452e-02 2.696042753308347528e-02 -3.348203959404827401e-02 7.936881603541223740e-03 -6.377196488102754302e-02 -3.795940269969833025e-02 -1.127696178389783199e-01 -6.765801040847918557e-02 -6.214332933075183973e-02 -6.720805047336853022e-02 -1.733456014524108468e-01 2.139697133148388275e-02 3.824441219035179529e-02 -3.644841100697249203e-02 3.286802911276254235e-03 2.663704091571617028e-02 5.483457545727787874e-02 1.810029617911368405e-02 3.461067828493469278e-02 1.528661617368243242e-02 3.820635637509894877e-02 -4.574510507154627703e-03 8.352316250784497242e-02
1.235427976582172960e-01 1.256644345344852809e-01 2.317216806606552382e-01 -2.749981577380822273e-02 5.713431139463409636e-02 2.684865451917062273e-01 4.006901602298285070e-02 -2.273799349495675415e-03 1.280433475633913076e-01 -1.109596126171936703e-01 5.869934157590250834e-02 -1.795166124473439595e-01 -1.093868268218329831e-01 -3.663554407792730672e-01 -2.763319778615027644e-01 -1.555565605412994046e-01 -1.305837641492075818e-01 -6.106427777861540562e-01 3.690422533020409901e-02 1.258763504658304555e-01 -1.778045783604511598e-01 3.644832559172073161e-02 2.118867423899928326e-02 2.244246072270925652e-01 1.033047382029508299e-01 1.129937347205896003e-01 1.341438711036744280e-01 6.313326127713025926e-02 -2.344374602387233608e-03 2.574762332557156697e-01
6.836039601012089406e-03 -5.822713614065833099e-03 -1.698797700316845294e-02 8.771911283258759795e-02 3.780769739591960388e-03 4.006901602298285070e-02 9.436931631972811374e-02 7.426890046798462208e-02 9.124306518441471781e-02 -3.484229996269050389e-02 1.051712642248503471e-02 -1.135008044803953453e-02 -3.040054194570984691e-02 -5.400184338304825360e-02 -3.488446059640182284e-02 -6.672708809122696039e-02 -4.184437869810153643e-02 -8.819135728765559179e-02 -7.322147159607084177e-02 -1.984200598246843583e-02 -6.464597715472564232e-02 -2.024598260084076173e-02 -2.005740761268270944e-02 1.613807408142520217e-02 -7.575887875077569333e-03 1.636067551731912317e-02 2.940340255508999689e-02 4.408819935326846462e-02 3.664057321719838001e-02 3.920743744134824738e-02
-1.961619833610939168e-02 -1.232179427211121947e-02 -5.686132696382628637e-02 4.086781585067456035e-02 -1.202159786907941452e-02 -2.273799349495675415e-03 7.426890046798462208e-02 1.234589136137742571e-01 7.643651054797828692e-02 -2.856554427000901342e-02 3.062363213416574581e-02 2.634267769394682546e-02 -1.423329319527510961e-02 -5.236103683512283169e-02 1.254080084265751793e-02 -5.309538803572877441e-02 -7.337140328968416725e-02 -2.810971873844891888e-02 -3.733124877820159782e-02 -5.480704376174116987e-02 -2.998304060650980318e-02 1.077676020867102125e-02 -3.090949794886910240e-02 1.763183812181523535e-02 1.497853322575792845e-02 6.791921967703729024e-03 3.676314810616077011e-02 1.194798228254967398e-02 7.491555241199421289e-02 -5.248502391930287558e-02
1.908541445908440437e-02 1.928919938575290871e-02 4.608436317795394643e-02 1.199599031184561682e-01 2.696042753308347528e-02 1.280433475633913076e-01 9.124306518441471781e-02 7.643651054797828692e-02 1.991937637328078381e-01 -7.329448291710605190e-02 4.221158265170288360e-02 -1.566301706719741560e-02 -2.065643981603670909e-02 -1.797578772527117508e-01 -1.374023092200786778e-01 -1.184197677203826515e-01 -8.809621813975354598e-02 -3.486770018255356263e-01 -8.366728591184369179e-02 1.471148491839358030e-02 -2.168667576365237437e-01 -6.071561409981995894e-03 -1.695135123145519174e-02 2.779313792103721426e-02 -3.131489489135219628e-03 6.309332022431135556e-02 1.145288163994564457e-01 7.495113035298572868e-02 4.210389401146130695e-02 2.029650171817820592e-01
-8.902631101500446675e-02 -5.098212726795736671e-02 -1.289281134150428443e-01 -1.128946424898913392e-02 -3.348203959404827401e-02 -1.109596126171936703e-01 -3.484229996269050389e-02 -2.856554427000901342e-02 -7.329448291710605190e-02 1.046609461572529653e-01 -6.469385364880508860e-03 1.040353843545744894e-01 1.025337900675822311e-01 1.790992206626924599e-01 1.370958654088099138e-01 9.917474075615473339e-02 6.400184498340877326e-02 2.823485183445768598e-01 -4.634447424814425176e-02 -6.156384560313199472e-02 4.409115889859549497e-02 -1.807642389127295246e-02 -1.120332256357414735e-02 -1.205189036527940516e-01 -5.729274472582801536e-02 -4.443572892870406577e-02 -4.560072222824373966e-02 -4.949967897169926800e-02 -6.400116588224591396e-03 -8.826888701855750696e-02
2.971815905516450584e-02 1.481753081276337980e-02 7.675782199243030846e-02 -1.965792615777672836e-02 7.936881603541223740e-03 5.869934157590250834e-02 1.051712642248503471e-02 3.062363213416574581e-02 4.221158265170288360e-02 -6.469385364880508860e-03 9.884732195433798552e-02 -5.602038526922115125e-02 -2.989320029280406743e-02 -1.243417713012604509e-01 -7.890187805276127619e-02 -8.379280917097275960e-02 -7.681761003692599843e-02 -1.968994137040454007e-01 -1.361704226616211599e-02 -8.580907872214993404e-03 -6.177944657440548326e-02 4.051296191158826332e-02 -2.213137148424948464e-02 8.074336169192974921e-02 6.000753228039457099e-02 4.798234576713866772e-02 7.218058639426772061e-02 1.267305663634488155e-02 3.166399348231152544e-02 6.300812423239676718e-02
-1.787844420596229611e-01 -1.094720052841466895e-01 -2.865076055143731537e-01 6.015025935676021618e-02 -6.377196488102754302e-02 -1.795166124473439595e-01 -1.135008044803953453e-02 2.634267769394682546e-02 -1.566301706719741560e-02 1.040353843545744894e-01 -5.602038526922115125e-02 2.764389864179861434e-01 1.868541223893771530e-01 2.980008862771228451e-01 2.188572312854262236e-01 1.651869694169931790e-01 1.259227320724676247e-01 4.302302829300970188e-01 -7.868855294637455700e-02 -1.123899733425446357e-01 6.459849110854065657e-03 -4.835901110612894627e-02 -3.791318776103480559e-02 -2.661376182943513413e-01 -1.365574593437486328e-01 -9.092214234954099084e-02 -4.405752884241564971e-02 -6.248853558548717047e-02 2.022330584247811203e-02 -1.400997802560937089e-01
-1.398953788554990751e-01 -6.297682461735121251e-02 -1.860150299360157078e-01 2.351380696217120203e-02 -3.795940269969833025e-02 -1.093868268218329831e-01 -3.040054194570984691e-02 -1.423329319527510961e-02 -2.065643981603670909e-02 1.025337900675822311e-01 -2.989320029280406743e-02 1.868541223893771530e-01 1.814358052600937299e-01 2.069230888880042585e-01 1.528646575961261078e-01 1.270149795879547128e-01 6.265587905755864995e-02 2.731631533315521665e-01 -7.836900346651987093e-02 -7.581770468596005230e-02 -4.778594012958592430e-02 -2.993012873889711045e-02 -7.204813698308498715e-03 -2.040088715065735414e-01 -1.029516415723605860e-01 -3.926794981566672504e-02 -1.758910589956030890e-02 -5.294897226968942050e-02 -2.225137566910007081e-03 -2.744212801076173491e-02
-2.280346461520821322e-01 -2.159875695693358466e-01 -3.933872353862284399e-01 5.894598025133745978e-02 -1.127696178389783199e-01 -3.663554407792730672e-01 -5.400184338304825360e-02 -5.236103683512283169e-02 -1.797578772527117508e-01 1.790992206626924599e-01 -1.243417713012604509e-01 2.980008862771228451e-01 2.069230888880042585e-01 7.020278451724379920e-01 3.847759337761544884e-01 3.049787265657641910e-01 3.093260892420062191e-01 1.010369612692386454e+00 -7.992929963461392617e-02 -2.289183648424000239e-01 2.346490330496067145e-01 -8.656228403009436079e-02 -7.388794680616683763e-02 -5.050185133164291074e-01 -2.127019760714006225e-01 -1.591733059195803435e-01 -2.093307111987883218e-01 -8.871763810452648613e-02 -4.391495804452461016e-02 -2.739423575296200397e-01
-1.689105287838401637e-01 -1.045766606726772352e-01 -3.217624379382755251e-01 1.413296095540772512e-02 -6.765801040847918557e-02 -2.763319778615027644e-01 -3.488446059640182284e-02 1.254080084265751793e-02 -1.374023092200786778e-01 1.370958654088099138e-01 -7.890187805276127619e-02 2.188572312854262236e-01 1.528646575961261078e-01 3.847759337761544884e-01 3.595331392282332672e-01 1.820094483326784029e-01 1.043162449257124536e-01 6.928980740266297289e-01 -5.424938491034936305e-02 -1.414212581820493142e-01 1.615682168774696947e-01 -3.351964606426349746e-02 -5.337301915744774305e-03 -2.406541269053832366e-01 -1.133263544997475947e-01 -1.247367140310871036e-01 -1.438901177107823059e-01 -8.121224782638591932e-02 2.100057997645876640e-02 -3.128147270396652857e-01
-1.551206000671641050e-01 -7.778422613392876883e-02 -2.113499254742237099e-01 -4.428617785958977038e-02 -6.214332933075183973e-02 -1.555565605412994046e-01 -6.672708809122696039e-02 -5.309538803572877441e-02 -1.184197677203826515e-01 9.917474075615473339e-02 -8.379280917097275960e-02 1.651869694169931790e-01 1.270149795879547128e-01 3.049787265657641910e-01 1.820094483326784029e-01 3.212916325032892928e-01 1.916367128237652651e-01 5.359485144637119447e-01 4.461205837344550673e-02 -4.301045100328337867e-02 1.482342179367037716e-01 -7.418759737817026689e-02 -1.406581661569816788e-02 -2.339886574925458262e-01 -1.430472630079293594e-01 -1.208238481104899620e-01 -1.113944433336655493e-01 -1.087251808420433008e-01 -4.190057379818767913e-02 -2.006695951826031887e-01
-7.788740772025448678e-02 -1.079272503071706524e-01 -1.381298062107134683e-01 5.908723400921189750e-03 -6.720805047336853022e-02 -1.305837641492075818e-01 -4.184437869810153643e-02 -7.337140328968416725e-02 -8.809621813975354598e-02 6.400184498340877326e-02 -7.681761003692599843e-02 1.259227320724676247e-01 6.265587905755864995e-02 3.093260892420062191e-01 1.043162449257124536e-01 1.916367128237652651e-01 2.760933610769598090e-01 3.904854513322675302e-01 3.514251018623326672e-02 -1.586556451371734511e-02 1.542496691639030360e-01 -6.846343696793155686e-02 -4.315538320287259921e-02 -1.906095007689145859e-01 -1.152774862263754585e-01 -1.246054965492362498e-01 -9.674884386191706653e-02 -5.587595563343938920e-02 -7.646821576895490580e-02 -1.308055761695072761e-01
-3.663347314980569536e-01 -2.805356691547160608e-01 -6.722778123296961894e-01 1.565835047802011104e-02 -1.733456014524108468e-01 -6.106427777861540562e-01 -8.819135728765559179e-02 -2.810971873844891888e-02 -3.486770018255356263e-01 2.823485183445768598e-01 -1.968994137040454007e-01 4.302302829300970188e-01 2.731631533315521665e-01 1.010369612692386454e+00 6.928980740266297289e-01 5.359485144637119447e-01 3.904854513322675302e-01 1.734222092672325743e+00 -6.084254496798280343e-02 -3.504557512874271197e-01 4.991860899228868220e-01 -1.161262589894818120e-01 -8.821763398469784079e-02 -6.802166779773983762e-01 -2.887719847777248106e-01 -2.770624013225528870e-01 -3.765200820162704076e-01 -1.868509788723713427e-01 -6.229937697867171664e-03 -6.682007121525543880e-01
1.649113769292398501e-02 5.271895306140095272e-02 1.052919212775975666e-01 -1.344027254119168902e-01 2.139697133148388275e-02 3.690422533020409901e-02 -7.322147159607084177e-02 -3.733124877820159782e-02 -8.366728591184369179e-02 -4.634447424814425176e-02 -1.361704226616211599e-02 -7.868855294637455700e-02 -7.836900346651987093e-02 -7.992929963461392617e-02 -5.424938491034936305e-02 4.461205837344550673e-02 3.514251018623326672e-02 -6.084254496798280343e-02 2.536628704162069425e-01 8.403436395002472636e-02 1.694429950226208348e-01 2.742018540737944932e-02 -1.342140234072530802e-03 8.391823759913563663e-02 4.733148123025898713e-02 -3.869337554601770535e-02 -9.523732068032586540e-03 -5.718022346738393935e-02 -2.238124774933680783e-02 -1.085866536913897562e-01
1.016381153991687825e-01 7.221487688212846479e-02 1.720041085882826337e-01 -4.325043513642867765e-02 3.824441219035179529e-02 1.258763504658304555e-01 -1.984200598246843583e-02 -5.480704376174116987e-02 1.471148491839358030e-02 -6.156384560313199472e-02 -8.580907872214993404e-03 -1.123899733425446357e-01 -7.581770468596005230e-02 -2.289183648424000239e-01 -1.414212581820493142e-01 -4.301045100328337867e-02 -1.586556451371734511e-02 -3.504557512874271197e-01 8.403436395002472636e-02 2.020806719228289694e-01 -3.904914304985140916e-02 -2.318564747895379696e-03 6.883225081782029520e-02 2.261395626421176530e-01 4.429796260126295238e-02 -1.370136954830059040e-02 3.795060365530389390e-02 1.583347974082016663e-02 -5.950083935192651552e-02 6.663377696543193451e-02
-3.675455870200039499e-02 -5.235673507263527426e-02 -9.201022916198553503e-02 -1.021077450643588236e-01 -3.644841100697249203e-02 -1.778045783604511598e-01 -6.464597715472564232e-02 -2.998304060650980318e-02 -2.168667576365237437e-01 4.409115889859549497e-02 -6.177944657440548326e-02 6.459849110854065657e-03 -4.778594012958592430e-02 2.346490330496067145e-01 1.615682168774696947e-01 1.482342179367037716e-01 1.542496691639030360e-01 4.991860899228868220e-01 1.694429950226208348e-01 -3.904914304985140916e-02 4.041911706414680339e-01 -1.555423052417381768e-02 -3.635448065170976406e-02 -3.841419142452195956e-02 -4.160947399100223265e-03 -1.272630864162920261e-01 -1.554116558156692918e-01 -9.075831894671182454e-02 -5.663865831991188315e-03 -3.908978041158093220e-01
2.101473193448555321e-02 3.967901588288214043e-02 5.578554814431413433e-02 -6.941236679546136656e-02 3.286802911276254235e-03 3.644832559172073161e-02 -2.024598260084076173e-02 1.077676020867102125e-02 -6.071561409981995894e-03 -1.807642389127295246e-02 4.051296191158826332e-02 -4.835901110612894627e-02 -2.993012873889711045e-02 -8.656228403009436079e-02 -3.351964606426349746e-02 -7.418759737817026689e-02 -6.846343696793155686e-02 -1.161262589894818120e-01 2.742018540737944932e-02 -2.318564747895379696e-03 -1.555423052417381768e-02 8.331031473545635890e-02 1.067266300105984556e-02 8.837917652653004552e-02 8.793147663942590953e-02 3.297130853476915036e-02 4.401951976842610748e-02 -7.823435244404208788e-03 1.944311614514049324e-02 -5.003397121413399873e-03
3.449807066061794103e-02 3.295395676082080172e-02 5.710195863548506168e-02 -1.223966907696194539e-02 2.663704091571617028e-02 2.118867423899928326e-02 -2.005740761268270944e-02 -3.090949794886910240e-02 -1.695135123145519174e-02 -1.120332256357414735e-02 -2.213137148424948464e-02 -3.791318776103480559e-02 -7.204813698308498715e-03 -7.388794680616683763e-02 -5.337301915744774305e-03 -1.406581661569816788e-02 -4.315538320287259921e-02 -8.821763398469784079e-02 -1.342140234072530802e-03 6.883225081782029520e-02 -3.635448065170976406e-02 1.067266300105984556e-02 7.657810508823104101e-02 8.514382773108764013e-02 1.259395965001885997e-02 -5.940815702615509508e-03 -4.930812032171161263e-04 8.346574715631049912e-03 -2.897715764942176975e-02 2.183392950485085748e-02
2.223522476445509710e-01 1.589588920012374729e-01 3.057491273278856170e-01 -1.284334394098323173e-01 5.483457545727787874e-02 2.244246072270925652e-01 1.613807408142520217e-02 1.763183812181523535e-02 2.779313792103721426e-02 -1.205189036527940516e-01 8.074336169192974921e-02 -2.661376182943513413e-01 -2.040088715065735414e-01 -5.050185133164291074e-01 -2.406541269053832366e-01 -2.339886574925458262e-01 -1.906095007689145859e-01 -6.802166779773983762e-01 8.391823759913563663e-02 2.261395626421176530e-01 -3.841419142452195956e-02 8.837917652653004552e-02 8.514382773108764013e-02 5.914873797746622586e-01 2.419927943908533052e-01 5.398239256032866251e-02 9.555053633982879546e-02 3.417014059590428587e-02 1.819575962622366205e-02 -1.958089311415278644e-02
9.478120199372597199e-02 8.136518304337414520e-02 1.502107652846689234e-01 -1.018066670396819973e-01 1.810029617911368405e-02 1.033047382029508299e-01 -7.575887875077569333e-03 1.497853322575792845e-02 -3.131489489135219628e-03 -5.729274472582801536e-02 6.000753228039457099e-02 -1.365574593437486328e-01 -1.029516415723605860e-01 -2.127019760714006225e-01 -1.133263544997475947e-01 -1.430472630079293594e-01 -1.152774862263754585e-01 -2.887719847777248106e-01 4.733148123025898713e-02 4.429796260126295238e-02 -4.160947399100223265e-03 8.793147663942590953e-02 1.259395965001885997e-02 2.419927943908533052e-01 1.697140263507890268e-01 7.302896444565476486e-02 4.949521136546763955e-02 1.291657451440642035e-02 2.360662037864358354e-02 9.454630757659288065e-04
7.697253622376365456e-02 6.342699053200817616e-02 1.212925057375855431e-01 -3.606673020556172560e-03 3.461067828493469278e-02 1.129937347205896003e-01 1.636067551731912317e-02 6.791921967703729024e-03 6.309332022431135556e-02 -4.443572892870406577e-02 4.798234576713866772e-02 -9.092214234954099084e-02 -3.926794981566672504e-02 -1.591733059195803435e-01 -1.247367140310871036e-01 -1.208238481104899620e-01 -1.246054965492362498e-01 -2.770624013225528870e-01 -3.869337554601770535e-02 -1.370136954830059040e-02 -1.272630864162920261e-01 3.297130853476915036e-02 -5.940815702615509508e-03 5.398239256032866251e-02 7.302896444565476486e-02 1.388310807590187324e-01 5.919667168336673058e-02 4.749367701771234351e-02 1.177645845814367931e-02 2.094246426480594891e-01
5.063841764274457091e-02 5.371109273545471297e-02 8.257604935209883479e-02 -1.394430651032507740e-03 1.528661617368243242e-02 1.341438711036744280e-01 2.940340255508999689e-02 3.676314810616077011e-02 1.145288163994564457e-01 -4.560072222824373966e-02 7.218058639426772061e-02 -4.405752884241564971e-02 -1.758910589956030890e-02 -2.093307111987883218e-01 -1.438901177107823059e-01 -1.113944433336655493e-01 -9.674884386191706653e-02 -3.765200820162704076e-01 -9.523732068032586540e-03 3.795060365530389390e-02 -1.554116558156692918e-01 4.401951976842610748e-02 -4.930812032171161263e-04 9.555053633982879546e-02 4.949521136546763955e-02 5.919667168336673058e-02 1.490811658647430704e-01 1.194476328277005450e-02 3.148420180900757259e-02 1.439978246422128905e-01
4.647359186628818861e-02 1.009056353257165028e-02 9.419229744088397638e-02 7.793233655121412085e-02 3.820635637509894877e-02 6.313326127713025926e-02 4.408819935326846462e-02 1.194798228254967398e-02 7.495113035298572868e-02 -4.949967897169926800e-02 1.267305663634488155e-02 -6.248853558548717047e-02 -5.294897226968942050e-02 -8.871763810452648613e-02 -8.121224782638591932e-02 -1.087251808420433008e-01 -5.587595563343938920e-02 -1.868509788723713427e-01 -5.718022346738393935e-02 1.583347974082016663e-02 -9.075831894671182454e-02 -7.823435244404208788e-03 8.346574715631049912e-03 3.417014059590428587e-02 1.291657451440642035e-02 4.749367701771234351e-02 1.194476328277005450e-02 9.476564775371798532e-02 2.617534789806086337e-06 1.429170686654970268e-01
-1.828730628250241352e-02 1.258528413524118150e-02 -5.616348105161250714e-02 1.150266929170129515e-02 -4.574510507154627703e-03 -2.344374602387233608e-03 3.664057321719838001e-02 7.491555241199421289e-02 4.210389401146130695e-02 -6.400116588224591396e-03 3.166399348231152544e-02 2.022330584247811203e-02 -2.225137566910007081e-03 -4.391495804452461016e-02 2.100057997645876640e-02 -4.190057379818767913e-02 -7.646821576895490580e-02 -6.229937697867171664e-03 -2.238124774933680783e-02 -5.950083935192651552e-02 -5.663865831991188315e-03 1.944311614514049324e-02 -2.897715764942176975e-02 1.819575962622366205e-02 2.360662037864358354e-02 1.177645845814367931e-02 3.148420180900757259e-02 2.617534789806086337e-06 8.249365344468628791e-02 -6.260623370889106809e-02
1.430748838404838352e-01 7.541627862786981495e-02 2.842076403484270486e-01 1.038227150245916164e-01 8.352316250784497242e-02 2.574762332557156697e-01 3.920743744134824738e-02 -5.248502391930287558e-02 2.029650171817820592e-01 -8.826888701855750696e-02 6.300812423239676718e-02 -1.400997802560937089e-01 -2.744212801076173491e-02 -2.739423575296200397e-01 -3.128147270396652857e-01 -2.006695951826031887e-01 -1.308055761695072761e-01 -6.682007121525543880e-01 -1.085866536913897562e-01 6.663377696543193451e-02 -3.908978041158093220e-01 -5.003397121413399873e-03 2.183392950485085748e-02 -1.958089311415278644e-02 9.454630757659288065e-04 2.094246426480594891e-01 1.439978246422128905e-01 1.429170686654970268e-01 -6.260623370889106809e-02 6.429483935364714853e-01
