2.317562273656221805e-01 8.114117520364061420e-02 1.684594977409687999e-01 -3.714460229423366400e-02 1.958559814374893904e-02 9.410008010138426471e-02 4.445357583449549566e-03 -1.259391457193714814e-02 1.276247748404557569e-02 -8.475248817615010921e-02 1.021155207138235710e-02 -1.574157364234451961e-01 -1.310083203155159026e-01 -2.032245997868358245e-01 -1.340108435750266835e-01 -1.393316576073289070e-01 -7.870673086085844261e-02 -3.051119030435529567e-01 2.363394503038307448e-02 9.027453602675450384e-02 -2.105871244896206917e-02 1.355965975602657636e-02 4.027676482411379766e-02 1.808650462843388596e-01 7.561915045300793281e-02 6.957205648950548493e-02 3.603766005483066692e-02 4.322026725913019618e-02 -1.653271545131929088e-02 1.253721264327509743e-01
8.114117520364061420e-02 1.090683497066322616e-01 1.062650186190126078e-01 -5.741549145869839776e-02 3.096547366772028909e-02 1.250912791957148329e-01 -8.858827148401360319e-04 -1.001875960997722359e-02 3.025346718888499709e-02 -4.909394597621030698e-02 9.411965761671581276e-03 -9.927966436509905179e-02 -5.473094352507246185e-02 -2.136905648003448732e-01 -1.030796958094697402e-01 -7.642559430672690723e-02 -1.071515905026103610e-01 -2.837139775058403757e-01 4.698539788569178199e-02 7.327723080015857704e-02 -6.757626479549116993e-02 3.061741150210650630e-02 3.412384944758173333e-02 1.446773279446915694e-01 6.870203429940602291e-02 6.169423188183031925e-02 5.685516561743497732e-02 1.110792745271282911e-02 1.231735818296897378e-02 9.050600918450868448e-02
1.684594977409687999e-01 1.062650186190126078e-01 3.877867803685717263e-01 -2.035190885845850062e-02 1.048074542595713865e-01 2.300891889706235816e-01 -1.075446104891852883e-03 -3.727174555086776309e-02 7.827972611909217449e-02 -1.316654325073045584e-01 6.751838114064412366e-02 -2.572478396063502259e-01 -1.653238531030183367e-01 -3.808012413076085068e-01 -3.133413905111410713e-01 -1.977198905445902710e-01 -1.365306356982500802e-01 -6.545607144679479461e-01 9.756124423182654937e-02 1.526777906987604183e-01 -1.167907186489287596e-01 4.113336870597095185e-02 5.277493161923985099e-02 2.409503709390037329e-01 1.112063976555077716e-01 1.152337117997603855e-01 9.539609390640180209e-02 9.777721353577817354e-02 -4.467342693590126146e-02 3.094415479261556357e-01
-3.714460229423366400e-02 -5.741549145869839776e-02 -2.035190885845850062e-02 2.206117406512930756e-01 4.093823737457569223e-02 1.061955071145348484e-02 9.122022439987631515e-02 3.774608230236253803e-02 1.364386067272107539e-01 -2.943763512575969798e-02 -9.055678237700703903e-03 3.354118751906298712e-02 1.007750978845933787e-02 1.276051785180243314e-02 -2.368583048161099214e-02 -5.923348589186616664e-02 -1.480188996117703937e-02 -5.949457847532357846e-02 -1.426443205110103918e-01 -2.935170032310452370e-02 -1.282792914583978927e-01 -6.402660595210818428e-02 -1.019645975566163543e-02 -9.608209301961778692e-02 -8.563404360478443778e-02 1.958580140671983827e-02 1.012781377568217067e-02 9.621240994778190725e-02 9.788140774389830767e-03 1.371654647006153027e-01
1.958559814374893904e-02 3.096547366772028909e-02 1.048074542595713865e-01 4.093823737457569223e-02 5.884359008882711350e-02 7.226774550434811317e-02 1.121356968997133663e-02 -7.426452990841880819e-03 4.300151902043580776e-02 -3.823668152693926459e-02 1.386698407907260844e-02 -6.798297296995770012e-02 -3.726703790306373776e-02 -1.247931332988514441e-01 -8.097788453062548797e-02 -6.500445741394855759e-02 -7.222892833198102380e-02 -1.973259537131184516e-01 1.127010852894727577e-02 3.767407706715175664e-02 -5.779102337135100242e-02 -3.532894051545554248e-04 2.367511058326954299e-02 5.157692805215674525e-02 1.367810017580950444e-02 4.240425649362578042e-02 2.415022935440447327e-02 4.417674102774071798e-02 -2.976028996044988162e-03 1.082733598562981570e-01
9.410008010138426471e-02 1.250912791957148329e-01 2.300891889706235816e-01 1.061955071145348484e-02 7.226774550434811317e-02 2.704203093951491610e-01 5.261020066171795406e-02 6.161602164411306148e-03 1.548974932053397424e-01 -1.122661007221381624e-01 4.939153197705081766e-02 -1.665708027108507849e-01 -9.420771965955054839e-02 -3.746586049051643386e-01 -2.733732791105580873e-01 -1.624643745537355244e-01 -1.456751026984193231e-01 -6.298528710171353850e-01 2.248126162993457910e-02 1.223099096104647288e-01 -2.115193736306082428e-01 3.036487120311903709e-02 3.012245136278579594e-02 1.974538023084164706e-01 8.128549523064521054e-02 1.135388673928900971e-01 1.408384490486014329e-01 7.747544260467975619e-02 1.450859315866637189e-03 2.876192361653124863e-01
4.445357583449549566e-03 -8.858827148401360319e-04 -1.075446104891852883e-03 9.122022439987631515e-02 1.121356968997133663e-02 5.261020066171795406e-02 9.711283451036933911e-02 7.667027577434737395e-02 9.849133380146213312e-02 -4.274128898833851053e-02 1.525728541167836738e-02 -1.890811054801133650e-02 -3.489289447344390283e-02 -7.808746687271650444e-02 -4.515770568508514771e-02 -7.991647559543935131e-02 -5.685598289574045339e-02 -1.227705006176620373e-01 -7.694175653381307711e-02 -1.309818134228635245e-02 -7.614895049772485436e-02 -1.567798316625612642e-02 -1.694737121670186752e-02 3.284800823752220822e-02 1.990282985900648782e-03 2.511954756539580558e-02 3.196577933027811014e-02 5.539991261122167998e-02 3.761271553287315328e-02 4.814701765513973442e-02
-1.259391457193714814e-02 -1.001875960997722359e-02 -3.727174555086776309e-02 3.774608230236253803e-02 -7.426452990841880819e-03 6.161602164411306148e-03 7.667027577434737395e-02 1.333533336223808874e-01 8.290760924074902505e-02 -3.980542719818913611e-02 4.021220774944822551e-02 1.695923705631230405e-02 -2.211412362544251664e-02 -8.065512278574260563e-02 1.670441618728091271e-03 -7.198873333760502646e-02 -9.178895121226560150e-02 -6.778738657550320568e-02 -3.440204147929648570e-02 -4.606184622559794661e-02 -3.735164230647569639e-02 1.633119830449913934e-02 -2.845016331190208803e-02 4.264938303174403700e-02 2.893443716584442882e-02 1.180890901787279290e-02 4.095909082178650351e-02 2.121952508628055512e-02 7.902467214705666265e-02 -4.889377548340689827e-02
1.276247748404557569e-02 3.025346718888499709e-02 7.827972611909217449e-02 1.364386067272107539e-01 4.300151902043580776e-02 1.548974932053397424e-01 9.849133380146213312e-02 8.290760924074902505e-02 2.291175028663587909e-01 -9.109499887608762947e-02 4.547066527300103189e-02 -2.734859295350133834e-02 -2.127786591285030227e-02 -2.282449894213414154e-01 -1.660542932461339660e-01 -1.359123664151979938e-01 -1.171086245076935484e-01 -4.284722364772619585e-01 -8.936278953669329894e-02 2.930356913981313483e-02 -2.560692098675190209e-01 -4.095932773765298407e-03 -6.417521261369074637e-03 4.161762125761470088e-02 -2.143451077301961050e-03 7.626262880131662314e-02 1.309559840304928002e-01 9.619303912671739454e-02 4.457198095494163681e-02 2.430757808633075001e-01
-8.475248817615010921e-02 -4.909394597621030698e-02 -1.316654325073045584e-01 -2.943763512575969798e-02 -3.823668152693926459e-02 -1.122661007221381624e-01 -4.274128898833851053e-02 -3.980542719818913611e-02 -9.109499887608762947e-02 1.131814347339741289e-01 -4.300240181521530758e-03 9.858284198929823106e-02 9.932159399107831632e-02 1.874485972969068825e-01 1.374181584088773889e-01 1.102547708088081890e-01 7.463547240632806279e-02 3.003346287169961215e-01 -3.979205567364374474e-02 -5.864405284864915302e-02 6.657036660880066847e-02 -1.558142453825439588e-02 -1.414127298824041645e-02 -1.066978770527384768e-01 -4.964557161082439052e-02 -5.077222030627126514e-02 -5.001271363352088883e-02 -6.080903697790063234e-02 -7.090012528237821243e-03 -1.111686136901539612e-01
1.021155207138235710e-02 9.411965761671581276e-03 6.751838114064412366e-02 -9.055678237700703903e-03 1.386698407907260844e-02 4.939153197705081766e-02 1.525728541167836738e-02 4.021220774944822551e-02 4.547066527300103189e-02 -4.300240181521530758e-03 9.951121577046251332e-02 -4.701448487048764946e-02 -2.237139563300161171e-02 -1.215122698749837582e-01 -6.824349805452811779e-02 -7.862752419356411338e-02 -8.593969068738260830e-02 -1.799660405106351391e-01 -1.326977301971510315e-02 -1.496617758573393075e-02 -5.731802518772610711e-02 3.882686616242381206e-02 -1.975874800632482220e-02 7.093207574308735275e-02 5.102621056664702337e-02 3.718781125843406699e-02 7.229111467830762194e-02 1.230151580568872305e-02 4.198669148308908916e-02 4.693745976555874222e-02
-1.574157364234451961e-01 -9.927966436509905179e-02 -2.572478396063502259e-01 3.354118751906298712e-02 -6.798297296995770012e-02 -1.665708027108507849e-01 -1.890811054801133650e-02 1.695923705631230405e-02 -2.734859295350133834e-02 9.858284198929823106e-02 -4.701448487048764946e-02 2.469324911546664225e-01 1.691487575803876098e-01 2.780493980736764570e-01 1.990133791850325906e-01 1.601898108329464776e-01 1.265519420667260420e-01 4.008712116015544780e-01 -6.615959145216265824e-02 -9.744907070552244477e-02 1.941012420883225786e-02 -4.002470106502187264e-02 -3.937830515855011981e-02 -2.275857118745534535e-01 -1.140801034841274486e-01 -8.336630248396659226e-02 -4.473252637194491399e-02 -6.487530293264853753e-02 1.291016424931967777e-02 -1.427363440336080203e-01
-1.310083203155159026e-01 -5.473094352507246185e-02 -1.653238531030183367e-01 1.007750978845933787e-02 -3.726703790306373776e-02 -9.420771965955054839e-02 -3.489289447344390283e-02 -2.211412362544251664e-02 -2.127786591285030227e-02 9.932159399107831632e-02 -2.237139563300161171e-02 1.691487575803876098e-01 1.718617386478626941e-01 1.895885775297188047e-01 1.297155300663916933e-01 1.252336045997708425e-01 6.066352039874800539e-02 2.411397875034140270e-01 -7.019424380465011382e-02 -6.692175148072010415e-02 -4.532540548933639002e-02 -2.461101683118727124e-02 -1.061667384698239402e-02 -1.823082155166844132e-01 -9.002286483746502199e-02 -3.251952449761574826e-02 -8.831908492766160634e-03 -5.576127636589944814e-02 -3.710735755248606438e-03 -2.273095202980357499e-02
-2.032245997868358245e-01 -2.136905648003448732e-01 -3.808012413076085068e-01 1.276051785180243314e-02 -1.247931332988514441e-01 -3.746586049051643386e-01 -7.808746687271650444e-02 -8.065512278574260563e-02 -2.282449894213414154e-01 1.874485972969068825e-01 -1.215122698749837582e-01 2.780493980736764570e-01 1.895885775297188047e-01 7.275882757936074086e-01 3.874797008635368911e-01 3.155811905121481686e-01 3.328817975472020407e-01 1.048957539612786150e+00 -6.389839021477428105e-02 -2.263448214482082221e-01 2.814493612214619134e-01 -7.142349510235135313e-02 -7.663693872575549904e-02 -4.763466220388750116e-01 -1.825765471162981157e-01 -1.562738197617363767e-01 -2.274839724622097492e-01 -1.061684279487167260e-01 -6.056444985580355933e-02 -3.083964813631041579e-01
-1.340108435750266835e-01 -1.030796958094697402e-01 -3.133413905111410713e-01 -2.368583048161099214e-02 -8.097788453062548797e-02 -2.733732791105580873e-01 -4.515770568508514771e-02 1.670441618728091271e-03 -1.660542932461339660e-01 1.374181584088773889e-01 -6.824349805452811779e-02 1.990133791850325906e-01 1.297155300663916933e-01 3.874797008635368911e-01 3.487201827769581541e-01 1.824861169927203264e-01 1.180780427713443714e-01 7.011075802263349033e-01 -4.375907518277699637e-02 -1.341116957194685710e-01 1.997646644452402143e-01 -2.861422979680128265e-02 -1.634903724590230922e-02 -1.926876387461788909e-01 -8.103409941861627885e-02 -1.225343718424483086e-01 -1.530925938805580699e-01 -9.335828817472702212e-02 1.806708036986037769e-02 -3.500553242620867422e-01
-1.393316576073289070e-01 -7.642559430672690723e-02 -1.977198905445902710e-01 -5.923348589186616664e-02 -6.500445741394855759e-02 -1.624643745537355244e-01 -7.991647559543935131e-02 -7.198873333760502646e-02 -1.359123664151979938e-01 1.102547708088081890e-01 -7.862752419356411338e-02 1.601898108329464776e-01 1.252336045997708425e-01 3.155811905121481686e-01 1.824861169927203264e-01 3.034869790834875403e-01 1.996900302194717369e-01 5.254827335386380582e-01 4.414282523089241295e-02 -4.249834099437066470e-02 1.491561323986729803e-01 -6.120480820408147338e-02 -1.140840930861486413e-02 -2.160951077783579422e-01 -1.286168283739925755e-01 -1.177395341477733837e-01 -1.081678736167077659e-01 -1.148149465126948598e-01 -5.157946562979986993e-02 -1.969564889625416981e-01
-7.870673086085844261e-02 -1.071515905026103610e-01 -1.365306356982500802e-01 -1.480188996117703937e-02 -7.222892833198102380e-02 -1.456751026984193231e-01 -5.685598289574045339e-02 -9.178895121226560150e-02 -1.171086245076935484e-01 7.463547240632806279e-02 -8.593969068738260830e-02 1.265519420667260420e-01 6.066352039874800539e-02 3.328817975472020407e-01 1.180780427713443714e-01 1.996900302194717369e-01 2.983561452866752006e-01 4.225550613739414985e-01 4.550747867239124389e-02 -1.396682282847905299e-02 1.810774486113473358e-01 -5.718993375347736219e-02 -3.816536100447365243e-02 -1.823588571894561028e-01 -1.070030123630658636e-01 -1.338033208298838872e-01 -1.101368057041440807e-01 -6.594043117314640767e-02 -8.819350199922837419e-02 -1.564510201432085523e-01
-3.051119030435529567e-01 -2.837139775058403757e-01 -6.545607144679479461e-01 -5.949457847532357846e-02 -1.973259537131184516e-01 -6.298528710171353850e-01 -1.227705006176620373e-01 -6.778738657550320568e-02 -4.284722364772619585e-01 3.003346287169961215e-01 -1.799660405106351391e-01 4.008712116015544780e-01 2.411397875034140270e-01 1.048957539612786150e+00 7.011075802263349033e-01 5.254827335386380582e-01 4.225550613739414985e-01 1.781170394790024147e+00 -4.723764563692611773e-02 -3.437420368417178906e-01 5.695127865758422558e-01 -9.147914765435416484e-02 -9.609811814419799703e-02 -6.048493818640849895e-01 -2.276298448292095600e-01 -2.750164060311703906e-01 -4.029910614407867797e-01 -2.132324693546365779e-01 -2.786274675412414581e-02 -7.319326316499541463e-01
2.363394503038307448e-02 4.698539788569178199e-02 9.756124423182654937e-02 -1.426443205110103918e-01 1.127010852894727577e-02 2.248126162993457910e-02 -7.694175653381307711e-02 -3.440204147929648570e-02 -8.936278953669329894e-02 -3.979205567364374474e-02 -1.326977301971510315e-02 -6.615959145216265824e-02 -7.019424380465011382e-02 -6.389839021477428105e-02 -4.375907518277699637e-02 4.414282523089241295e-02 4.550747867239124389e-02 -4.723764563692611773e-02 2.575587093415663276e-01 8.058586587441141091e-02 1.626246660909487218e-01 2.900297647735783357e-02 1.741479062218331819e-04 7.865689052204061227e-02 4.287720349336154868e-02 -4.763692389053630905e-02 -9.459058162292421912e-03 -6.764336423890426886e-02 -2.531814226810524815e-02 -1.053466745441653529e-01
9.027453602675450384e-02 7.327723080015857704e-02 1.526777906987604183e-01 -2.935170032310452370e-02 3.767407706715175664e-02 1.223099096104647288e-01 -1.309818134228635245e-02 -4.606184622559794661e-02 2.930356913981313483e-02 -5.864405284864915302e-02 -1.496617758573393075e-02 -9.744907070552244477e-02 -6.692175148072010415e-02 -2.263448214482082221e-01 -1.341116957194685710e-01 -4.249834099437066470e-02 -1.396682282847905299e-02 -3.437420368417178906e-01 8.058586587441141091e-02 1.936587959674511694e-01 -4.690240756093544405e-02 -6.778238214110388071e-03 6.504806244419114591e-02 2.060418583428713646e-01 2.960872853628870871e-02 -1.749292967548399247e-02 4.368901651565693101e-02 1.682561835929163863e-02 -5.082786574052988726e-02 6.818337758318193664e-02
-2.105871244896206917e-02 -6.757626479549116993e-02 -1.167907186489287596e-01 -1.282792914583978927e-01 -5.779102337135100242e-02 -2.115193736306082428e-01 -7.614895049772485436e-02 -3.735164230647569639e-02 -2.560692098675190209e-01 6.657036660880066847e-02 -5.731802518772610711e-02 1.941012420883225786e-02 -4.532540548933639002e-02 2.814493612214619134e-01 1.997646644452402143e-01 1.491561323986729803e-01 1.810774486113473358e-01 5.695127865758422558e-01 1.626246660909487218e-01 -4.690240756093544405e-02 4.301242797419604358e-01 -7.232780388278570172e-03 -3.804148147054320361e-02 -2.697315069934802523e-02 7.624019424554262514e-03 -1.423403279792410103e-01 -1.776673799632249029e-01 -1.079277017211097700e-01 -1.520514751092605366e-02 -4.297902701915745638e-01
1.355965975602657636e-02 3.061741150210650630e-02 4.113336870597095185e-02 -6.402660595210818428e-02 -3.532894051545554248e-04 3.036487120311903709e-02 -1.567798316625612642e-02 1.633119830449913934e-02 -4.095932773765298407e-03 -1.558142453825439588e-02 3.882686616242381206e-02 -4.002470106502187264e-02 -2.461101683118727124e-02 -7.142349510235135313e-02 -2.861422979680128265e-02 -6.120480820408147338e-02 -5.718993375347736219e-02 -9.147914765435416484e-02 2.900297647735783357e-02 -6.778238214110388071e-03 -7.232780388278570172e-03 7.489597397042757621e-02 4.967271145460472326e-03 7.044933632721495087e-02 7.638191079496436942e-02 2.372581626730152493e-02 4.146535383387117690e-02 -1.273799140608389280e-02 2.127627546181543039e-02 -1.196538558644988370e-02
4.027676482411379766e-02 3.412384944758173333e-02 5.277493161923985099e-02 -1.019645975566163543e-02 2.367511058326954299e-02 3.012245136278579594e-02 -1.694737121670186752e-02 -2.845016331190208803e-02 -6.417521261369074637e-03 -1.414127298824041645e-02 -1.975874800632482220e-02 -3.937830515855011981e-02 -1.061667384698239402e-02 -7.663693872575549904e-02 -1.634903724590230922e-02 -1.140840930861486413e-02 -3.816536100447365243e-02 -9.609811814419799703e-02 1.741479062218331819e-04 6.504806244419114591e-02 -3.804148147054320361e-02 4.967271145460472326e-03 6.552784238380127135e-02 7.533545112607953342e-02 9.254597702010869398e-03 9.669196131767421321e-04 6.011872969168052805e-03 8.635023928718510433e-03 -2.632827690695194178e-02 3.204190694890485247e-02
1.808650462843388596e-01 1.446773279446915694e-01 2.409503709390037329e-01 -9.608209301961778692e-02 5.157692805215674525e-02 1.974538023084164706e-01 3.284800823752220822e-02 4.264938303174403700e-02 4.161762125761470088e-02 -1.066978770527384768e-01 7.093207574308735275e-02 -2.275857118745534535e-01 -1.823082155166844132e-01 -4.763466220388750116e-01 -1.926876387461788909e-01 -2.160951077783579422e-01 -1.823588571894561028e-01 -6.048493818640849895e-01 7.865689052204061227e-02 2.060418583428713646e-01 -2.697315069934802523e-02 7.044933632721495087e-02 7.533545112607953342e-02 5.501175701016904895e-01 2.109498880914770780e-01 2.984745759988527425e-02 8.612881516313564134e-02 2.741416166406906996e-02 3.764671941826236434e-02 -6.417100556433297243e-02
7.561915045300793281e-02 6.870203429940602291e-02 1.112063976555077716e-01 -8.563404360478443778e-02 1.367810017580950444e-02 8.128549523064521054e-02 1.990282985900648782e-03 2.893443716584442882e-02 -2.143451077301961050e-03 -4.964557161082439052e-02 5.102621056664702337e-02 -1.140801034841274486e-01 -9.002286483746502199e-02 -1.825765471162981157e-01 -8.103409941861627885e-02 -1.286168283739925755e-01 -1.070030123630658636e-01 -2.276298448292095600e-01 4.287720349336154868e-02 2.960872853628870871e-02 7.624019424554262514e-03 7.638191079496436942e-02 9.254597702010869398e-03 2.109498880914770780e-01 1.499740282837933592e-01 5.693466027446447697e-02 3.877100490348084350e-02 7.076587632013797702e-03 3.144098377811133105e-02 -2.494805222073637196e-02
6.957205648950548493e-02 6.169423188183031925e-02 1.152337117997603855e-01 1.958580140671983827e-02 4.240425649362578042e-02 1.135388673928900971e-01 2.511954756539580558e-02 1.180890901787279290e-02 7.626262880131662314e-02 -5.077222030627126514e-02 3.718781125843406699e-02 -8.336630248396659226e-02 -3.251952449761574826e-02 -1.562738197617363767e-01 -1.225343718424483086e-01 -1.177395341477733837e-01 -1.338033208298838872e-01 -2.750164060311703906e-01 -4.763692389053630905e-02 -1.749292967548399247e-02 -1.423403279792410103e-01 2.372581626730152493e-02 9.669196131767421321e-04 2.984745759988527425e-02 5.693466027446447697e-02 1.406768263490789650e-01 6.166571726197389580e-02 5.372962397046876504e-02 1.283023254597992491e-02 2.267080995704304769e-01
3.603766005483066692e-02 5.685516561743497732e-02 9.539609390640180209e-02 1.012781377568217067e-02 2.415022935440447327e-02 1.408384490486014329e-01 3.196577933027811014e-02 4.095909082178650351e-02 1.309559840304928002e-01 -5.001271363352088883e-02 7.229111467830762194e-02 -4.473252637194491399e-02 -8.831908492766160634e-03 -2.274839724622097492e-01 -1.530925938805580699e-01 -1.081678736167077659e-01 -1.101368057041440807e-01 -4.029910614407867797e-01 -9.459058162292421912e-03 4.368901651565693101e-02 -1.776673799632249029e-01 4.146535383387117690e-02 6.011872969168052805e-03 8.612881516313564134e-02 3.877100490348084350e-02 6.166571726197389580e-02 1.565527806840805169e-01 1.810231643128190626e-02 3.200185745060935005e-02 1.686095593206573540e-01
4.322026725913019618e-02 1.110792745271282911e-02 9.777721353577817354e-02 9.621240994778190725e-02 4.417674102774071798e-02 7.747544260467975619e-02 5.539991261122167998e-02 2.121952508628055512e-02 9.619303912671739454e-02 -6.080903697790063234e-02 1.230151580568872305e-02 -6.487530293264853753e-02 -5.576127636589944814e-02 -1.061684279487167260e-01 -9.335828817472702212e-02 -1.148149465126948598e-01 -6.594043117314640767e-02 -2.132324693546365779e-01 -6.764336423890426886e-02 1.682561835929163863e-02 -1.079277017211097700e-01 -1.273799140608389280e-02 8.635023928718510433e-03 2.741416166406906996e-02 7.076587632013797702e-03 5.372962397046876504e-02 1.810231643128190626e-02 1.098543686030666322e-01 4.115105962796405947e-03 1.624296430293838966e-01
-1.653271545131929088e-02 1.231735818296897378e-02 -4.467342693590126146e-02 9.788140774389830767e-03 -2.976028996044988162e-03 1.450859315866637189e-03 3.761271553287315328e-02 7.902467214705666265e-02 4.457198095494163681e-02 -7.090012528237821243e-03 4.198669148308908916e-02 1.291016424931967777e-02 -3.710735755248606438e-03 -6.056444985580355933e-02 1.806708036986037769e-02 -5.157946562979986993e-02 -8.819350199922837419e-02 -2.786274675412414581e-02 -2.531814226810524815e-02 -5.082786574052988726e-02 -1.520514751092605366e-02 2.127627546181543039e-02 -2.632827690695194178e-02 3.764671941826236434e-02 3.144098377811133105e-02 1.283023254597992491e-02 3.200185745060935005e-02 4.115105962796405947e-03 8.273045487436547774e-02 -5.890771909787417826e-02
1.253721264327509743e-01 9.050600918450868448e-02 3.094415479261556357e-01 1.371654647006153027e-01 1.082733598562981570e-01 2.876192361653124863e-01 4.814701765513973442e-02 -4.889377548340689827e-02 2.430757808633075001e-01 -1.111686136901539612e-01 4.693745976555874222e-02 -1.427363440336080203e-01 -2.273095202980357499e-02 -3.083964813631041579e-01 -3.500553242620867422e-01 -1.969564889625416981e-01 -1.564510201432085523e-01 -7.319326316499541463e-01 -1.053466745441653529e-01 6.818337758318193664e-02 -4.297902701915745638e-01 -1.196538558644988370e-02 3.204190694890485247e-02 -6.417100556433297243e-02 -2.494805222073637196e-02 2.267080995704304769e-01 1.686095593206573540e-01 1.624296430293838966e-01 -5.890771909787417826e-02 7.099407151603145394e-01
