1.000000000000000000e+00 1.079502382732957511e-01 6.255815527106913798e-01 1.307396203082995256e-01 2.489184761125959044e-01 6.442901635180258157e-01 5.765465606002734972e-02 2.815624948993437626e-01 8.954766859482982122e-02 1.091597971092445191e-01 6.713792565890460695e-01 2.832372441581069156e-01 1.334598087526550902e-01 2.131675858681549851e-01 1.557801557592270181e-01 1.554806648024007476e-01 9.946929561885640980e-02 2.544313730193422107e-01 1.811709984424878794e-01 1.173227839047430859e-01
1.079502382732957511e-01 9.999999999999996669e-01 1.365755321245277487e-01 4.232712106578596228e-02 2.765402354279756225e-01 1.159031113996946277e-01 1.552313023908939993e-01 3.473421574326300276e-01 3.276919711049313538e-02 2.566607931545065724e-01 1.280737550349037857e-01 3.819103335019989331e-01 5.180466265990818497e-02 6.713578719451741561e-01 9.457507124089215012e-01 8.676592496264703414e-01 3.741192499484075062e-02 1.026777326867092527e-01 8.318836031098403305e-02 3.774525426152348234e-02
6.255815527106913798e-01 1.365755321245277487e-01 9.999999999999998890e-01 1.554304663625898641e-01 1.346569437907922662e-01 3.713915753532370245e-01 4.785650780854788788e-02 4.031904502893484121e-01 1.348191562822175504e-01 2.195734498687793301e-01 3.633992032697063723e-01 2.088134493502998013e-01 1.730465277849990435e-01 3.118194810848244902e-01 2.319570671818997065e-01 8.106485301774161989e-02 1.536084451422504715e-01 3.475511830781359834e-01 5.285624946888288767e-01 1.512188449321983097e-01
1.307396203082995256e-01 4.232712106578596228e-02 1.554304663625898641e-01 1.000000000000000222e+00 1.393455118209239174e-01 1.885788308983972483e-01 1.653378011060848141e-01 3.707863735860725263e-02 9.467084691839436905e-01 1.518387073415924104e-01 1.734627345343930094e-01 1.445728382439784576e-01 9.871642272460522394e-01 5.018834776515904150e-02 6.234621989251317581e-02 3.925149837024443852e-03 9.464523159720550360e-01 1.544837245106500667e-01 1.694448895462985216e-01 9.751319734114152205e-01
2.489184761125959044e-01 2.765402354279756225e-01 1.346569437907922662e-01 1.393455118209239174e-01 1.000000000000000444e+00 2.089027540895715129e-01 5.300416310061002029e-02 1.644418403452283794e-01 1.295484503775628793e-01 1.411378937900128472e-01 1.987997516906471196e-01 9.333184852277439658e-01 1.371458922046517592e-01 3.229483846166326111e-01 3.370744082504864014e-01 1.849350083251886379e-01 1.259885980127778971e-01 4.154963836516542552e-02 6.917865280445434362e-02 1.260804640250345887e-01
6.442901635180258157e-01 1.159031113996946277e-01 3.713915753532370245e-01 1.885788308983972483e-01 2.089027540895715129e-01 1.000000000000000000e+00 4.124609152003601981e-02 2.446819983927619457e-01 1.590571934694241518e-01 2.424262409133496610e-01 9.104534084478128619e-01 2.560865956833318080e-01 1.996651521010220642e-01 2.060994428304472326e-01 1.632857244700818555e-01 1.447950708483767557e-01 1.386500712582264538e-01 7.584306237494954639e-02 5.694456294026783993e-02 1.683520372429559986e-01
5.765465606002734972e-02 1.552313023908939993e-01 4.785650780854788788e-02 1.653378011060848141e-01 5.300416310061002029e-02 4.124609152003601981e-02 1.000000000000000000e+00 1.077747657939776144e-01 1.641263471177387967e-01 8.322386909072650163e-02 1.210618139545562161e-01 3.371534015559863456e-02 1.668948159411266507e-01 6.222233093684135380e-02 1.074469729412454305e-01 2.044691809283938344e-01 1.605308385130301829e-01 2.648155554726249195e-01 3.222567798875281553e-01 1.656495606787425634e-01
2.815624948993437626e-01 3.473421574326300276e-01 4.031904502893484121e-01 3.707863735860725263e-02 1.644418403452283794e-01 2.446819983927619457e-01 1.077747657939776144e-01 9.999999999999996669e-01 3.522375692262490893e-02 8.549828615123533648e-02 2.510151105746215028e-01 2.182857508487855702e-01 2.818148948356860584e-02 5.881151382005005424e-01 4.124762833073424839e-01 2.682361873277094300e-01 3.359883326720282393e-02 2.133142124188912303e-02 8.410935970760469171e-02 4.376984220627586769e-02
8.954766859482982122e-02 3.276919711049313538e-02 1.348191562822175504e-01 9.467084691839436905e-01 1.295484503775628793e-01 1.590571934694241518e-01 1.641263471177387967e-01 3.522375692262490893e-02 9.999999999999996669e-01 1.747142994626365020e-01 1.111034216342784847e-01 1.386022344528914652e-01 9.135070372950709894e-01 6.515062894453849118e-02 4.824892073696510075e-02 8.575378760590730842e-03 9.683918202266509345e-01 1.609508735664756662e-01 2.016496297922808212e-01 9.599502185662597276e-01
1.091597971092445191e-01 2.566607931545065724e-01 2.195734498687793301e-01 1.518387073415924104e-01 1.411378937900128472e-01 2.424262409133496610e-01 8.322386909072650163e-02 8.549828615123533648e-02 1.747142994626365020e-01 1.000000000000000000e+00 1.872155476728089296e-01 2.092616675967675643e-01 1.715027779179528478e-01 3.259861667801605134e-01 2.390781238704293432e-01 3.584987394270713890e-01 1.759745596201734708e-01 2.965438613984084371e-01 1.169523427022285400e-01 1.752789640640876057e-01
6.713792565890460695e-01 1.280737550349037857e-01 3.633992032697063723e-01 1.734627345343930094e-01 1.987997516906471196e-01 9.104534084478128619e-01 1.210618139545562161e-01 2.510151105746215028e-01 1.111034216342784847e-01 1.872155476728089296e-01 1.000000000000000222e+00 2.431651858622425610e-01 1.912365662946261258e-01 2.130900802717923259e-01 1.603761750693478705e-01 1.736379107551397627e-01 1.126291445667065294e-01 3.936655201531757270e-02 7.240252500989291518e-02 1.488656481449447400e-01
2.832372441581069156e-01 3.819103335019989331e-01 2.088134493502998013e-01 1.445728382439784576e-01 9.333184852277439658e-01 2.560865956833318080e-01 3.371534015559863456e-02 2.182857508487855702e-01 1.386022344528914652e-01 2.092616675967675643e-01 2.431651858622425610e-01 1.000000000000000222e+00 1.475878515301537464e-01 4.762765182723514568e-01 4.441912920576551738e-01 2.849583335568192100e-01 1.357588797016905380e-01 3.985894925739391637e-02 4.968640934204335280e-02 1.334262780699775885e-01
1.334598087526550902e-01 5.180466265990818497e-02 1.730465277849990435e-01 9.871642272460522394e-01 1.371458922046517592e-01 1.996651521010220642e-01 1.668948159411266507e-01 2.818148948356860584e-02 9.135070372950709894e-01 1.715027779179528478e-01 1.912365662946261258e-01 1.475878515301537464e-01 9.999999999999995559e-01 5.578167044706294070e-02 6.820196208787970837e-02 9.519225363829436279e-03 9.226997742201813457e-01 1.713593027426969506e-01 1.861646472326977664e-01 9.569684682061869729e-01
2.131675858681549851e-01 6.713578719451741561e-01 3.118194810848244902e-01 5.018834776515904150e-02 3.229483846166326111e-01 2.060994428304472326e-01 6.222233093684135380e-02 5.881151382005005424e-01 6.515062894453849118e-02 3.259861667801605134e-01 2.130900802717923259e-01 4.762765182723514568e-01 5.578167044706294070e-02 1.000000000000000000e+00 6.782751720857683742e-01 6.633091046633324828e-01 6.942010150977244443e-02 1.010802638359179634e-01 6.739792199904051651e-02 5.742814363952574580e-02
1.557801557592270181e-01 9.457507124089215012e-01 2.319570671818997065e-01 6.234621989251317581e-02 3.370744082504864014e-01 1.632857244700818555e-01 1.074469729412454305e-01 4.124762833073424839e-01 4.824892073696510075e-02 2.390781238704293432e-01 1.603761750693478705e-01 4.441912920576551738e-01 6.820196208787970837e-02 6.782751720857683742e-01 1.000000000000000000e+00 7.349559497621430681e-01 4.856542006588876470e-02 7.508374101859285887e-02 1.114295251454590213e-01 5.012916385918294443e-02
1.554806648024007476e-01 8.676592496264703414e-01 8.106485301774161989e-02 3.925149837024443852e-03 1.849350083251886379e-01 1.447950708483767557e-01 2.044691809283938344e-01 2.682361873277094300e-01 8.575378760590730842e-03 3.584987394270713890e-01 1.736379107551397627e-01 2.849583335568192100e-01 9.519225363829436279e-03 6.633091046633324828e-01 7.349559497621430681e-01 1.000000000000000444e+00 8.443745621865400217e-03 1.293408036648862058e-01 2.388626730187362948e-02 6.110332091734948200e-03
9.946929561885640980e-02 3.741192499484075062e-02 1.536084451422504715e-01 9.464523159720550360e-01 1.259885980127778971e-01 1.386500712582264538e-01 1.605308385130301829e-01 3.359883326720282393e-02 9.683918202266509345e-01 1.759745596201734708e-01 1.126291445667065294e-01 1.357588797016905380e-01 9.226997742201813457e-01 6.942010150977244443e-02 4.856542006588876470e-02 8.443745621865400217e-03 9.999999999999998890e-01 1.905656070059082163e-01 2.026128913812943466e-01 9.781957448722199411e-01
2.544313730193422107e-01 1.026777326867092527e-01 3.475511830781359834e-01 1.544837245106500667e-01 4.154963836516542552e-02 7.584306237494954639e-02 2.648155554726249195e-01 2.133142124188912303e-02 1.609508735664756662e-01 2.965438613984084371e-01 3.936655201531757270e-02 3.985894925739391637e-02 1.713593027426969506e-01 1.010802638359179634e-01 7.508374101859285887e-02 1.293408036648862058e-01 1.905656070059082163e-01 1.000000000000000666e+00 4.580239447678495779e-01 1.815433366514957736e-01
1.811709984424878794e-01 8.318836031098403305e-02 5.285624946888288767e-01 1.694448895462985216e-01 6.917865280445434362e-02 5.694456294026783993e-02 3.222567798875281553e-01 8.410935970760469171e-02 2.016496297922808212e-01 1.169523427022285400e-01 7.240252500989291518e-02 4.968640934204335280e-02 1.861646472326977664e-01 6.739792199904051651e-02 1.114295251454590213e-01 2.388626730187362948e-02 2.026128913812943466e-01 4.580239447678495779e-01 9.999999999999998890e-01 1.836772154573600713e-01
1.173227839047430859e-01 3.774525426152348234e-02 1.512188449321983097e-01 9.751319734114152205e-01 1.260804640250345887e-01 1.683520372429559986e-01 1.656495606787425634e-01 4.376984220627586769e-02 9.599502185662597276e-01 1.752789640640876057e-01 1.488656481449447400e-01 1.334262780699775885e-01 9.569684682061869729e-01 5.742814363952574580e-02 5.012916385918294443e-02 6.110332091734948200e-03 9.781957448722199411e-01 1.815433366514957736e-01 1.836772154573600713e-01 9.999999999999994449e-01
