     0.000     6.793    -0.788    -0.494     0.258     0.027     0.699
     6.793     0.000    -0.188     1.587     0.400     1.435     2.976
    -0.788    -0.188     0.000     4.049    -0.873    -0.923     2.975
    -0.494     1.587     4.049     0.000    10.990     6.587     0.036
     0.258     0.400    -0.873    10.990     0.000     5.655     2.309
     0.027     1.435    -0.923     6.587     5.655     0.000     8.754
     0.699     2.976     2.975     0.036     2.309     8.754     0.000
