  -0.012   0.049   0.060   0.034   0.014   0.039   0.060
   0.049  -0.011   0.041   0.027   0.015   0.034   0.055
   0.060   0.041  -0.014   0.030   0.013   0.037   0.055
   0.034   0.027   0.030  -0.009   0.006   0.018   0.027
   0.014   0.015   0.013   0.006  -0.003   0.011   0.012
   0.039   0.034   0.037   0.018   0.011  -0.005   0.025
   0.060   0.055   0.055   0.027   0.012   0.025  -0.008
