   2.280   0.332   0.382   0.167   0.033   0.223   0.357
   0.332   1.988   0.500   0.357   0.281   0.312   0.445
   0.382   0.500   2.780   0.334   0.158   0.323   0.575
   0.167   0.357   0.334   1.548   0.268   0.385   0.371
   0.033   0.281   0.158   0.268   0.632   0.273   0.195
   0.223   0.312   0.323   0.385   0.273   1.955   0.707
   0.357   0.445   0.575   0.371   0.195   0.707   2.660
