   3.080   5.387   5.938   5.165   3.657   5.064   5.964
   5.387   3.305   5.685   5.062   3.800   5.124   6.021
   5.938   5.685   3.333   5.073   3.890   5.225   5.937
   5.165   5.062   5.073   2.320   2.836   4.117   5.009
   3.657   3.800   3.890   2.836   0.691   2.826   3.809
   5.064   5.124   5.225   4.117   2.826   2.253   4.866
   5.964   6.021   5.937   5.009   3.809   4.866   3.210
