   3.080   0.999   0.475   0.235   0.114   0.269   0.326
   0.999   3.305   0.953   0.564   0.196   0.434   0.494
   0.475   0.953   3.333   0.580   0.133   0.361   0.606
   0.235   0.564   0.580   2.320   0.176   0.456   0.521
   0.114   0.196   0.133   0.176   0.691   0.119   0.092
   0.269   0.434   0.361   0.456   0.119   2.253   0.597
   0.326   0.494   0.606   0.521   0.092   0.597   3.210
