     0.000     1.915    -0.063    -0.393    -1.414     0.015    -0.799
     1.915     0.000     6.134     4.602     9.046     4.527     3.787
    -0.063     6.134     0.000     3.070     3.108     2.257     2.381
    -0.393     4.602     3.070     0.000     9.907     7.776     3.667
    -1.414     9.046     3.108     9.907     0.000    12.827     3.133
     0.015     4.527     2.257     7.776    12.827     0.000     7.511
    -0.799     3.787     2.381     3.667     3.133     7.511     0.000
