     0.000     2.791    -0.281    -0.187    -0.490     1.966     0.155
     2.791     0.000     6.702     1.319     1.003     0.898     0.416
    -0.281     6.702     0.000     1.796    -1.075     1.047     0.787
    -0.187     1.319     1.796     0.000     1.907     1.224     6.189
    -0.490     1.003    -1.075     1.907     0.000     2.877     1.914
     1.966     0.898     1.047     1.224     2.877     0.000     9.439
     0.155     0.416     0.787     6.189     1.914     9.439     0.000
