   2.783   0.370   0.386   0.251   0.168   0.290   0.294   0.606   0.879   1.085
   0.370   1.396   0.234   0.124   0.087   0.076   0.112   0.219   0.159   0.354
   0.386   0.234   1.203   0.087   0.083   0.089   0.140   0.216   0.364   0.465
   0.251   0.124   0.087   0.681   0.026   0.072   0.060   0.198   0.121   0.132
   0.168   0.087   0.083   0.026   0.613   0.066   0.024   0.096   0.148   0.220
   0.290   0.076   0.089   0.072   0.066   0.967   0.104   0.193   0.222   0.233
   0.294   0.112   0.140   0.060   0.024   0.104   1.373   0.217   0.211   0.245
   0.606   0.219   0.216   0.198   0.096   0.193   0.217   1.747   0.553   0.715
   0.879   0.159   0.364   0.121   0.148   0.222   0.211   0.553   2.190   1.159
   1.085   0.354   0.465   0.132   0.220   0.233   0.245   0.715   1.159   2.560
