   1.911   2.470   2.316   2.532   2.819   3.277   3.455
   2.470   0.653   1.020   1.286   1.558   2.004   2.189
   2.316   1.020   0.426   1.009   1.320   1.783   1.980
   2.532   1.286   1.009   0.637   1.510   1.972   2.185
   2.819   1.558   1.320   1.510   0.917   2.210   2.424
   3.277   2.004   1.783   1.972   2.210   1.383   2.833
   3.455   2.189   1.980   2.185   2.424   2.833   1.572
