     0.000     6.594     3.242    -0.975    -0.954    -0.606     0.132
     6.594     0.000     8.987    -1.043    -0.077     0.654     2.099
     3.242     8.987     0.000     5.102     2.483     2.493     0.004
    -0.975    -1.043     5.102     0.000     3.033     2.463     0.683
    -0.954    -0.077     2.483     3.033     0.000     7.531    -0.616
    -0.606     0.654     2.493     2.463     7.531     0.000     4.034
     0.132     2.099     0.004     0.683    -0.616     4.034     0.000
