   1.953   2.513   2.263   2.573   2.821   3.261   3.595
   2.513   0.647   0.940   1.270   1.516   1.956   2.292
   2.263   0.940   0.362   0.947   1.226   1.671   2.040
   2.573   1.270   0.947   0.629   1.486   1.931   2.297
   2.821   1.516   1.226   1.486   0.888   2.136   2.557
   3.261   1.956   1.671   1.931   2.136   1.339   2.911
   3.595   2.292   2.040   2.297   2.557   2.911   1.707
