   1.910   2.478   2.322   2.533   2.816   3.270   3.445
   2.478   0.664   1.037   1.299   1.567   2.006   2.194
   2.322   1.037   0.433   1.017   1.325   1.782   1.983
   2.533   1.299   1.017   0.640   1.514   1.973   2.184
   2.816   1.567   1.325   1.514   0.916   2.202   2.422
   3.270   2.006   1.782   1.973   2.202   1.376   2.823
   3.445   2.194   1.983   2.184   2.422   2.823   1.568
