     0.000    12.173     1.624     0.082    -0.942    -1.426    -0.768
    12.173     0.000    12.122    -0.875     0.199     2.174     1.099
     1.624    12.122     0.000    11.308     2.363     2.595    -0.424
     0.082    -0.875    11.308     0.000     4.372     4.028    -0.255
    -0.942     0.199     2.363     4.372     0.000     9.194     3.576
    -1.426     2.174     2.595     4.028     9.194     0.000     8.131
    -0.768     1.099    -0.424    -0.255     3.576     8.131     0.000
