     0.000    -0.582     0.050    -0.885    -0.330     1.513     0.675
    -0.582     0.000     3.790     6.000    -0.530    -0.665     1.014
     0.050     3.790     0.000     2.462    -0.834    -1.081    -0.484
    -0.885     6.000     2.462     0.000     1.697     4.265     3.553
    -0.330    -0.530    -0.834     1.697     0.000     0.963     0.081
     1.513    -0.665    -1.081     4.265     0.963     0.000     5.722
     0.675     1.014    -0.484     3.553     0.081     5.722     0.000
