   1.967   2.558   2.307   2.625   2.835   3.234   3.301
   2.558   0.683   1.004   1.347   1.557   1.950   1.998
   2.307   1.004   0.395   1.003   1.255   1.664   1.767
   2.625   1.347   1.003   0.672   1.541   1.946   2.044
   2.835   1.557   1.255   1.541   0.897   2.107   2.260
   3.234   1.950   1.664   1.946   2.107   1.310   2.611
   3.301   1.998   1.767   2.044   2.260   2.611   1.413
