   1.967   0.092   0.055   0.015   0.030   0.043   0.079
   0.092   0.683   0.073   0.008   0.022   0.042   0.098
   0.055   0.073   0.395   0.065   0.037   0.041   0.041
   0.015   0.008   0.065   0.672   0.028   0.036   0.041
   0.030   0.022   0.037   0.028   0.897   0.100   0.050
   0.043   0.042   0.041   0.036   0.100   1.310   0.112
   0.079   0.098   0.041   0.041   0.050   0.112   1.413
