   1.000   0.133   0.116   0.066   0.051   0.107   0.107
   0.133   1.000   0.193   0.155   0.134   0.172   0.164
   0.116   0.193   1.000   0.125   0.062   0.127   0.175
   0.066   0.155   0.125   1.000   0.225   0.191   0.140
   0.051   0.134   0.062   0.225   1.000   0.172   0.077
   0.107   0.172   0.127   0.191   0.172   1.000   0.231
   0.107   0.164   0.175   0.140   0.077   0.231   1.000
