   1.000   0.210   0.099   0.059   0.040   0.056   0.065
   0.210   1.000   0.198   0.127   0.054   0.085   0.091
   0.099   0.198   1.000   0.137   0.036   0.070   0.120
   0.059   0.127   0.137   1.000   0.063   0.102   0.124
   0.040   0.054   0.036   0.063   1.000   0.051   0.023
   0.056   0.085   0.070   0.102   0.051   1.000   0.121
   0.065   0.091   0.120   0.124   0.023   0.121   1.000
