   1.000   0.204   0.091   0.056   0.040   0.058   0.059
   0.204   1.000   0.183   0.124   0.054   0.091   0.085
   0.091   0.183   1.000   0.129   0.040   0.073   0.106
   0.056   0.124   0.129   1.000   0.061   0.109   0.115
   0.040   0.054   0.040   0.061   1.000   0.043   0.023
   0.058   0.091   0.073   0.109   0.043   1.000   0.118
   0.059   0.085   0.106   0.115   0.023   0.118   1.000
