   1.000   0.131   0.119   0.097   0.085   0.145   0.106
   0.131   1.000   0.206   0.183   0.094   0.191   0.108
   0.119   0.206   1.000   0.163   0.095   0.153   0.152
   0.097   0.183   0.163   1.000   0.091   0.208   0.189
   0.085   0.094   0.095   0.091   1.000   0.060   0.046
   0.145   0.191   0.153   0.208   0.060   1.000   0.190
   0.106   0.108   0.152   0.189   0.046   0.190   1.000
