   1.000   0.118   0.119   0.058   0.041   0.075   0.102
   0.118   1.000   0.146   0.060   0.064   0.042   0.101
   0.119   0.146   1.000   0.072   0.040   0.066   0.133
   0.058   0.060   0.072   1.000   0.131   0.080   0.061
   0.041   0.064   0.040   0.131   1.000   0.113   0.116
   0.075   0.042   0.066   0.080   0.113   1.000   0.112
   0.102   0.101   0.133   0.061   0.116   0.112   1.000
