   1.000   0.192   0.087   0.049   0.034   0.055   0.059
   0.192   1.000   0.174   0.114   0.050   0.086   0.084
   0.087   0.174   1.000   0.121   0.036   0.073   0.105
   0.049   0.114   0.121   1.000   0.061   0.109   0.107
   0.034   0.050   0.036   0.061   1.000   0.041   0.023
   0.055   0.086   0.073   0.109   0.041   1.000   0.120
   0.059   0.084   0.105   0.107   0.023   0.120   1.000
