   1.000   0.185   0.080   0.046   0.031   0.053   0.055
   0.185   1.000   0.168   0.111   0.052   0.085   0.082
   0.080   0.168   1.000   0.114   0.034   0.069   0.102
   0.046   0.111   0.114   1.000   0.062   0.111   0.104
   0.031   0.052   0.034   0.062   1.000   0.042   0.024
   0.053   0.085   0.069   0.111   0.042   1.000   0.123
   0.055   0.082   0.102   0.104   0.024   0.123   1.000
