   1.000   0.177   0.075   0.043   0.027   0.051   0.051
   0.177   1.000   0.165   0.110   0.048   0.085   0.079
   0.075   0.165   1.000   0.110   0.033   0.069   0.102
   0.043   0.110   0.110   1.000   0.061   0.111   0.102
   0.027   0.048   0.033   0.061   1.000   0.040   0.023
   0.051   0.085   0.069   0.111   0.040   1.000   0.125
   0.051   0.079   0.102   0.102   0.023   0.125   1.000
