   1.000   0.097   0.092   0.026   0.016   0.042   0.070
   0.097   1.000   0.164   0.097   0.034   0.071   0.080
   0.092   0.164   1.000   0.107   0.039   0.084   0.169
   0.026   0.097   0.107   1.000   0.071   0.081   0.095
   0.016   0.034   0.039   0.071   1.000   0.071   0.063
   0.042   0.071   0.084   0.081   0.071   1.000   0.175
   0.070   0.080   0.169   0.095   0.063   0.175   1.000
