   1.000   0.157   0.151   0.093   0.057   0.113   0.116
   0.157   1.000   0.254   0.178   0.117   0.195   0.175
   0.151   0.254   1.000   0.174   0.087   0.176   0.190
   0.093   0.178   0.174   1.000   0.098   0.249   0.206
   0.057   0.117   0.087   0.098   1.000   0.080   0.072
   0.113   0.195   0.176   0.249   0.080   1.000   0.218
   0.116   0.175   0.190   0.206   0.072   0.218   1.000
