   1.000   0.165   0.071   0.041   0.023   0.048   0.048
   0.165   1.000   0.163   0.110   0.043   0.088   0.079
   0.071   0.163   1.000   0.109   0.034   0.070   0.099
   0.041   0.110   0.109   1.000   0.062   0.117   0.104
   0.023   0.043   0.034   0.062   1.000   0.040   0.023
   0.048   0.088   0.070   0.117   0.040   1.000   0.127
   0.048   0.079   0.099   0.104   0.023   0.127   1.000
