   1.000   0.190   0.059   0.133   0.033   0.096   0.101
   0.190   1.000   0.174   0.163   0.039   0.108   0.116
   0.059   0.174   1.000   0.105   0.030   0.112   0.114
   0.133   0.163   0.105   1.000   0.023   0.107   0.164
   0.033   0.039   0.030   0.023   1.000   0.038   0.038
   0.096   0.108   0.112   0.107   0.038   1.000   0.153
   0.101   0.116   0.114   0.164   0.038   0.153   1.000
