   1.000   0.055   0.083   0.042   0.037   0.060   0.078
   0.055   1.000   0.159   0.096   0.026   0.093   0.108
   0.083   0.159   1.000   0.126   0.048   0.089   0.140
   0.042   0.096   0.126   1.000   0.063   0.125   0.145
   0.037   0.026   0.048   0.063   1.000   0.069   0.048
   0.060   0.093   0.089   0.125   0.069   1.000   0.147
   0.078   0.108   0.140   0.145   0.048   0.147   1.000
