   1.000   0.165   0.053   0.043   0.024   0.041   0.036
   0.165   1.000   0.138   0.104   0.036   0.076   0.065
   0.053   0.138   1.000   0.092   0.030   0.055   0.076
   0.043   0.104   0.092   1.000   0.058   0.096   0.097
   0.024   0.036   0.030   0.058   1.000   0.037   0.017
   0.041   0.076   0.055   0.096   0.037   1.000   0.117
   0.036   0.065   0.076   0.097   0.017   0.117   1.000
