   1.000   0.166   0.051   0.043   0.024   0.039   0.035
   0.166   1.000   0.133   0.104   0.035   0.073   0.062
   0.051   0.133   1.000   0.090   0.029   0.052   0.071
   0.043   0.104   0.090   1.000   0.057   0.089   0.095
   0.024   0.035   0.029   0.057   1.000   0.034   0.016
   0.039   0.073   0.052   0.089   0.034   1.000   0.112
   0.035   0.062   0.071   0.095   0.016   0.112   1.000
