   1.000   0.169   0.055   0.045   0.022   0.035   0.035
   0.169   1.000   0.142   0.101   0.032   0.064   0.061
   0.055   0.142   1.000   0.091   0.027   0.054   0.080
   0.045   0.101   0.091   1.000   0.056   0.084   0.096
   0.022   0.032   0.027   0.056   1.000   0.032   0.014
   0.035   0.064   0.054   0.084   0.032   1.000   0.114
   0.035   0.061   0.080   0.096   0.014   0.114   1.000
