   1.000   0.073   0.097   0.054   0.016   0.031   0.044
   0.073   1.000   0.183   0.095   0.021   0.064   0.101
   0.097   0.183   1.000   0.146   0.053   0.131   0.197
   0.054   0.095   0.146   1.000   0.069   0.080   0.111
   0.016   0.021   0.053   0.069   1.000   0.035   0.042
   0.031   0.064   0.131   0.080   0.035   1.000   0.185
   0.044   0.101   0.197   0.111   0.042   0.185   1.000
