   1.000   0.029   0.042   0.031   0.012   0.009   0.037
   0.029   1.000   0.135   0.091   0.029   0.029   0.069
   0.042   0.135   1.000   0.108   0.063   0.068   0.122
   0.031   0.091   0.108   1.000   0.064   0.084   0.129
   0.012   0.029   0.063   0.064   1.000   0.055   0.034
   0.009   0.029   0.068   0.084   0.055   1.000   0.126
   0.037   0.069   0.122   0.129   0.034   0.126   1.000
