   1.000   0.172   0.056   0.044   0.022   0.033   0.032
   0.172   1.000   0.144   0.097   0.029   0.058   0.058
   0.056   0.144   1.000   0.089   0.022   0.051   0.077
   0.044   0.097   0.089   1.000   0.053   0.078   0.091
   0.022   0.029   0.022   0.053   1.000   0.029   0.013
   0.033   0.058   0.051   0.078   0.029   1.000   0.113
   0.032   0.058   0.077   0.091   0.013   0.113   1.000
