   1.000   0.171   0.053   0.044   0.021   0.032   0.031
   0.171   1.000   0.140   0.095   0.028   0.057   0.056
   0.053   0.140   1.000   0.087   0.021   0.049   0.074
   0.044   0.095   0.087   1.000   0.053   0.076   0.090
   0.021   0.028   0.021   0.053   1.000   0.030   0.012
   0.032   0.057   0.049   0.076   0.030   1.000   0.113
   0.031   0.056   0.074   0.090   0.012   0.113   1.000
