   1.000   0.165   0.048   0.044   0.021   0.029   0.028
   0.165   1.000   0.131   0.092   0.028   0.053   0.052
   0.048   0.131   1.000   0.090   0.020   0.046   0.069
   0.044   0.092   0.090   1.000   0.053   0.073   0.088
   0.021   0.028   0.020   0.053   1.000   0.029   0.012
   0.029   0.053   0.046   0.073   0.029   1.000   0.111
   0.028   0.052   0.069   0.088   0.012   0.111   1.000
