   1.000   0.049   0.084   0.067   0.022   0.028   0.055
   0.049   1.000   0.161   0.121   0.030   0.068   0.085
   0.084   0.161   1.000   0.219   0.019   0.081   0.135
   0.067   0.121   0.219   1.000   0.110   0.129   0.151
   0.022   0.030   0.019   0.110   1.000   0.032   0.037
   0.028   0.068   0.081   0.129   0.032   1.000   0.176
   0.055   0.085   0.135   0.151   0.037   0.176   1.000
