   1.000   0.093   0.100   0.047   0.010   0.060   0.076
   0.093   1.000   0.179   0.073   0.052   0.068   0.057
   0.100   0.179   1.000   0.060   0.036   0.089   0.098
   0.047   0.073   0.060   1.000   0.025   0.066   0.115
   0.010   0.052   0.036   0.025   1.000   0.036   0.029
   0.060   0.068   0.089   0.066   0.036   1.000   0.151
   0.076   0.057   0.098   0.115   0.029   0.151   1.000
