   1.000   0.163   0.047   0.043   0.020   0.029   0.027
   0.163   1.000   0.129   0.090   0.027   0.052   0.050
   0.047   0.129   1.000   0.087   0.019   0.045   0.067
   0.043   0.090   0.087   1.000   0.051   0.071   0.086
   0.020   0.027   0.019   0.051   1.000   0.027   0.012
   0.029   0.052   0.045   0.071   0.027   1.000   0.110
   0.027   0.050   0.067   0.086   0.012   0.110   1.000
