   1.000   0.157   0.046   0.051   0.018   0.032   0.029
   0.157   1.000   0.129   0.095   0.027   0.057   0.053
   0.046   0.129   1.000   0.089   0.020   0.047   0.063
   0.051   0.095   0.089   1.000   0.051   0.077   0.091
   0.018   0.027   0.020   0.051   1.000   0.028   0.011
   0.032   0.057   0.047   0.077   0.028   1.000   0.110
   0.029   0.053   0.063   0.091   0.011   0.110   1.000
