   1.000   0.157   0.045   0.051   0.019   0.032   0.029
   0.157   1.000   0.127   0.094   0.027   0.057   0.052
   0.045   0.127   1.000   0.088   0.020   0.046   0.061
   0.051   0.094   0.088   1.000   0.050   0.076   0.089
   0.019   0.027   0.020   0.050   1.000   0.027   0.011
   0.032   0.057   0.046   0.076   0.027   1.000   0.108
   0.029   0.052   0.061   0.089   0.011   0.108   1.000
