   1.000   0.157   0.044   0.051   0.018   0.032   0.029
   0.157   1.000   0.124   0.093   0.026   0.056   0.051
   0.044   0.124   1.000   0.086   0.019   0.045   0.059
   0.051   0.093   0.086   1.000   0.050   0.074   0.088
   0.018   0.026   0.019   0.050   1.000   0.028   0.011
   0.032   0.056   0.045   0.074   0.028   1.000   0.109
   0.029   0.051   0.059   0.088   0.011   0.109   1.000
