   1.000   0.153   0.042   0.048   0.018   0.031   0.026
   0.153   1.000   0.123   0.092   0.026   0.057   0.051
   0.042   0.123   1.000   0.085   0.019   0.044   0.058
   0.048   0.092   0.085   1.000   0.050   0.072   0.087
   0.018   0.026   0.019   0.050   1.000   0.027   0.010
   0.031   0.057   0.044   0.072   0.027   1.000   0.107
   0.026   0.051   0.058   0.087   0.010   0.107   1.000
