   1.000   0.322   0.124   0.172   0.026   0.130   0.242
   0.322   1.000   0.218   0.214   0.057   0.190   0.283
   0.124   0.218   1.000   0.247   0.064   0.192   0.198
   0.172   0.214   0.247   1.000   0.067   0.211   0.207
   0.026   0.057   0.064   0.067   1.000   0.072   0.055
   0.130   0.190   0.192   0.211   0.072   1.000   0.160
   0.242   0.283   0.198   0.207   0.055   0.160   1.000
