   1.000   0.132   0.067   0.064   0.027   0.036   0.057
   0.132   1.000   0.193   0.146   0.029   0.060   0.093
   0.067   0.193   1.000   0.172   0.025   0.057   0.141
   0.064   0.146   0.172   1.000   0.063   0.090   0.157
   0.027   0.029   0.025   0.063   1.000   0.064   0.028
   0.036   0.060   0.057   0.090   0.064   1.000   0.107
   0.057   0.093   0.141   0.157   0.028   0.107   1.000
