   1.000   0.223   0.098   0.195   0.047   0.093   0.108
   0.223   1.000   0.149   0.250   0.053   0.118   0.153
   0.098   0.149   1.000   0.139   0.029   0.065   0.113
   0.195   0.250   0.139   1.000   0.102   0.177   0.194
   0.047   0.053   0.029   0.102   1.000   0.117   0.049
   0.093   0.118   0.065   0.177   0.117   1.000   0.144
   0.108   0.153   0.113   0.194   0.049   0.144   1.000
