   1.000   0.342   0.248   0.251   0.035   0.155   0.254
   0.342   1.000   0.319   0.316   0.050   0.179   0.320
   0.248   0.319   1.000   0.353   0.066   0.171   0.249
   0.251   0.316   0.353   1.000   0.053   0.203   0.300
   0.035   0.050   0.066   0.053   1.000   0.036   0.034
   0.155   0.179   0.171   0.203   0.036   1.000   0.190
   0.254   0.320   0.249   0.300   0.034   0.190   1.000
