   1.000   0.252   0.088   0.081   0.026   0.140   0.110
   0.252   1.000   0.137   0.094   0.047   0.108   0.175
   0.088   0.137   1.000   0.110   0.024   0.054   0.092
   0.081   0.094   0.110   1.000   0.044   0.091   0.116
   0.026   0.047   0.024   0.044   1.000   0.054   0.021
   0.140   0.108   0.054   0.091   0.054   1.000   0.122
   0.110   0.175   0.092   0.116   0.021   0.122   1.000
