   1.000   0.157   0.043   0.035   0.030   0.043   0.098
   0.157   1.000   0.080   0.064   0.026   0.070   0.150
   0.043   0.080   1.000   0.068   0.025   0.046   0.074
   0.035   0.064   0.068   1.000   0.051   0.138   0.057
   0.030   0.026   0.025   0.051   1.000   0.038   0.042
   0.043   0.070   0.046   0.138   0.038   1.000   0.146
   0.098   0.150   0.074   0.057   0.042   0.146   1.000
