   1.000   0.208   0.111   0.074   0.043   0.054   0.069
   0.208   1.000   0.213   0.141   0.046   0.081   0.093
   0.111   0.213   1.000   0.159   0.040   0.071   0.124
   0.074   0.141   0.159   1.000   0.060   0.097   0.138
   0.043   0.046   0.040   0.060   1.000   0.047   0.022
   0.054   0.081   0.071   0.097   0.047   1.000   0.107
   0.069   0.093   0.124   0.138   0.022   0.107   1.000
