   1.000   0.163   0.165   0.129   0.077   0.107   0.120
   0.163   1.000   0.290   0.195   0.094   0.178   0.140
   0.165   0.290   1.000   0.220   0.100   0.166   0.182
   0.129   0.195   0.220   1.000   0.087   0.204   0.199
   0.077   0.094   0.100   0.087   1.000   0.043   0.034
   0.107   0.178   0.166   0.204   0.043   1.000   0.176
   0.120   0.140   0.182   0.199   0.034   0.176   1.000
