   1.000   0.161   0.067   0.034   0.031   0.059   0.112
   0.161   1.000   0.056   0.083   0.049   0.074   0.201
   0.067   0.056   1.000   0.063   0.030   0.042   0.088
   0.034   0.083   0.063   1.000   0.114   0.089   0.094
   0.031   0.049   0.030   0.114   1.000   0.066   0.057
   0.059   0.074   0.042   0.089   0.066   1.000   0.216
   0.112   0.201   0.088   0.094   0.057   0.216   1.000
