   1.000   0.130   0.040   0.040   0.024   0.035   0.067
   0.130   1.000   0.066   0.084   0.043   0.076   0.148
   0.040   0.066   1.000   0.091   0.019   0.034   0.085
   0.040   0.084   0.091   1.000   0.153   0.123   0.066
   0.024   0.043   0.019   0.153   1.000   0.073   0.066
   0.035   0.076   0.034   0.123   0.073   1.000   0.164
   0.067   0.148   0.085   0.066   0.066   0.164   1.000
