  -0.030   0.054   0.069   0.045   0.010   0.050   0.069
   0.054  -0.045   0.084   0.069   0.015   0.079   0.134
   0.069   0.084  -0.054   0.064   0.010   0.099   0.134
   0.045   0.069   0.064  -0.045   0.010   0.059   0.094
   0.010   0.015   0.010   0.010  -0.010   0.020   0.015
   0.050   0.079   0.099   0.059   0.020  -0.030   0.064
   0.069   0.134   0.134   0.094   0.015   0.064  -0.035
