   1.680   3.931   4.226   3.842   2.031   3.578   4.129
   3.931   2.875   4.832   4.631   3.150   4.509   5.078
   4.226   4.832   3.026   4.434   3.301   4.717   5.214
   3.842   4.631   4.434   2.556   2.805   4.086   4.830
   2.031   3.150   3.301   2.805   0.432   2.445   3.093
   3.578   4.509   4.717   4.086   2.445   2.213   4.271
   4.129   5.078   5.214   4.830   3.093   4.271   2.740
