   1.680   0.624   0.480   0.395   0.080   0.315   0.291
   0.624   2.875   1.069   0.800   0.157   0.579   0.538
   0.480   1.069   3.026   1.148   0.156   0.522   0.552
   0.395   0.800   1.148   2.556   0.183   0.683   0.466
   0.080   0.157   0.156   0.183   0.432   0.200   0.079
   0.315   0.579   0.522   0.683   0.200   2.213   0.682
   0.291   0.538   0.552   0.466   0.079   0.682   2.740
