     0.000     4.615     1.491     2.213     0.635     1.779    -0.015
     4.615     0.000     7.415     8.396     2.074     4.096     1.501
     1.491     7.415     0.000    11.506     1.140     1.700     0.315
     2.213     8.396    11.506     0.000     2.668     5.662     0.583
     0.635     2.074     1.140     2.668     0.000     4.683    -0.697
     1.779     4.096     1.700     5.662     4.683     0.000     7.236
    -0.015     1.501     0.315     0.583    -0.697     7.236     0.000
