   1.941   0.100   0.069   0.067   0.075   0.041   0.174
   0.100   0.795   0.042   0.024   0.016   0.059   0.143
   0.069   0.042   0.394   0.104   0.026   0.032   0.044
   0.067   0.024   0.104   0.605   0.137   0.120   0.154
   0.075   0.016   0.026   0.137   0.939   0.099   0.087
   0.041   0.059   0.032   0.120   0.099   1.271   0.204
   0.174   0.143   0.044   0.154   0.087   0.204   1.887
