     0.000    12.566     3.040     6.522    -0.400     5.466     9.501
    12.566     0.000     5.916     7.943     0.818     5.925     7.469
     3.040     5.916     0.000    11.782     2.953     8.471     6.198
     6.522     7.943    11.782     0.000     2.422    11.239     7.117
    -0.400     0.818     2.953     2.422     0.000     3.150     1.426
     5.466     5.925     8.471    11.239     3.150     0.000     5.248
     9.501     7.469     6.198     7.117     1.426     5.248     0.000
