   2.354   4.564   4.270   3.497   3.043   3.781   4.345
   4.564   3.678   5.026   4.469   4.205   4.702   5.236
   4.270   5.026   2.445   3.362   3.019   3.662   4.580
   3.497   4.469   3.362   1.747   2.356   3.027   3.967
   3.043   4.205   3.019   2.356   0.767   2.506   3.610
   3.781   4.702   3.662   3.027   2.506   1.920   4.278
   4.345   5.236   4.580   3.967   3.610   4.278   3.041
