   2.354   1.467   0.529   0.603   0.078   0.493   1.050
   1.467   3.678   1.096   0.955   0.239   0.895   1.483
   0.529   1.096   2.445   0.830   0.192   0.702   0.906
   0.603   0.955   0.830   1.747   0.158   0.639   0.821
   0.078   0.239   0.192   0.158   0.767   0.180   0.198
   0.493   0.895   0.702   0.639   0.180   1.920   0.683
   1.050   1.483   0.906   0.821   0.198   0.683   3.041
