     0.000     9.149     1.238     0.539     0.323     8.647     1.428
     9.149     0.000     5.524     2.223     3.166     3.413     4.491
     1.238     5.524     0.000     3.378     0.572     0.800     2.623
     0.539     2.223     3.378     0.000     1.488     2.692     3.793
     0.323     3.166     0.572     1.488     0.000     4.125     0.103
     8.647     3.413     0.800     2.692     4.125     0.000     5.218
     1.428     4.491     2.623     3.793     0.103     5.218     0.000
