     0.000     1.947     0.071    -1.004     1.318     0.876     0.450
     1.947     0.000     1.851    -0.564    -0.547     1.007     1.483
     0.071     1.851     0.000    13.167     0.379     0.180    -0.025
    -1.004    -0.564    13.167     0.000     2.062     1.476     1.639
     1.318    -0.547     0.379     2.062     0.000     2.211    -0.439
     0.876     1.007     0.180     1.476     2.211     0.000     3.970
     0.450     1.483    -0.025     1.639    -0.439     3.970     0.000
