  -0.025   0.059   0.025   0.045   0.020   0.050   0.084
   0.059  -0.069   0.059   0.054   0.045   0.104   0.129
   0.025   0.059  -0.035   0.020   0.015   0.035   0.059
   0.045   0.054   0.020  -0.020   0.015   0.025   0.064
   0.020   0.045   0.015   0.015  -0.015   0.010   0.040
   0.050   0.104   0.035   0.025   0.010  -0.020   0.059
   0.084   0.129   0.059   0.064   0.040   0.059  -0.050
