   1.941   0.089   0.052   0.008   0.022   0.028   0.057
   0.089   0.644   0.065   0.007   0.021   0.031   0.060
   0.052   0.065   0.370   0.049   0.028   0.029   0.031
   0.008   0.007   0.049   0.667   0.038   0.039   0.038
   0.022   0.021   0.028   0.038   0.951   0.125   0.080
   0.028   0.031   0.029   0.039   0.125   1.393   0.144
   0.057   0.060   0.031   0.038   0.080   0.144   1.807
