     0.000     5.221     3.707    -0.801    -0.323    -0.661    -0.462
     5.221     0.000    10.208    -1.130     0.376     0.631     1.185
     3.707    10.208     0.000     8.043     1.859     1.647     0.253
    -0.801    -1.130     8.043     0.000     2.554     2.436     0.297
    -0.323     0.376     1.859     2.554     0.000    11.522     2.789
    -0.661     0.631     1.647     2.436    11.522     0.000     5.137
    -0.462     1.185     0.253     0.297     2.789     5.137     0.000
