     0.000     2.869     3.843     0.340    -0.156    -0.331     0.079
     2.869     0.000     5.981     1.722    -0.502     0.872     1.892
     3.843     5.981     0.000     2.476     3.156     4.898     6.532
     0.340     1.722     2.476     0.000     3.336     1.203     2.369
    -0.156    -0.502     3.156     3.336     0.000     0.475     2.490
    -0.331     0.872     4.898     1.203     0.475     0.000    10.079
     0.079     1.892     6.532     2.369     2.490    10.079     0.000
