     0.000     3.784     2.820     0.841    -0.418    -0.284     0.206
     3.784     0.000     5.965     1.480    -0.541     0.902     2.096
     2.820     5.965     0.000     2.535     3.389     5.749     8.228
     0.841     1.480     2.535     0.000     2.588     1.033     2.355
    -0.418    -0.541     3.389     2.588     0.000     0.884     1.687
    -0.284     0.902     5.749     1.033     0.884     0.000    10.532
     0.206     2.096     8.228     2.355     1.687    10.532     0.000
