   1.202   0.258   0.381   0.166   0.024   0.083   0.152
   0.258   2.561   0.878   0.400   0.059   0.248   0.457
   0.381   0.878   3.117   0.658   0.175   0.539   0.910
   0.166   0.400   0.658   2.042   0.155   0.266   0.443
   0.024   0.059   0.175   0.155   0.364   0.065   0.111
   0.083   0.248   0.539   0.266   0.065   1.553   0.619
   0.152   0.457   0.910   0.443   0.111   0.619   2.405
