  -0.006   0.031   0.042   0.023   0.009   0.024   0.037
   0.031  -0.006   0.030   0.021   0.011   0.020   0.033
   0.042   0.030  -0.007   0.026   0.009   0.025   0.037
   0.023   0.021   0.026  -0.005   0.005   0.012   0.019
   0.009   0.011   0.009   0.005  -0.002   0.006   0.008
   0.024   0.020   0.025   0.012   0.006  -0.002   0.014
   0.037   0.033   0.037   0.019   0.008   0.014  -0.005
