   3.120   1.092   1.066   0.895   0.722   0.663   0.518   0.641   1.256   1.187
   1.092   2.372   1.004   1.071   0.842   0.621   0.453   0.541   0.782   0.747
   1.066   1.004   1.902   0.806   0.792   0.586   0.393   0.413   0.822   0.689
   0.895   1.071   0.806   1.828   0.740   0.599   0.399   0.418   0.741   0.552
   0.722   0.842   0.792   0.740   1.735   0.635   0.513   0.414   0.668   0.457
   0.663   0.621   0.586   0.599   0.635   1.670   0.433   0.408   0.586   0.493
   0.518   0.453   0.393   0.399   0.513   0.433   1.900   0.489   0.607   0.287
   0.641   0.541   0.413   0.418   0.414   0.408   0.489   2.216   0.757   0.636
   1.256   0.782   0.822   0.741   0.668   0.586   0.607   0.757   2.792   1.299
   1.187   0.747   0.689   0.552   0.457   0.493   0.287   0.636   1.299   2.373
