   1.842   0.133   0.058   0.000   0.145   0.058   0.267   0.133   0.140   0.835
   0.133   1.206   0.308   0.000   0.104   0.127   0.130   0.092   0.160   0.766
   0.058   0.308   0.702   0.000   0.015   0.004   0.065   0.014   0.322   0.548
   0.000   0.000   0.000   0.000   0.000   0.000   0.000   0.000   0.000   0.000
   0.145   0.104   0.015   0.000   0.276   0.015   0.034   0.011   0.034   0.145
   0.058   0.127   0.004   0.000   0.015   0.702   0.010   0.014   0.010   0.341
   0.267   0.130   0.065   0.000   0.034   0.010   1.340   0.040   0.019   0.292
   0.133   0.092   0.014   0.000   0.011   0.014   0.040   0.592   0.228   0.270
   0.140   0.160   0.322   0.000   0.034   0.010   0.019   0.228   0.959   0.466
   0.835   0.766   0.548   0.000   0.145   0.341   0.292   0.270   0.466   2.320
