   1.842   2.915   2.487   1.842   1.974   2.487   2.915   2.301   2.661   3.327
   2.915   1.206   1.600   1.206   1.378   1.781   2.416   1.706   2.005   2.761
   2.487   1.600   0.702   0.702   0.964   1.401   1.977   1.280   1.340   2.475
   1.842   1.206   0.702   0.000   0.276   0.702   1.340   0.592   0.959   2.320
   1.974   1.378   0.964   0.276   0.276   0.964   1.582   0.857   1.201   2.452
   2.487   1.781   1.401   0.702   0.964   0.702   2.032   1.280   1.651   2.682
   2.915   2.416   1.977   1.340   1.582   2.032   1.340   1.891   2.280   3.368
   2.301   1.706   1.280   0.592   0.857   1.280   1.891   0.592   1.322   2.642
   2.661   2.005   1.340   0.959   1.201   1.651   2.280   1.322   0.959   2.813
   3.327   2.761   2.475   2.320   2.452   2.682   3.368   2.642   2.813   2.320
