     0.000    -1.209    -0.971      -nan     1.804    -0.973     0.051     0.036     0.309     2.098
    -1.209     0.000     3.962      -nan     0.701     1.704    -0.463     0.572     1.083     3.257
    -0.971     3.962     0.000      -nan    -0.464    -0.905    -0.164    -0.722     4.767     4.185
      -nan      -nan      -nan     0.000      -nan      -nan      -nan      -nan      -nan      -nan
     1.804     0.701    -0.464      -nan     0.000    -0.399    -0.842    -0.464    -0.951     0.488
    -0.973     1.704    -0.905      -nan    -0.399     0.000    -0.925    -0.962    -0.708     1.501
     0.051    -0.463    -0.164      -nan    -0.842    -0.925     0.000    -0.848    -0.730    -0.752
     0.036     0.572    -0.722      -nan    -0.464    -0.962    -0.848     0.000     3.446     1.147
     0.309     1.083     4.767      -nan    -0.951    -0.708    -0.730     3.446     0.000     2.257
     2.098     3.257     4.185      -nan     0.488     1.501    -0.752     1.147     2.257     0.000
