     0.000     2.292     0.628     0.639     0.360     1.333    -0.576
     2.292     0.000     7.574     7.132     5.531    10.212     4.195
     0.628     7.574     0.000     6.627     2.196     5.320     4.243
     0.639     7.132     6.627     0.000     6.386    13.941    12.598
     0.360     5.531     2.196     6.386     0.000     3.319     1.907
     1.333    10.212     5.320    13.941     3.319     0.000     7.373
    -0.576     4.195     4.243    12.598     1.907     7.373     0.000
