   2.838   0.743   0.741   0.424   0.195   0.520   0.594
   0.743   2.638   1.107   0.724   0.357   0.806   0.824
   0.741   1.107   2.822   0.739   0.288   0.765   0.910
   0.424   0.724   0.739   2.161   0.262   0.888   0.861
   0.195   0.357   0.288   0.262   0.772   0.228   0.246
   0.520   0.806   0.765   0.888   0.228   2.289   0.924
   0.594   0.824   0.910   0.861   0.246   0.924   2.882
