   3.105   0.897   0.423   0.210   0.086   0.247   0.285
   0.897   3.231   0.918   0.546   0.161   0.444   0.469
   0.423   0.918   3.315   0.550   0.133   0.367   0.584
   0.210   0.546   0.550   2.261   0.171   0.475   0.511
   0.086   0.161   0.133   0.171   0.677   0.114   0.086
   0.247   0.444   0.367   0.475   0.114   2.262   0.614
   0.285   0.469   0.584   0.511   0.086   0.614   3.170
