  -0.010   0.044   0.055   0.031   0.014   0.035   0.053
   0.044  -0.009   0.035   0.022   0.014   0.029   0.045
   0.055   0.035  -0.011   0.025   0.010   0.032   0.047
   0.031   0.022   0.025  -0.007   0.005   0.014   0.023
   0.014   0.014   0.010   0.005  -0.002   0.009   0.010
   0.035   0.029   0.032   0.014   0.009  -0.004   0.020
   0.053   0.045   0.047   0.023   0.010   0.020  -0.006
