     0.000     1.686     0.489     0.544     0.577     1.468    -0.329
     1.686     0.000     7.570     6.246     4.193     7.759     4.015
     0.489     7.570     0.000     5.485     2.385     5.472     3.617
     0.544     6.246     5.485     0.000     4.916    13.382     9.395
     0.577     4.193     2.385     4.916     0.000     3.420     2.155
     1.468     7.759     5.472    13.382     3.420     0.000     9.904
    -0.329     4.015     3.617     9.395     2.155     9.904     0.000
