     0.000     1.799     0.149    -1.523    -1.090    -1.548    -0.791
     1.799     0.000     6.581     4.731     1.112     1.517     1.111
     0.149     6.581     0.000     6.372     1.525     1.654     8.074
    -1.523     4.731     6.372     0.000     3.306     4.821     4.733
    -1.090     1.112     1.525     3.306     0.000     3.215     4.416
    -1.548     1.517     1.654     4.821     3.215     0.000     9.031
    -0.791     1.111     8.074     4.733     4.416     9.031     0.000
