   3.073   5.364   5.958   5.109   3.637   5.062   5.954
   5.364   3.238   5.641   4.950   3.725   5.056   5.956
   5.958   5.641   3.332   5.030   3.868   5.218   5.916
   5.109   4.950   5.030   2.253   2.750   4.050   4.937
   3.637   3.725   3.868   2.750   0.664   2.797   3.765
   5.062   5.056   5.218   4.050   2.797   2.246   4.830
   5.954   5.956   5.916   4.937   3.765   4.830   3.187
