   2.261   3.960   4.730   3.547   2.662   3.882   4.555
   3.960   2.082   4.285   3.155   2.442   3.608   4.350
   4.730   4.285   2.905   3.869   3.221   4.326   4.724
   3.547   3.155   3.869   1.378   1.700   2.924   3.647
   2.662   2.442   3.221   1.700   0.442   2.079   2.877
   3.882   3.608   4.326   2.924   2.079   1.784   3.744
   4.555   4.350   4.724   3.647   2.877   3.744   2.615
