   3.073   0.947   0.447   0.218   0.100   0.257   0.306
   0.947   3.238   0.929   0.542   0.177   0.428   0.470
   0.447   0.929   3.332   0.555   0.128   0.360   0.603
   0.218   0.542   0.555   2.253   0.167   0.449   0.504
   0.100   0.177   0.128   0.167   0.664   0.113   0.086
   0.257   0.428   0.360   0.449   0.113   2.246   0.603
   0.306   0.470   0.603   0.504   0.086   0.603   3.187
