   1.000   0.019   0.026   0.016   0.002   0.045   0.039
   0.019   1.000   0.095   0.144   0.007   0.042   0.079
   0.026   0.095   1.000   0.099   0.006   0.035   0.065
   0.016   0.144   0.099   1.000   0.026   0.121   0.131
   0.002   0.007   0.006   0.026   1.000   0.022   0.011
   0.045   0.042   0.035   0.121   0.022   1.000   0.131
   0.039   0.079   0.065   0.131   0.011   0.131   1.000
