   1.000   0.058   0.084   0.030   0.035   0.045   0.035
   0.058   1.000   0.107   0.066   0.050   0.116   0.097
   0.084   0.107   1.000   0.155   0.069   0.124   0.111
   0.030   0.066   0.155   1.000   0.076   0.121   0.139
   0.035   0.050   0.069   0.076   1.000   0.100   0.050
   0.045   0.116   0.124   0.121   0.100   1.000   0.187
   0.035   0.097   0.111   0.139   0.050   0.187   1.000
