   1.000   0.159   0.114   0.103   0.040   0.088   0.071
   0.159   1.000   0.221   0.173   0.050   0.128   0.106
   0.114   0.221   1.000   0.259   0.047   0.111   0.106
   0.103   0.173   0.259   1.000   0.065   0.167   0.096
   0.040   0.050   0.047   0.065   1.000   0.082   0.025
   0.088   0.128   0.111   0.167   0.082   1.000   0.160
   0.071   0.106   0.106   0.096   0.025   0.160   1.000
