   1.000   0.085   0.072   0.078   0.046   0.060   0.075
   0.085   1.000   0.267   0.181   0.121   0.164   0.157
   0.072   0.267   1.000   0.262   0.138   0.193   0.199
   0.078   0.181   0.262   1.000   0.189   0.275   0.239
   0.046   0.121   0.138   0.189   1.000   0.162   0.112
   0.060   0.164   0.193   0.275   0.162   1.000   0.224
   0.075   0.157   0.199   0.239   0.112   0.224   1.000
