   1.000   0.078   0.050   0.048   0.110   0.042   0.049
   0.078   1.000   0.136   0.044   0.029   0.062   0.072
   0.050   0.136   1.000   0.069   0.033   0.047   0.086
   0.048   0.044   0.069   1.000   0.046   0.065   0.118
   0.110   0.029   0.033   0.046   1.000   0.021   0.033
   0.042   0.062   0.047   0.065   0.021   1.000   0.167
   0.049   0.072   0.086   0.118   0.033   0.167   1.000
