   1.000   0.155   0.061   0.040   0.013   0.059   0.106
   0.155   1.000   0.166   0.134   0.011   0.097   0.226
   0.061   0.166   1.000   0.413   0.019   0.072   0.170
   0.040   0.134   0.413   1.000   0.008   0.078   0.142
   0.013   0.011   0.019   0.008   1.000   0.016   0.010
   0.059   0.097   0.072   0.078   0.016   1.000   0.120
   0.106   0.226   0.170   0.142   0.010   0.120   1.000
