   1.000   0.119   0.037   0.036   0.021   0.037   0.078
   0.119   1.000   0.078   0.071   0.064   0.067   0.187
   0.037   0.078   1.000   0.056   0.026   0.037   0.051
   0.036   0.071   0.056   1.000   0.275   0.168   0.110
   0.021   0.064   0.026   0.275   1.000   0.096   0.091
   0.037   0.067   0.037   0.168   0.096   1.000   0.130
   0.078   0.187   0.051   0.110   0.091   0.130   1.000
