   1.000   0.162   0.064   0.046   0.042   0.073   0.085
   0.162   1.000   0.096   0.057   0.053   0.060   0.158
   0.064   0.096   1.000   0.201   0.039   0.041   0.086
   0.046   0.057   0.201   1.000   0.042   0.075   0.089
   0.042   0.053   0.039   0.042   1.000   0.046   0.056
   0.073   0.060   0.041   0.075   0.046   1.000   0.203
   0.085   0.158   0.086   0.089   0.056   0.203   1.000
