   1.000   0.149   0.035   0.015   0.014   0.035   0.086
   0.149   1.000   0.052   0.058   0.041   0.063   0.163
   0.035   0.052   1.000   0.161   0.043   0.032   0.088
   0.015   0.058   0.161   1.000   0.068   0.143   0.088
   0.014   0.041   0.043   0.068   1.000   0.057   0.055
   0.035   0.063   0.032   0.143   0.057   1.000   0.232
   0.086   0.163   0.088   0.088   0.055   0.232   1.000
