1.000000000000000000e+00 9.437834147125964135e-01 9.658087156903624182e-01 9.085248328186832367e-01 9.682848122019770409e-01 9.418003616410904888e-01 9.780834057772639367e-01 9.822546211324543197e-01 9.011740820967788501e-01 8.910645464834967555e-01 9.618670118518385381e-01 9.407187597048718430e-01 9.477678715762904993e-01 8.538640710495707387e-01 9.049725174061077348e-01 9.551994495098544702e-01 9.702103497732744719e-01 9.373913696454586608e-01 9.366368338306978458e-01 9.737746651850573976e-01 9.420058400044341029e-01 9.459926288933241390e-01 9.875903809520286680e-01 9.209734253463830456e-01 9.146391306575886171e-01 9.587313708213280883e-01 9.511056252360415852e-01 9.416949588381664515e-01 9.435757351399254311e-01 9.393449595292595600e-01 9.819872089204745302e-01 9.684669835689653228e-01 9.256926706562170759e-01 9.121956949424475658e-01 9.720696136498760964e-01 9.679556527984888303e-01 9.506499729538713250e-01 9.496157894404054778e-01 9.162607923109834518e-01 9.652714912193868235e-01 9.536662045018524658e-01 9.791076024342589834e-01 9.841628703872228323e-01 9.536941306509147953e-01 9.746905360611393121e-01 9.518337082258712112e-01 9.804521656371953942e-01 9.266034735580803705e-01 9.745409650873670948e-01 9.163026161904304079e-01
9.437834147125964135e-01 9.999999999999997780e-01 9.788516478189189796e-01 9.731187563821184217e-01 9.777092968280229890e-01 9.415754449043903795e-01 9.667231790570430805e-01 9.713576137314937631e-01 9.512876810326851285e-01 9.434290304886355782e-01 9.863627439752772341e-01 9.539861184623112944e-01 9.290085626852427891e-01 8.576099436411371846e-01 9.686001548289578933e-01 9.738430345386533959e-01 9.629776545005231947e-01 9.934385279975957994e-01 9.818570941748893111e-01 9.760458447726818587e-01 9.230131004192054789e-01 9.514406512103883440e-01 9.781644493535219809e-01 9.953917889002857899e-01 9.650446186404545434e-01 9.925618986280134726e-01 9.910858696558733083e-01 9.502168607310551574e-01 9.610659975857804849e-01 9.825460188614902890e-01 9.766110290842925368e-01 9.799350104272289697e-01 9.642744191829512035e-01 9.738091465248206458e-01 9.722900161435653610e-01 9.930470226219262342e-01 9.901384070946132043e-01 9.683573464278801834e-01 9.147630964054073166e-01 9.545918611743939852e-01 9.643234943172219742e-01 9.701746376107691638e-01 9.456779137460636919e-01 9.538704612582173947e-01 9.797768881247514994e-01 9.533750383321383248e-01 9.840809438016857591e-01 9.410725853213324221e-01 9.573465971069077263e-01 9.522109232990040306e-01
9.658087156903624182e-01 9.788516478189189796e-01 1.000000000000000000e+00 9.637657592327579792e-01 9.704846103199978868e-01 9.690430596231176530e-01 9.793025879317925897e-01 9.919619886403944209e-01 9.704709082054562286e-01 9.080150216418999554e-01 9.877124751540321546e-01 9.361975260911241659e-01 9.202281496247263215e-01 8.840551559023267503e-01 9.681146669172177033e-01 9.517768818731001668e-01 9.890531777673253755e-01 9.841960342342822576e-01 9.855779013475445272e-01 9.965424298569397488e-01 9.772090036982625794e-01 9.856202829097014950e-01 9.752007710143412167e-01 9.571249546056438406e-01 9.105042242093671634e-01 9.825346112853831082e-01 9.692640070697743360e-01 9.622977576105213871e-01 9.673079681651004513e-01 9.832194869960242389e-01 9.920408143668943968e-01 9.643921637573794614e-01 9.748391006180445739e-01 9.729761475198527299e-01 9.641740943174379463e-01 9.866351291767994081e-01 9.699386691084972423e-01 9.947764944204513515e-01 9.026604156369580911e-01 9.904487481201226240e-01 9.916643378491913907e-01 9.771494728636956895e-01 9.798234584351179777e-01 9.434685181565679590e-01 9.845217287265898287e-01 9.888087526777539216e-01 9.830280099549130179e-01 9.766082713752118893e-01 9.553764317502663195e-01 9.724910732777186650e-01
9.085248328186832367e-01 9.731187563821184217e-01 9.637657592327579792e-01 9.999999999999997780e-01 9.412411422046729204e-01 8.948760002463813645e-01 9.149827778893119268e-01 9.457638631829103915e-01 9.679402263018761499e-01 9.593173150015184003e-01 9.663003352542793856e-01 8.779302950829921404e-01 9.132243654933540622e-01 7.907211922539314486e-01 9.674202642846205791e-01 9.400293253035734153e-01 9.371413971079441962e-01 9.792666522383302041e-01 9.917211327786054076e-01 9.449828527751487073e-01 9.076592670691399078e-01 9.193539014180399649e-01 9.403096964553376846e-01 9.672045451824415885e-01 9.175107599796821223e-01 9.522483627506701520e-01 9.823650802644209312e-01 8.827401742568432574e-01 8.953112578234916352e-01 9.888107804458677874e-01 9.391604653481906428e-01 9.237164278557441488e-01 9.480079685055404770e-01 9.811344129806816028e-01 9.373826497182813355e-01 9.533343753314468261e-01 9.591900811247964231e-01 9.432134485454428674e-01 8.209043786542652432e-01 9.291904025410908652e-01 9.520730585128327483e-01 9.324579839561670802e-01 9.125623823469414253e-01 9.014455708155405533e-01 9.410306174954314873e-01 9.470013800774094159e-01 9.463185912631635333e-01 9.107326805146945814e-01 8.877332948787582945e-01 9.076649419140055963e-01
9.682848122019770409e-01 9.777092968280229890e-01 9.704846103199978868e-01 9.412411422046729204e-01 9.999999999999995559e-01 9.231109264708089457e-01 9.678100261228079759e-01 9.728125056327495690e-01 9.150572011618756108e-01 9.411641218984095891e-01 9.867599710122401113e-01 9.541077610411341503e-01 9.268575787333117599e-01 8.246605068080111733e-01 9.124236958246088047e-01 9.723474472254836076e-01 9.791293770311212397e-01 9.569922123551457549e-01 9.533226116144513096e-01 9.743368032285318892e-01 9.149595818664097990e-01 9.498257195441792700e-01 9.824876209545110317e-01 9.607269330563641407e-01 9.537725787667700184e-01 9.685900475699061873e-01 9.732307207629826706e-01 9.404728170853799973e-01 9.459624594964124444e-01 9.498255461417530743e-01 9.756358377040540431e-01 9.699666775801427665e-01 9.482443619287842518e-01 9.224638357459077342e-01 9.977260144443683698e-01 9.808802752933780678e-01 9.866909966900224704e-01 9.604832392099768024e-01 9.067003370344342006e-01 9.487755366492789388e-01 9.602536342408671821e-01 9.634488563788904392e-01 9.495616484944812141e-01 9.726542960894120071e-01 9.954361756202582123e-01 9.370720598407179525e-01 9.887088991126428139e-01 9.187463634880779217e-01 9.687712483721349077e-01 9.420903330321197533e-01
9.418003616410904888e-01 9.415754449043903795e-01 9.690430596231176530e-01 8.948760002463813645e-01 9.231109264708089457e-01 1.000000000000000000e+00 9.852012731370547449e-01 9.748869418339306536e-01 9.170186572138615544e-01 8.363322271066823133e-01 9.321054008716314065e-01 9.568797435312575983e-01 9.129694251708601049e-01 9.679068834051165471e-01 9.559917327104074936e-01 9.292860055268583608e-01 9.617625420421092031e-01 9.558693507805872125e-01 9.339578590136443648e-01 9.760235907305866432e-01 9.760168981720762638e-01 9.829360297646638767e-01 9.545309022372318042e-01 9.205868455711475606e-01 8.874005496615796629e-01 9.670371957519798833e-01 9.187567891533862108e-01 9.914573665586836615e-01 9.893263651109660550e-01 9.387578123585393897e-01 9.797921851967272833e-01 9.608287022428860791e-01 9.200085157551864956e-01 9.451501184172363956e-01 9.174208284619088660e-01 9.679221079752787782e-01 9.365822393480295327e-01 9.792832392916217543e-01 9.463450474135458590e-01 9.852148955548065690e-01 9.607957497890741161e-01 9.722554607672341254e-01 9.829122610239080515e-01 9.378979069473699637e-01 9.503067048593371036e-01 9.661203635421506952e-01 9.610563533761893318e-01 9.911382737264332610e-01 9.613757819885974110e-01 9.594952167821695355e-01
9.780834057772639367e-01 9.667231790570430805e-01 9.793025879317925897e-01 9.149827778893119268e-01 9.678100261228079759e-01 9.852012731370547449e-01 1.000000000000000444e+00 9.882582985504332340e-01 9.127753865870251726e-01 8.864088453448970562e-01 9.627659127554857310e-01 9.811538733716377303e-01 9.417278228886410973e-01 9.309145175262794059e-01 9.447135006811084867e-01 9.688335696668872732e-01 9.775896109874704365e-01 9.648859335231342316e-01 9.456584801909913018e-01 9.899226266788154760e-01 9.591284956591926703e-01 9.763109462694968821e-01 9.882529462692466460e-01 9.477521430112880729e-01 9.345669026337799501e-01 9.836586508961244757e-01 9.532038548065911998e-01 9.898428137910237901e-01 9.898049611477797161e-01 9.491830331706362367e-01 9.946691144723415201e-01 9.888720601322927850e-01 9.334096751869567221e-01 9.418058100911476105e-01 9.670011669604187121e-01 9.883700635048555672e-01 9.710375608885920551e-01 9.788074384492054802e-01 9.641413302326427015e-01 9.818737757673803301e-01 9.644362860712278884e-01 9.931631505730076359e-01 9.900067847229396811e-01 9.747799729684193393e-01 9.833135025074649649e-01 9.609278772565634785e-01 9.912744698413399336e-01 9.689178312227305634e-01 9.922491615203475890e-01 9.612663342170315595e-01
9.822546211324543197e-01 9.713576137314937631e-01 9.919619886403944209e-01 9.457638631829103915e-01 9.728125056327495690e-01 9.748869418339306536e-01 9.882582985504332340e-01 1.000000000000000888e+00 9.517409905848928098e-01 9.055726368065337706e-01 9.793845715211026981e-01 9.501069478823886971e-01 9.495209759262052129e-01 8.933149832929960787e-01 9.563257307477445179e-01 9.579436048081068078e-01 9.924676229346330869e-01 9.751264215515578204e-01 9.731942224388706597e-01 9.913401945984728902e-01 9.770751346629950040e-01 9.846799564544919114e-01 9.867400752804027508e-01 9.507264350911415196e-01 9.225676698398462827e-01 9.813278730202164013e-01 9.678144622461043456e-01 9.678596900411713388e-01 9.710604773381299459e-01 9.747698518518136401e-01 9.974268315319989586e-01 9.737094602867315540e-01 9.592289302369413351e-01 9.585257642465460082e-01 9.684215015525187154e-01 9.884672602790770535e-01 9.678471304206299752e-01 9.862288167860099319e-01 9.147633174778275755e-01 9.934119006978517907e-01 9.896275669841230194e-01 9.823185561932551435e-01 9.925408035373434190e-01 9.553900368078563909e-01 9.835253248718842656e-01 9.862960340216778699e-01 9.876089469254929476e-01 9.742106317990273379e-01 9.690873032612603577e-01 9.504741274416215191e-01
9.011740820967788501e-01 9.512876810326851285e-01 9.704709082054562286e-01 9.679402263018761499e-01 9.150572011618756108e-01 9.170186572138615544e-01 9.127753865870251726e-01 9.517409905848928098e-01 1.000000000000000000e+00 8.708531823985220521e-01 9.639412641735396470e-01 8.496829279395797796e-01 8.624781329929294138e-01 8.092235062873742724e-01 9.648819322782290486e-01 8.808213791092899259e-01 9.469835157797228398e-01 9.698501002564936524e-01 9.865564599380757249e-01 9.501492093630972136e-01 9.545563575465986217e-01 9.495753466433167755e-01 9.160012037809290852e-01 9.362279282270280500e-01 8.506882999146730961e-01 9.481471828554134396e-01 9.444362020643416455e-01 8.962254471391448707e-01 9.102324355073425632e-01 9.834483049005252608e-01 9.457504746791873806e-01 9.025295641231145805e-01 9.829043335483901300e-01 9.725464544955665369e-01 8.989718582264071278e-01 9.461545322905661193e-01 9.150600128375669939e-01 9.610204549947922725e-01 8.049320385975785586e-01 9.576196540025357917e-01 9.774395978417464992e-01 9.119128184202591747e-01 9.246163760353488525e-01 8.520827467568508062e-01 9.270243162456974773e-01 9.811579415322356779e-01 9.223605112425861119e-01 9.496241785564131233e-01 8.718794469197954644e-01 9.276948413850925057e-01
8.910645464834967555e-01 9.434290304886355782e-01 9.080150216418999554e-01 9.593173150015184003e-01 9.411641218984095891e-01 8.363322271066823133e-01 8.864088453448970562e-01 9.055726368065337706e-01 8.708531823985220521e-01 1.000000000000000000e+00 9.247772582330108238e-01 8.850198475552977229e-01 9.356056751570095420e-01 7.385506657490672477e-01 8.981829482180798685e-01 9.604883541018883752e-01 9.002365389093468506e-01 9.281423598640456962e-01 9.330391015546581901e-01 8.967870703280257372e-01 8.221456250270308130e-01 8.571182261150733783e-01 9.313820225449874757e-01 9.431179628994506015e-01 9.532606489095194480e-01 9.090168004759993092e-01 9.673577254804796022e-01 8.404465044158853093e-01 8.482192006184910982e-01 9.309567936100237029e-01 8.975921883999051776e-01 9.094487738841289248e-01 8.641517212914087143e-01 9.151472990581228650e-01 9.492495093948116747e-01 9.201271244415317740e-01 9.621340955828500130e-01 8.823522400051776460e-01 8.120154576090465870e-01 8.636432819605566191e-01 8.881322179228300362e-01 9.097538921254841870e-01 8.687650205879108301e-01 9.301821419389122436e-01 9.236343688636757809e-01 8.658938671377293117e-01 9.348447871953059485e-01 8.309603080676194464e-01 8.816922435650043077e-01 8.406349153385519468e-01
9.618670118518385381e-01 9.863627439752772341e-01 9.877124751540321546e-01 9.663003352542793856e-01 9.867599710122401113e-01 9.321054008716314065e-01 9.627659127554857310e-01 9.793845715211026981e-01 9.639412641735396470e-01 9.247772582330108238e-01 1.000000000000000000e+00 9.280663473850248035e-01 9.083421100651374314e-01 8.242561315964161972e-01 9.439569909231700917e-01 9.517413293067503721e-01 9.813171438817801517e-01 9.780001653394302386e-01 9.820589909542851714e-01 9.837764480975124126e-01 9.423827309404108066e-01 9.623621819970390456e-01 9.744861264475417340e-01 9.699834406481440130e-01 9.287154075381856000e-01 9.801221221705873621e-01 9.795995494478575427e-01 9.381344101895016108e-01 9.485084937164642849e-01 9.782305570281594198e-01 9.813241722661976141e-01 9.627961279234452663e-01 9.851168297059493817e-01 9.547228585658934508e-01 9.787072823528628618e-01 9.856445306230913195e-01 9.750326141535675673e-01 9.756970690365167620e-01 8.854842641209582643e-01 9.662125616516155091e-01 9.812299132425409409e-01 9.606581682460919591e-01 9.541695516313222214e-01 9.384820926092558580e-01 9.885389289106724098e-01 9.685954121101904013e-01 9.804430883043554479e-01 9.415986484108050947e-01 9.501965662165581250e-01 9.573671125529783499e-01
9.407187597048718430e-01 9.539861184623112944e-01 9.361975260911241659e-01 8.779302950829921404e-01 9.541077610411341503e-01 9.568797435312575983e-01 9.811538733716377303e-01 9.501069478823886971e-01 8.496829279395797796e-01 8.850198475552977229e-01 9.280663473850248035e-01 1.000000000000000444e+00 9.316649402193932783e-01 9.249087760588203810e-01 9.123520619589983172e-01 9.737834267026247437e-01 9.389979434517687906e-01 9.394412383955550450e-01 9.014055587509554046e-01 9.542010612695698279e-01 8.949515259346274565e-01 9.354735270869771746e-01 9.711860122870266121e-01 9.451552816171661098e-01 9.620691783498033223e-01 9.658517928084120463e-01 9.346373354807768763e-01 9.795481971149027078e-01 9.784953722847631319e-01 9.073079747042624987e-01 9.629579326132697847e-01 9.861116221610418675e-01 8.823352047306021184e-01 9.053049282226001138e-01 9.563153433586449870e-01 9.708156230943992826e-01 9.699195815450911695e-01 9.396413156654788157e-01 9.838611864899154957e-01 9.330141499497843771e-01 9.141299604218694475e-01 9.731029835867751610e-01 9.478967753961936582e-01 9.858331206983804718e-01 9.630761613559704060e-01 9.002940156191574506e-01 9.761294510550844183e-01 9.256189762966756662e-01 9.901534207148232625e-01 9.328643198392222446e-01
9.477678715762904993e-01 9.290085626852427891e-01 9.202281496247263215e-01 9.132243654933540622e-01 9.268575787333117599e-01 9.129694251708601049e-01 9.417278228886410973e-01 9.495209759262052129e-01 8.624781329929294138e-01 9.356056751570095420e-01 9.083421100651374314e-01 9.316649402193932783e-01 1.000000000000000444e+00 8.485843639179651010e-01 9.162204369836004503e-01 9.656230273842618672e-01 9.213981638507335870e-01 9.302330209288032226e-01 9.207360407639392230e-01 9.190299083136340696e-01 8.853189598046903308e-01 8.959671512941091986e-01 9.669681426543459413e-01 9.250005151564926198e-01 9.491312121960820969e-01 9.330808987261555165e-01 9.541991343250885160e-01 9.025375580352394955e-01 9.040203087493814404e-01 9.310677995115984595e-01 9.400742585446679733e-01 9.501281121935335472e-01 8.531367452368796567e-01 9.183796416028023879e-01 9.370818196273109635e-01 9.416810395763898223e-01 9.453944676214669496e-01 9.004970884480349991e-01 8.854842945332149773e-01 9.182644990367228033e-01 9.091962191120480652e-01 9.551501478240207454e-01 9.441460744756856593e-01 9.492477296504978623e-01 9.238803363996132001e-01 9.071753517280997103e-01 9.538772263617942837e-01 8.880233606302292415e-01 9.348053517473292606e-01 8.376598682881546409e-01
8.538640710495707387e-01 8.576099436411371846e-01 8.840551559023267503e-01 7.907211922539314486e-01 8.246605068080111733e-01 9.679068834051165471e-01 9.309145175262794059e-01 8.933149832929960787e-01 8.092235062873742724e-01 7.385506657490672477e-01 8.242561315964161972e-01 9.249087760588203810e-01 8.485843639179651010e-01 9.999999999999997780e-01 8.972031452869934087e-01 8.661968468473940641e-01 8.717383199425839946e-01 8.786592083497173356e-01 8.341878347924538417e-01 9.008240637360205305e-01 9.058360776061772368e-01 9.154966909584560941e-01 8.770600184871838456e-01 8.397519825512720359e-01 8.216110854911623518e-01 8.960692438028208251e-01 8.228013345980160764e-01 9.600700642266589702e-01 9.501845759785995105e-01 8.435731422508634392e-01 9.048145164069365531e-01 9.019016488282882715e-01 8.068261498424160738e-01 8.734319360208516736e-01 8.230004232564422928e-01 8.922787579468117736e-01 8.612887876351004168e-01 9.074708631766483791e-01 9.399718210804547391e-01 9.130270963555631170e-01 8.654805814893149485e-01 9.159042428376882317e-01 9.191438137766231309e-01 8.865741242995290872e-01 8.638121947766855824e-01 8.776609000417174844e-01 8.867317415606432718e-01 9.409627209683257831e-01 9.092202464222722824e-01 9.007182622589534615e-01
9.049725174061077348e-01 9.686001548289578933e-01 9.681146669172177033e-01 9.674202642846205791e-01 9.124236958246088047e-01 9.559917327104074936e-01 9.447135006811084867e-01 9.563257307477445179e-01 9.648819322782290486e-01 8.981829482180798685e-01 9.439569909231700917e-01 9.123520619589983172e-01 9.162204369836004503e-01 8.972031452869934087e-01 1.000000000000000444e+00 9.330356936089585496e-01 9.343809769240832841e-01 9.899709586948313156e-01 9.802086301177912464e-01 9.566547158899452175e-01 9.438822967137838749e-01 9.476266388129482854e-01 9.413143131879568859e-01 9.641733248589158256e-01 9.077478977659637627e-01 9.719309329206911041e-01 9.604454475336746677e-01 9.377312699681834562e-01 9.467803088624302532e-01 9.846026704891626125e-01 9.560029117967538959e-01 9.449040595863769099e-01 9.393983634820221029e-01 9.977181595422260907e-01 9.059458966538117553e-01 9.648757148873471357e-01 9.465410715499968930e-01 9.619469622692122801e-01 8.820595760486790171e-01 9.575348901450266847e-01 9.558715143822604787e-01 9.533713124424892937e-01 9.417571572357750220e-01 9.032672925274065623e-01 9.298143967980565527e-01 9.651160404954784999e-01 9.465940422451905034e-01 9.624907668777716863e-01 9.113271826988329494e-01 9.326849887670434214e-01
9.551994495098544702e-01 9.738430345386533959e-01 9.517768818731001668e-01 9.400293253035734153e-01 9.723474472254836076e-01 9.292860055268583608e-01 9.688335696668872732e-01 9.579436048081068078e-01 8.808213791092899259e-01 9.604883541018883752e-01 9.517413293067503721e-01 9.737834267026247437e-01 9.656230273842618672e-01 8.661968468473940641e-01 9.330356936089585496e-01 1.000000000000000000e+00 9.438466929887637802e-01 9.604002817830223915e-01 9.417767890639253681e-01 9.583764629798872114e-01 8.884541596574133671e-01 9.206342519402479496e-01 9.859496717923800224e-01 9.678905242750440729e-01 9.824745710377826846e-01 9.683305384425492379e-01 9.778790132149857151e-01 9.411221412769270600e-01 9.438755429800187446e-01 9.450656230143947845e-01 9.622161101605175570e-01 9.828092493851539047e-01 8.952171761042173603e-01 9.380893566909757064e-01 9.807847058275896979e-01 9.744531697749498900e-01 9.921949738926768569e-01 9.373967804177955054e-01 9.380122241287307538e-01 9.286039911577468331e-01 9.236712203880628191e-01 9.814498072486839142e-01 9.454337000329782192e-01 9.884907317968358864e-01 9.717641497408555651e-01 9.113149036928184232e-01 9.876948025015186428e-01 9.050694936568374205e-01 9.726449341693444994e-01 9.151020676757856132e-01
9.702103497732744719e-01 9.629776545005231947e-01 9.890531777673253755e-01 9.371413971079441962e-01 9.791293770311212397e-01 9.617625420421092031e-01 9.775896109874704365e-01 9.924676229346330869e-01 9.469835157797228398e-01 9.002365389093468506e-01 9.813171438817801517e-01 9.389979434517687906e-01 9.213981638507335870e-01 8.717383199425839946e-01 9.343809769240832841e-01 9.438466929887637802e-01 1.000000000000000000e+00 9.608306689311055804e-01 9.638225425774251676e-01 9.881885270037804592e-01 9.730562220428036202e-01 9.895809982457709486e-01 9.722191773881866395e-01 9.358700956304142338e-01 9.054140850161461751e-01 9.659874703396683637e-01 9.531224452892551602e-01 9.601975106923567038e-01 9.617985891157859735e-01 9.602349391542994717e-01 9.893552408710409862e-01 9.551264116100119939e-01 9.618303026341352702e-01 9.385915654049299395e-01 9.714527023908151593e-01 9.784834350626877564e-01 9.639725707550786948e-01 9.892914683280562560e-01 8.943402982836294868e-01 9.875070073362172129e-01 9.920328817535482013e-01 9.637187834467364489e-01 9.788781397928095762e-01 9.522377431580406615e-01 9.879375421105973665e-01 9.784093166059701918e-01 9.803155242681992343e-01 9.690094323652592712e-01 9.578558682778542943e-01 9.593097542860044014e-01
9.373913696454586608e-01 9.934385279975957994e-01 9.841960342342822576e-01 9.792666522383302041e-01 9.569922123551457549e-01 9.558693507805872125e-01 9.648859335231342316e-01 9.751264215515578204e-01 9.698501002564936524e-01 9.281423598640456962e-01 9.780001653394302386e-01 9.394412383955550450e-01 9.302330209288032226e-01 8.786592083497173356e-01 9.899709586948313156e-01 9.604002817830223915e-01 9.608306689311055804e-01 1.000000000000000000e+00 9.913387602571609447e-01 9.768300961762583778e-01 9.443787217223608144e-01 9.597782601258648683e-01 9.701324343367920822e-01 9.878972411757195315e-01 9.429831805075468143e-01 9.915647383052956787e-01 9.855630922327528465e-01 9.513278511982172780e-01 9.618079453391764622e-01 9.935401571983178970e-01 9.772184789194414689e-01 9.710848501559515844e-01 9.658310381787257315e-01 9.924556817037427647e-01 9.504251124418319208e-01 9.888676190903230578e-01 9.764082558306762527e-01 9.749507182593251109e-01 9.035860654431038252e-01 9.669434393389737536e-01 9.723400271981431642e-01 9.700770224847680145e-01 9.542631888563016807e-01 9.356237051120778192e-01 9.660436303942898650e-01 9.709874561515086100e-01 9.750659798582372861e-01 9.601302699374183458e-01 9.436040704051922301e-01 9.512173734007551840e-01
9.366368338306978458e-01 9.818570941748893111e-01 9.855779013475445272e-01 9.917211327786054076e-01 9.533226116144513096e-01 9.339578590136443648e-01 9.456584801909913018e-01 9.731942224388706597e-01 9.865564599380757249e-01 9.330391015546581901e-01 9.820589909542851714e-01 9.014055587509554046e-01 9.207360407639392230e-01 8.341878347924538417e-01 9.802086301177912464e-01 9.417767890639253681e-01 9.638225425774251676e-01 9.913387602571609447e-01 9.999999999999997780e-01 9.708963107471471066e-01 9.489499434249769605e-01 9.548370333695551659e-01 9.587578192495388452e-01 9.710441140557362072e-01 9.150831522160836062e-01 9.741702897544390893e-01 9.831862073615753594e-01 9.207893011008612127e-01 9.322795851800820266e-01 9.987902102906923707e-01 9.685619378992671447e-01 9.455395219751580038e-01 9.741871381125862817e-01 9.891611979705954294e-01 9.459080817274252428e-01 9.746017620589643160e-01 9.624925613935035873e-01 9.708740562726555501e-01 8.544608312210586476e-01 9.650868988508126689e-01 9.799280338262303935e-01 9.534743666510773208e-01 9.478798909658547878e-01 9.124137693561008566e-01 9.595951807529171651e-01 9.789326571368371921e-01 9.630704804193549462e-01 9.496679247457141537e-01 9.167364114975391498e-01 9.366361284436875989e-01
9.737746651850573976e-01 9.760458447726818587e-01 9.965424298569397488e-01 9.449828527751487073e-01 9.743368032285318892e-01 9.760235907305866432e-01 9.899226266788154760e-01 9.913401945984728902e-01 9.501492093630972136e-01 8.967870703280257372e-01 9.837764480975124126e-01 9.542010612695698279e-01 9.190299083136340696e-01 9.008240637360205305e-01 9.566547158899452175e-01 9.583764629798872114e-01 9.881885270037804592e-01 9.768300961762583778e-01 9.708963107471471066e-01 1.000000000000000444e+00 9.730251878249318587e-01 9.855139837559953042e-01 9.810332255546846403e-01 9.530754634471638731e-01 9.160239581126125019e-01 9.846871271464406883e-01 9.622053167342489166e-01 9.760197363956731875e-01 9.789710091457251018e-01 9.692960145976435848e-01 9.956784281835627803e-01 9.748132860258202914e-01 9.653865446434610753e-01 9.596063717233092039e-01 9.699320436811009749e-01 9.889842479065329428e-01 9.723206889197976155e-01 9.935723388184571903e-01 9.299196475438828990e-01 9.893636561816496755e-01 9.832468320879831358e-01 9.856691805271426965e-01 9.850329155250762136e-01 9.570282195649179036e-01 9.902081559081544748e-01 9.795289660079360416e-01 9.889739257689673657e-01 9.752506193079129027e-01 9.731822205085689514e-01 9.796798143163693018e-01
9.420058400044341029e-01 9.230131004192054789e-01 9.772090036982625794e-01 9.076592670691399078e-01 9.149595818664097990e-01 9.760168981720762638e-01 9.591284956591926703e-01 9.770751346629950040e-01 9.545563575465986217e-01 8.221456250270308130e-01 9.423827309404108066e-01 8.949515259346274565e-01 8.853189598046903308e-01 9.058360776061772368e-01 9.438822967137838749e-01 8.884541596574133671e-01 9.730562220428036202e-01 9.443787217223608144e-01 9.489499434249769605e-01 9.730251878249318587e-01 1.000000000000000000e+00 9.881139379796092248e-01 9.341800401504347651e-01 8.918925179793829594e-01 8.316938967606987143e-01 9.443474097208464091e-01 9.084600638231445924e-01 9.526894552854920928e-01 9.529933076452091756e-01 9.484356302989543908e-01 9.725548858825429077e-01 9.205816254776389984e-01 9.474830144953592104e-01 9.411485775727654879e-01 9.042899437370920390e-01 9.488510351905959928e-01 9.078258430056954653e-01 9.825446251807661291e-01 8.705368521518672686e-01 9.941487692064665538e-01 9.832530733012139201e-01 9.448786697073038310e-01 9.796678705009692623e-01 8.922946326928709038e-01 9.414175408963439962e-01 9.913262724231780565e-01 9.402817951659327989e-01 9.899619909083430258e-01 9.201885145882910955e-01 9.490122464089854049e-01
9.459926288933241390e-01 9.514406512103883440e-01 9.856202829097014950e-01 9.193539014180399649e-01 9.498257195441792700e-01 9.829360297646638767e-01 9.763109462694968821e-01 9.846799564544919114e-01 9.495753466433167755e-01 8.571182261150733783e-01 9.623621819970390456e-01 9.354735270869771746e-01 8.959671512941091986e-01 9.154966909584560941e-01 9.476266388129482854e-01 9.206342519402479496e-01 9.895809982457709486e-01 9.597782601258648683e-01 9.548370333695551659e-01 9.855139837559953042e-01 9.881139379796092248e-01 9.999999999999995559e-01 9.523435549873603412e-01 9.235734012275609306e-01 8.777620039459784751e-01 9.635862989819622415e-01 9.288692385337845581e-01 9.761802405615636058e-01 9.762925512648685800e-01 9.525978978887460480e-01 9.845901305156476990e-01 9.457190889216837704e-01 9.570265553223650246e-01 9.442833477842949019e-01 9.382392946810663714e-01 9.712258676835764382e-01 9.444662460405673921e-01 9.960286875822056407e-01 9.031081477216535980e-01 9.939699856976029757e-01 9.896409749511894116e-01 9.568041992224648462e-01 9.777776541230852603e-01 9.325958647531130685e-01 9.699357522090611416e-01 9.831173614327259891e-01 9.643252995370689140e-01 9.928198095966932479e-01 9.478314876428153291e-01 9.734196478573089450e-01
9.875903809520286680e-01 9.781644493535219809e-01 9.752007710143412167e-01 9.403096964553376846e-01 9.824876209545110317e-01 9.545309022372318042e-01 9.882529462692466460e-01 9.867400752804027508e-01 9.160012037809290852e-01 9.313820225449874757e-01 9.744861264475417340e-01 9.711860122870266121e-01 9.669681426543459413e-01 8.770600184871838456e-01 9.413143131879568859e-01 9.859496717923800224e-01 9.722191773881866395e-01 9.701324343367920822e-01 9.587578192495388452e-01 9.810332255546846403e-01 9.341800401504347651e-01 9.523435549873603412e-01 1.000000000000000000e+00 9.659064214461572373e-01 9.627361898970178133e-01 9.846533636468738360e-01 9.807031635813495685e-01 9.601109598191281957e-01 9.645184247058010696e-01 9.628231464807432971e-01 9.893260966018300184e-01 9.923360467971654719e-01 9.355276333915203413e-01 9.458146926768019602e-01 9.852724362901414956e-01 9.904744193686828568e-01 9.836572616010927916e-01 9.612103482659500875e-01 9.409642325478171365e-01 9.656364643806747416e-01 9.590203755703883282e-01 9.920148311696103116e-01 9.789481225964079547e-01 9.775151248196316534e-01 9.858441441438320352e-01 9.527289929707341010e-01 9.966436874281020541e-01 9.377896944831095594e-01 9.863904958761495756e-01 9.325941748344056537e-01
9.209734253463830456e-01 9.953917889002857899e-01 9.571249546056438406e-01 9.672045451824415885e-01 9.607269330563641407e-01 9.205868455711475606e-01 9.477521430112880729e-01 9.507264350911415196e-01 9.362279282270280500e-01 9.431179628994506015e-01 9.699834406481440130e-01 9.451552816171661098e-01 9.250005151564926198e-01 8.397519825512720359e-01 9.641733248589158256e-01 9.678905242750440729e-01 9.358700956304142338e-01 9.878972411757195315e-01 9.710441140557362072e-01 9.530754634471638731e-01 8.918925179793829594e-01 9.235734012275609306e-01 9.659064214461572373e-01 1.000000000000000000e+00 9.736802638534756138e-01 9.855141279630330597e-01 9.887343952582916540e-01 9.315076083211967228e-01 9.454221676169668465e-01 9.744884043106233351e-01 9.572292166277734937e-01 9.735745048550881187e-01 9.473522931466805685e-01 9.686079483276928137e-01 9.556924857970630072e-01 9.825612102704213147e-01 9.816595884012362383e-01 9.433436331718404455e-01 9.056917020287039710e-01 9.291105603391250911e-01 9.407531378886295759e-01 9.552827275638057225e-01 9.210255877343060948e-01 9.391309984859835813e-01 9.589817233333354229e-01 9.305317073506997883e-01 9.689083531105540104e-01 9.170203690010709785e-01 9.419828375731098546e-01 9.263227991689776397e-01
9.146391306575886171e-01 9.650446186404545434e-01 9.105042242093671634e-01 9.175107599796821223e-01 9.537725787667700184e-01 8.874005496615796629e-01 9.345669026337799501e-01 9.225676698398462827e-01 8.506882999146730961e-01 9.532606489095194480e-01 9.287154075381856000e-01 9.620691783498033223e-01 9.491312121960820969e-01 8.216110854911623518e-01 9.077478977659637627e-01 9.824745710377826846e-01 9.054140850161461751e-01 9.429831805075468143e-01 9.150831522160836062e-01 9.160239581126125019e-01 8.316938967606987143e-01 8.777620039459784751e-01 9.627361898970178133e-01 9.736802638534756138e-01 1.000000000000000444e+00 9.535129730263135484e-01 9.682837845113656527e-01 9.104711066667461328e-01 9.190416508495516945e-01 9.218519094171361283e-01 9.292670665515159190e-01 9.698299359042322765e-01 8.735237331720582254e-01 9.111656402716356018e-01 9.588042847199768071e-01 9.574833558703124137e-01 9.771015249385343049e-01 8.945923074363889560e-01 9.187250875523481630e-01 8.834361430333420584e-01 8.879974861120325524e-01 9.442588124319462040e-01 8.974797698392998901e-01 9.645752338989148633e-01 9.419756879673572003e-01 8.685175957472289765e-01 9.605725333640142694e-01 8.613719866053852758e-01 9.486197518049291899e-01 8.714253989740849971e-01
9.587313708213280883e-01 9.925618986280134726e-01 9.825346112853831082e-01 9.522483627506701520e-01 9.685900475699061873e-01 9.670371957519798833e-01 9.836586508961244757e-01 9.813278730202164013e-01 9.481471828554134396e-01 9.090168004759993092e-01 9.801221221705873621e-01 9.658517928084120463e-01 9.330808987261555165e-01 8.960692438028208251e-01 9.719309329206911041e-01 9.683305384425492379e-01 9.659874703396683637e-01 9.915647383052956787e-01 9.741702897544390893e-01 9.846871271464406883e-01 9.443474097208464091e-01 9.635862989819622415e-01 9.846533636468738360e-01 9.855141279630330597e-01 9.535129730263135484e-01 1.000000000000000888e+00 9.799415619394842292e-01 9.724913325758505200e-01 9.816262720343218451e-01 9.782427114424563364e-01 9.889041367924139569e-01 9.909921892226121187e-01 9.637947504951289712e-01 9.721415416846245217e-01 9.631463336219119320e-01 9.978148384727396625e-01 9.792582553872125617e-01 9.749280027520852432e-01 9.424891979640280804e-01 9.715676045962245988e-01 9.682070652386504106e-01 9.834123555673229822e-01 9.677794497369378579e-01 9.530490379006334445e-01 9.782851736952925537e-01 9.657300558523751466e-01 9.866488151530190542e-01 9.606974122538169958e-01 9.738177432870176453e-01 9.594592565548845098e-01
9.511056252360415852e-01 9.910858696558733083e-01 9.692640070697743360e-01 9.823650802644209312e-01 9.732307207629826706e-01 9.187567891533862108e-01 9.532038548065911998e-01 9.678144622461043456e-01 9.444362020643416455e-01 9.673577254804796022e-01 9.795995494478575427e-01 9.346373354807768763e-01 9.541991343250885160e-01 8.228013345980160764e-01 9.604454475336746677e-01 9.778790132149857151e-01 9.531224452892551602e-01 9.855630922327528465e-01 9.831862073615753594e-01 9.622053167342489166e-01 9.084600638231445924e-01 9.288692385337845581e-01 9.807031635813495685e-01 9.887343952582916540e-01 9.682837845113656527e-01 9.799415619394842292e-01 1.000000000000000000e+00 9.201103085568189677e-01 9.316532598594222669e-01 9.853465487342397688e-01 9.667632079333053907e-01 9.712363016794319792e-01 9.479241961158003660e-01 9.706226846994314705e-01 9.729842909636745585e-01 9.821974683084526703e-01 9.851833747173978084e-01 9.478908259584849505e-01 8.870954473811868413e-01 9.419958431248779407e-01 9.544065198420561558e-01 9.665802613830154488e-01 9.415309216189634567e-01 9.478207917392429405e-01 9.689656069223507862e-01 9.462892985469791851e-01 9.794060965819274545e-01 9.159973182597078711e-01 9.439310273462416800e-01 9.148340819781733968e-01
9.416949588381664515e-01 9.502168607310551574e-01 9.622977576105213871e-01 8.827401742568432574e-01 9.404728170853799973e-01 9.914573665586836615e-01 9.898428137910237901e-01 9.678596900411713388e-01 8.962254471391448707e-01 8.404465044158853093e-01 9.381344101895016108e-01 9.795481971149027078e-01 9.025375580352394955e-01 9.600700642266589702e-01 9.377312699681834562e-01 9.411221412769270600e-01 9.601975106923567038e-01 9.513278511982172780e-01 9.207893011008612127e-01 9.760197363956731875e-01 9.526894552854920928e-01 9.761802405615636058e-01 9.601109598191281957e-01 9.315076083211967228e-01 9.104711066667461328e-01 9.724913325758505200e-01 9.201103085568189677e-01 9.999999999999997780e-01 9.984854528286341013e-01 9.246208563141948833e-01 9.793111669596595847e-01 9.738709783531649400e-01 9.193267421292360408e-01 9.272635176777541677e-01 9.346252193128088415e-01 9.744651548489612347e-01 9.500610837653802321e-01 9.744260001658543446e-01 9.716825828317366964e-01 9.719784883833372247e-01 9.496449870834158258e-01 9.729127832282534749e-01 9.716895028505559972e-01 9.563327675726758237e-01 9.631961524634115035e-01 9.455409114436026385e-01 9.692374669988803593e-01 9.763331370102583673e-01 9.795546297104436029e-01 9.696640698051095519e-01
9.435757351399254311e-01 9.610659975857804849e-01 9.673079681651004513e-01 8.953112578234916352e-01 9.459624594964124444e-01 9.893263651109660550e-01 9.898049611477797161e-01 9.710604773381299459e-01 9.102324355073425632e-01 8.482192006184910982e-01 9.485084937164642849e-01 9.784953722847631319e-01 9.040203087493814404e-01 9.501845759785995105e-01 9.467803088624302532e-01 9.438755429800187446e-01 9.617985891157859735e-01 9.618079453391764622e-01 9.322795851800820266e-01 9.789710091457251018e-01 9.529933076452091756e-01 9.762925512648685800e-01 9.645184247058010696e-01 9.454221676169668465e-01 9.190416508495516945e-01 9.816262720343218451e-01 9.316532598594222669e-01 9.984854528286341013e-01 1.000000000000000000e+00 9.364440360993713242e-01 9.829123867123240599e-01 9.793475302319829545e-01 9.339581222620446654e-01 9.375304526669602234e-01 9.386259557585443503e-01 9.817452744707989565e-01 9.551849633653789473e-01 9.766276229522994345e-01 9.692515608159855134e-01 9.738040753981689335e-01 9.554822667120821400e-01 9.743081588433046836e-01 9.707588049509843220e-01 9.530371340641546896e-01 9.666271056165886000e-01 9.518509474433775042e-01 9.723567242768385022e-01 9.769551915979397538e-01 9.797232677069813711e-01 9.719220798374272885e-01
9.393449595292595600e-01 9.825460188614902890e-01 9.832194869960242389e-01 9.888107804458677874e-01 9.498255461417530743e-01 9.387578123585393897e-01 9.491830331706362367e-01 9.747698518518136401e-01 9.834483049005252608e-01 9.309567936100237029e-01 9.782305570281594198e-01 9.073079747042624987e-01 9.310677995115984595e-01 8.435731422508634392e-01 9.846026704891626125e-01 9.450656230143947845e-01 9.602349391542994717e-01 9.935401571983178970e-01 9.987902102906923707e-01 9.692960145976435848e-01 9.484356302989543908e-01 9.525978978887460480e-01 9.628231464807432971e-01 9.744884043106233351e-01 9.218519094171361283e-01 9.782427114424563364e-01 9.853465487342397688e-01 9.246208563141948833e-01 9.364440360993713242e-01 9.999999999999995559e-01 9.703950356357576856e-01 9.519620640551745838e-01 9.699203135863607717e-01 9.917902205888995404e-01 9.431480711655562121e-01 9.771955668420663210e-01 9.620123634682946623e-01 9.676164164505274279e-01 8.632329624272547797e-01 9.658422107366798626e-01 9.773242308798721911e-01 9.578781725659524238e-01 9.516999671372605718e-01 9.137913935895992656e-01 9.563405752642868407e-01 9.790539867044831812e-01 9.641862080082214126e-01 9.508223986284801699e-01 9.213221119963488359e-01 9.304779105504988879e-01
9.819872089204745302e-01 9.766110290842925368e-01 9.920408143668943968e-01 9.391604653481906428e-01 9.756358377040540431e-01 9.797921851967272833e-01 9.946691144723415201e-01 9.974268315319989586e-01 9.457504746791873806e-01 8.975921883999051776e-01 9.813241722661976141e-01 9.629579326132697847e-01 9.400742585446679733e-01 9.048145164069365531e-01 9.560029117967538959e-01 9.622161101605175570e-01 9.893552408710409862e-01 9.772184789194414689e-01 9.685619378992671447e-01 9.956784281835627803e-01 9.725548858825429077e-01 9.845901305156476990e-01 9.893260966018300184e-01 9.572292166277734937e-01 9.292670665515159190e-01 9.889041367924139569e-01 9.667632079333053907e-01 9.793111669596595847e-01 9.829123867123240599e-01 9.703950356357576856e-01 1.000000000000000000e+00 9.834443514266230091e-01 9.617205544135284390e-01 9.568614176196618137e-01 9.710890887276218963e-01 9.937675575961705254e-01 9.721679316812762428e-01 9.879429838480725534e-01 9.362874768114622936e-01 9.917337419348081218e-01 9.845106521435373903e-01 9.879477506563180134e-01 9.915659992654701771e-01 9.610571534178090625e-01 9.882074131139007012e-01 9.810411697277272580e-01 9.916125095368709674e-01 9.752036301714315236e-01 9.804740444436974567e-01 9.636172755596069672e-01
9.684669835689653228e-01 9.799350104272289697e-01 9.643921637573794614e-01 9.237164278557441488e-01 9.699666775801427665e-01 9.608287022428860791e-01 9.888720601322927850e-01 9.737094602867315540e-01 9.025295641231145805e-01 9.094487738841289248e-01 9.627961279234452663e-01 9.861116221610418675e-01 9.501281121935335472e-01 9.019016488282882715e-01 9.449040595863769099e-01 9.828092493851539047e-01 9.551264116100119939e-01 9.710848501559515844e-01 9.455395219751580038e-01 9.748132860258202914e-01 9.205816254776389984e-01 9.457190889216837704e-01 9.923360467971654719e-01 9.735745048550881187e-01 9.698299359042322765e-01 9.909921892226121187e-01 9.712363016794319792e-01 9.738709783531649400e-01 9.793475302319829545e-01 9.519620640551745838e-01 9.834443514266230091e-01 1.000000000000000444e+00 9.282040617769440338e-01 9.439787351352997291e-01 9.710058639743153197e-01 9.915687796841470281e-01 9.808175781028506401e-01 9.554706165696426057e-01 9.684397081487511327e-01 9.557151031598872803e-01 9.434045985754490049e-01 9.901350214647874903e-01 9.674693700018481834e-01 9.749079424442100850e-01 9.769764545390702271e-01 9.383419941360575667e-01 9.907368785430631375e-01 9.385029767428980652e-01 9.917200672364002711e-01 9.404274675715421639e-01
