     0.000     2.281     1.588     0.348    -0.487     1.110    -0.187
     2.281     0.000     4.369     1.297     0.897    -0.055     0.538
     1.588     4.369     0.000     1.490    -0.334     0.992    -0.561
     0.348     1.297     1.490     0.000     4.161     2.411     6.175
    -0.487     0.897    -0.334     4.161     0.000     1.665    -0.311
     1.110    -0.055     0.992     2.411     1.665     0.000     8.752
    -0.187     0.538    -0.561     6.175    -0.311     8.752     0.000
