   1.956   2.535   2.265   2.597   2.808   3.223   3.290
   2.535   0.665   0.963   1.310   1.520   1.927   1.978
   2.265   0.963   0.357   0.952   1.199   1.621   1.716
   2.597   1.310   0.952   0.653   1.502   1.918   2.012
   2.808   1.520   1.199   1.502   0.876   2.089   2.229
   3.223   1.927   1.621   1.918   2.089   1.301   2.589
   3.290   1.978   1.716   2.012   2.229   2.589   1.395
