     0.000    10.288     0.733     0.275    -0.953    -1.584    -0.692
    10.288     0.000     9.728    -1.079     0.202     1.495     1.036
     0.733     9.728     0.000     9.525     2.475     2.151    -0.817
     0.275    -1.079     9.525     0.000     4.675     4.094    -0.031
    -0.953     0.202     2.475     4.675     0.000    10.547     3.058
    -1.584     1.495     2.151     4.094    10.547     0.000     7.946
    -0.692     1.036    -0.817    -0.031     3.058     7.946     0.000
