     0.000     2.854     0.645     0.659    -0.957     0.269    -1.209
     2.854     0.000     2.817     3.654    -0.497     2.529    -0.810
     0.645     2.817     0.000     0.873     2.646    -0.431    -0.617
     0.659     3.654     0.873     0.000     5.933     1.757     3.074
    -0.957    -0.497     2.646     5.933     0.000     4.462     0.776
     0.269     2.529    -0.431     1.757     4.462     0.000    11.837
    -1.209    -0.810    -0.617     3.074     0.776    11.837     0.000
