     0.000     0.783     1.850     1.300    -0.002    -0.668     0.783
     0.783     0.000     5.141     2.516     0.547     0.328     0.475
     1.850     5.141     0.000     6.253    -1.315    -0.710     0.910
     1.300     2.516     6.253     0.000     7.168     3.722     3.318
    -0.002     0.547    -1.315     7.168     0.000     0.623     0.924
    -0.668     0.328    -0.710     3.722     0.623     0.000     6.978
     0.783     0.475     0.910     3.318     0.924     6.978     0.000
