   1.993   2.251   2.070   2.719   2.282   3.028   2.220
   2.251   0.468   0.468   1.288   0.850   1.642   0.699
   2.070   0.468   0.235   1.068   0.622   1.483   0.468
   2.719   1.288   1.068   0.991   1.429   2.107   1.288
   2.282   0.850   0.622   1.429   0.622   1.850   0.850
   3.028   1.642   1.483   2.107   1.850   1.483   1.691
   2.220   0.699   0.468   1.288   0.850   1.691   0.391
