     0.000     1.165    -0.587     2.404     0.239    -0.298     0.476     0.006    -1.086     1.477
     1.165     0.000     4.351     0.103     2.008     0.922     1.031     1.577     0.295     3.019
    -0.587     4.351     0.000     1.921     0.773    -0.375     0.811     1.701    13.777     3.105
     2.404     0.103     1.921     0.000     0.441    -0.289     0.377     0.396    -0.439     0.003
     0.239     2.008     0.773     0.441     0.000     1.955    -1.325     0.138     0.235     2.116
    -0.298     0.922    -0.375    -0.289     1.955     0.000    -0.677    -0.667    -0.608     0.060
     0.476     1.031     0.811     0.377    -1.325    -0.677     0.000    -0.989    -0.272    -0.870
     0.006     1.577     1.701     0.396     0.138    -0.667    -0.989     0.000     1.029    -0.226
    -1.086     0.295    13.777    -0.439     0.235    -0.608    -0.272     1.029     0.000     2.352
     1.477     3.019     3.105     0.003     2.116     0.060    -0.870    -0.226     2.352     0.000
