         0.50000         0.14000         0.66000         0.00000         0.30000         0.58000         0.26000         0.44000         0.90000         0.06000
         0.14000         0.50000         0.00000         0.22000         0.02000         0.12000         0.12000         0.06000         0.34000         0.00000
         0.66000         0.00000         0.50000         0.04000         0.28000         0.50000         0.18000         0.06000         0.00000         0.00000
         0.00000         0.22000         0.04000         0.50000         0.04000         0.08000         0.12000         0.08000         0.20000         0.44000
         0.30000         0.02000         0.28000         0.04000         0.50000         0.02000         0.96000         0.18000         0.22000         0.04000
         0.58000         0.12000         0.50000         0.08000         0.02000         0.50000         0.64000         0.74000         0.58000         0.44000
         0.26000         0.12000         0.18000         0.12000         0.96000         0.64000         0.50000         0.86000         0.40000         0.82000
         0.44000         0.06000         0.06000         0.08000         0.18000         0.74000         0.86000         0.50000         0.10000         0.56000
         0.90000         0.34000         0.00000         0.20000         0.22000         0.58000         0.40000         0.10000         0.50000         0.04000
         0.06000         0.00000         0.00000         0.44000         0.04000         0.44000         0.82000         0.56000         0.04000         0.50000
