     0.000     2.832     2.560     4.608     1.646     0.092     2.768
     2.832     0.000     6.666     6.834     0.602     1.852     1.851
     2.560     6.666     0.000     9.475     0.682     2.538     3.908
     4.608     6.834     9.475     0.000     5.898     6.729     2.802
     1.646     0.602     0.682     5.898     0.000     2.900     0.339
     0.092     1.852     2.538     6.729     2.900     0.000     4.442
     2.768     1.851     3.908     2.802     0.339     4.442     0.000
