   1.209   3.413   3.859   3.052   1.628   2.932   4.025
   3.413   2.489   4.492   3.930   2.869   3.972   4.972
   3.859   4.492   3.049   4.232   3.373   4.328   5.090
   3.052   3.930   4.232   2.169   2.403   3.530   4.707
   1.628   2.869   3.373   2.403   0.511   2.215   3.565
   2.932   3.972   4.328   3.530   2.215   1.877   4.382
   4.025   4.972   5.090   4.707   3.565   4.382   3.213
