   1.929   0.086   0.040   0.018   0.019   0.028   0.051
   0.086   0.626   0.056   0.007   0.020   0.026   0.055
   0.040   0.056   0.374   0.057   0.024   0.027   0.030
   0.018   0.007   0.057   0.687   0.032   0.039   0.034
   0.019   0.020   0.024   0.032   0.932   0.110   0.070
   0.028   0.026   0.027   0.039   0.110   1.354   0.136
   0.051   0.055   0.030   0.034   0.070   0.136   1.721
