   1.929   2.470   2.264   2.598   2.843   3.255   3.599
   2.470   0.626   0.945   1.307   1.539   1.954   2.291
   2.264   0.945   0.374   1.005   1.283   1.700   2.065
   2.598   1.307   1.005   0.687   1.588   2.002   2.374
   2.843   1.539   1.283   1.588   0.932   2.176   2.582
   3.255   1.954   1.700   2.002   2.176   1.354   2.938
   3.599   2.291   2.065   2.374   2.582   2.938   1.721
