  -0.035   0.050   0.079   0.040   0.025   0.050   0.079
   0.050  -0.079   0.089   0.040   0.040   0.069   0.119
   0.079   0.089  -0.045   0.045   0.025   0.054   0.094
   0.040   0.040   0.045  -0.030   0.015   0.030   0.054
   0.025   0.040   0.025   0.015  -0.010   0.015   0.025
   0.050   0.069   0.054   0.030   0.015  -0.025   0.064
   0.079   0.119   0.094   0.054   0.025   0.064  -0.059
