     0.000     8.763     0.329     6.683     2.273     3.411     2.248
     8.763     0.000     5.122     6.977     3.636     7.412     5.314
     0.329     5.122     0.000     5.390     2.529     3.422     0.420
     6.683     6.977     5.390     0.000     3.385     5.097     6.413
     2.273     3.636     2.529     3.385     0.000     3.241    -0.215
     3.411     7.412     3.422     5.097     3.241     0.000     5.384
     2.248     5.314     0.420     6.413    -0.215     5.384     0.000
