     0.000     8.217     0.241     5.489     1.669     3.181     1.884
     8.217     0.000     5.072     7.264     3.330     5.969     4.414
     0.241     5.072     0.000     4.124     2.132     4.718     0.183
     5.489     7.264     4.124     0.000     2.926     5.513     5.632
     1.669     3.330     2.132     2.926     0.000     3.123    -0.270
     3.181     5.969     4.718     5.513     3.123     0.000     6.271
     1.884     4.414     0.183     5.632    -0.270     6.271     0.000
