   2.168   0.807   0.429   0.677   0.156   0.400   0.509
   0.807   3.003   0.854   0.871   0.212   0.731   0.901
   0.429   0.854   2.496   0.773   0.198   0.579   0.584
   0.677   0.871   0.773   2.429   0.217   0.578   0.844
   0.156   0.212   0.198   0.217   0.521   0.174   0.121
   0.400   0.731   0.579   0.578   0.174   2.099   0.634
   0.509   0.901   0.584   0.844   0.121   0.634   3.001
