  -0.004   0.023   0.034   0.018   0.008   0.018   0.027
   0.023  -0.004   0.024   0.017   0.008   0.015   0.023
   0.034   0.024  -0.005   0.022   0.008   0.019   0.028
   0.018   0.017   0.022  -0.004   0.004   0.010   0.016
   0.008   0.008   0.008   0.004  -0.001   0.005   0.006
   0.018   0.015   0.019   0.010   0.005  -0.002   0.010
   0.027   0.023   0.028   0.016   0.006   0.010  -0.003
