   2.637   5.133   5.626   4.780   3.126   4.624   5.569
   5.133   3.302   5.801   5.193   3.746   5.144   6.072
   5.626   5.801   3.246   5.169   3.718   5.139   5.964
   4.780   5.193   5.169   2.385   2.790   4.197   5.021
   3.126   3.746   3.718   2.790   0.547   2.609   3.601
   4.624   5.144   5.139   4.197   2.609   2.135   4.710
   5.569   6.072   5.964   5.021   3.601   4.710   3.095
