   2.168   4.364   4.236   3.920   2.533   3.868   4.660
   4.364   3.003   4.645   4.561   3.312   4.371   5.102
   4.236   4.645   2.496   4.153   2.820   4.017   4.913
   3.920   4.561   4.153   2.429   2.733   3.950   4.585
   2.533   3.312   2.820   2.733   0.521   2.446   3.401
   3.868   4.371   4.017   3.950   2.446   2.099   4.466
   4.660   5.102   4.913   4.585   3.401   4.466   3.001
