   1.498   1.808   1.657   2.515   2.209   2.716   2.874
   1.808   0.391   0.622   1.460   1.272   1.768   1.837
   1.657   0.622   0.235   1.212   1.187   1.691   1.837
   2.515   1.460   1.212   1.106   1.941   2.293   2.624
   2.209   1.272   1.187   1.941   0.983   2.240   2.561
   2.716   1.768   1.691   2.293   2.240   1.477   2.700
   2.874   1.837   1.837   2.624   2.561   2.700   1.651
