   2.578   5.060   5.543   4.720   3.052   4.549   5.511
   5.060   3.278   5.762   5.171   3.709   5.108   6.054
   5.543   5.762   3.213   5.141   3.672   5.099   5.943
   4.720   5.171   5.141   2.381   2.772   4.183   5.023
   3.052   3.709   3.672   2.772   0.532   2.581   3.583
   4.549   5.108   5.099   4.183   2.581   2.119   4.700
   5.511   6.054   5.943   5.023   3.583   4.700   3.091
