   0.479   2.426   2.544   2.471   0.558   1.937   3.199
   2.426   1.995   3.768   3.519   2.061   3.398   4.485
   2.544   3.768   2.132   3.789   2.200   3.554   4.675
   2.471   3.519   3.789   2.032   2.060   3.192   4.313
   0.558   2.061   2.200   2.060   0.080   1.590   2.895
   1.937   3.398   3.554   3.192   1.590   1.546   3.881
   3.199   4.485   4.675   4.313   2.895   3.881   2.846
