     0.000    -0.632    -0.185    -1.426    -0.141     1.287     0.452
    -0.632     0.000     3.222     6.317    -0.486    -0.501     0.787
    -0.185     3.222     0.000     2.851    -0.700    -1.252    -0.450
    -1.426     6.317     2.851     0.000     1.366     3.755     4.180
    -0.141    -0.486    -0.700     1.366     0.000     0.813     0.365
     1.287    -0.501    -1.252     3.755     0.813     0.000     5.861
     0.452     0.787    -0.450     4.180     0.365     5.861     0.000
