  -0.004   0.022   0.032   0.017   0.008   0.018   0.026
   0.022  -0.004   0.023   0.016   0.007   0.014   0.022
   0.032   0.023  -0.005   0.021   0.008   0.018   0.027
   0.017   0.016   0.021  -0.004   0.004   0.010   0.016
   0.008   0.007   0.008   0.004  -0.001   0.004   0.006
   0.018   0.014   0.018   0.010   0.004  -0.002   0.010
   0.026   0.022   0.027   0.016   0.006   0.010  -0.003
