   2.578   0.796   0.248   0.239   0.057   0.147   0.159
   0.796   3.278   0.729   0.488   0.101   0.289   0.316
   0.248   0.729   3.213   0.453   0.072   0.233   0.361
   0.239   0.488   0.453   2.381   0.140   0.316   0.449
   0.057   0.101   0.072   0.140   0.532   0.069   0.040
   0.147   0.289   0.233   0.316   0.069   2.119   0.510
   0.159   0.316   0.361   0.449   0.040   0.510   3.091
