  -0.011   0.018   0.011   0.018   0.018   0.021   0.035
   0.018  -0.007   0.007   0.007   0.007   0.011   0.021
   0.011   0.007  -0.007   0.004   0.011   0.004   0.014
   0.018   0.007   0.004  -0.007   0.011   0.011   0.018
   0.018   0.007   0.011   0.011  -0.011   0.011   0.018
   0.021   0.011   0.004   0.011   0.011  -0.014   0.021
   0.035   0.021   0.014   0.018   0.018   0.021  -0.021
