   1.918   2.547   2.302   2.563   2.854   3.129   3.423
   2.547   0.727   1.113   1.398   1.702   1.968   2.219
   2.302   1.113   0.438   1.015   1.395   1.691   1.996
   2.563   1.398   1.015   0.682   1.637   1.927   2.237
   2.854   1.702   1.395   1.637   0.989   2.166   2.546
   3.129   1.968   1.691   1.927   2.166   1.287   2.748
   3.423   2.219   1.996   2.237   2.546   2.748   1.611
