     0.000     3.063     1.191     0.028     0.242     0.602    -0.030
     3.063     0.000     3.933    -1.111    -0.820     0.614     3.053
     1.191     3.933     0.000     8.011     0.318     0.374     0.342
     0.028    -1.111     8.011     0.000     0.636     0.500     0.045
     0.242    -0.820     0.318     0.636     0.000     3.873    -0.908
     0.602     0.614     0.374     0.500     3.873     0.000     2.887
    -0.030     3.053     0.342     0.045    -0.908     2.887     0.000
