     0.000    14.352     2.772     7.494    -0.168     6.444     9.047
    14.352     0.000     5.743     8.184     1.169     7.354     6.898
     2.772     5.743     0.000    11.132     2.140     8.992     3.890
     7.494     8.184    11.132     0.000     2.767     9.886     8.117
    -0.168     1.169     2.140     2.767     0.000     3.786     0.860
     6.444     7.354     8.992     9.886     3.786     0.000     5.062
     9.047     6.898     3.890     8.117     0.860     5.062     0.000
