   1.903   2.465   2.321   2.528   2.791   3.277   3.441
   2.465   0.656   1.028   1.292   1.543   2.017   2.189
   2.321   1.028   0.437   1.018   1.314   1.802   1.991
   2.528   1.292   1.018   0.642   1.504   1.986   2.187
   2.791   1.543   1.314   1.504   0.900   2.191   2.412
   3.277   2.017   1.802   1.986   2.191   1.390   2.836
   3.441   2.189   1.991   2.187   2.412   2.836   1.572
