   1.936   0.086   0.050   0.008   0.022   0.029   0.055
   0.086   0.629   0.061   0.006   0.021   0.031   0.059
   0.050   0.061   0.377   0.045   0.026   0.029   0.033
   0.008   0.006   0.045   0.652   0.036   0.038   0.037
   0.022   0.021   0.026   0.036   0.952   0.120   0.075
   0.029   0.031   0.029   0.038   0.120   1.378   0.143
   0.055   0.059   0.033   0.037   0.075   0.143   1.785
