   1.936   2.479   2.264   2.581   2.866   3.286   3.666
   2.479   0.629   0.944   1.275   1.560   1.976   2.354
   2.264   0.944   0.377   0.985   1.303   1.726   2.129
   2.581   1.275   0.985   0.652   1.569   1.993   2.400
   2.866   1.560   1.303   1.569   0.952   2.210   2.662
   3.286   1.976   1.726   1.993   2.210   1.378   3.020
   3.666   2.354   2.129   2.400   2.662   3.020   1.785
