     0.000     5.710     3.356    -1.067    -0.511    -0.733    -0.412
     5.710     0.000    10.292    -0.926     0.290     0.574     1.538
     3.356    10.292     0.000     6.383     1.996     1.863     0.274
    -1.067    -0.926     6.383     0.000     3.791     2.278     0.135
    -0.511     0.290     1.996     3.791     0.000    10.141     2.185
    -0.733     0.574     1.863     2.278    10.141     0.000     5.473
    -0.412     1.538     0.274     0.135     2.185     5.473     0.000
