     0.000     8.598     2.582     0.042    -0.793    -0.751    -0.632
     8.598     0.000    12.381    -1.472     0.036     0.602     0.620
     2.582    12.381     0.000     6.409     1.765     1.464    -0.507
     0.042    -1.472     6.409     0.000     4.072     4.651    -0.107
    -0.793     0.036     1.765     4.072     0.000     8.908     2.398
    -0.751     0.602     1.464     4.651     8.908     0.000     7.328
    -0.632     0.620    -0.507    -0.107     2.398     7.328     0.000
