   1.902   2.466   2.275   2.549   2.804   3.270   3.498
   2.466   0.661   1.003   1.322   1.562   2.026   2.253
   2.275   1.003   0.406   1.023   1.302   1.777   2.020
   2.549   1.322   1.023   0.666   1.546   2.013   2.272
   2.804   1.562   1.302   1.546   0.916   2.207   2.489
   3.270   2.026   1.777   2.013   2.207   1.394   2.889
   3.498   2.253   2.020   2.272   2.489   2.889   1.635
