   0.479   0.047   0.067   0.040   0.001   0.087   0.125
   0.047   1.995   0.359   0.507   0.014   0.142   0.356
   0.067   0.359   2.132   0.375   0.013   0.124   0.304
   0.040   0.507   0.375   2.032   0.053   0.385   0.565
   0.001   0.014   0.013   0.053   0.080   0.035   0.031
   0.087   0.142   0.124   0.385   0.035   1.546   0.510
   0.125   0.356   0.304   0.565   0.031   0.510   2.846
