     0.000     8.489     0.239    10.325     0.565     4.819     4.747
     8.489     0.000     7.752    11.046     1.998     5.697     6.527
     0.239     7.752     0.000     5.787     1.670     2.282     0.832
    10.325    11.046     5.787     0.000     3.780     6.948    10.672
     0.565     1.998     1.670     3.780     0.000     2.608     1.504
     4.819     5.697     2.282     6.948     2.608     0.000     7.245
     4.747     6.527     0.832    10.672     1.504     7.245     0.000
