     0.000     1.671     0.346     1.007     0.494    -0.515     0.070
     1.671     0.000     6.104     1.872    -1.238     1.223    -1.140
     0.346     6.104     0.000     7.339     4.576     0.908    -0.834
     1.007     1.872     7.339     0.000    14.903     3.199    -0.846
     0.494    -1.238     4.576    14.903     0.000    11.578     2.778
    -0.515     1.223     0.908     3.199    11.578     0.000    10.181
     0.070    -1.140    -0.834    -0.846     2.778    10.181     0.000
