   1.357   0.151   0.128   0.153   0.033   0.091   0.140
   0.151   2.210   0.434   0.291   0.008   0.241   0.188
   0.128   0.434   2.184   0.508   0.175   0.263   0.224
   0.153   0.291   0.508   1.749   0.357   0.349   0.211
   0.033   0.008   0.175   0.357   0.974   0.344   0.109
   0.091   0.241   0.263   0.349   0.344   2.116   0.752
   0.140   0.188   0.224   0.211   0.109   0.752   2.473
