     0.000     2.621     4.185     0.028     0.174     1.054     0.615
     2.621     0.000     1.885     0.746     1.358     5.239     4.020
     4.185     1.885     0.000     5.838     1.886     2.957     1.759
     0.028     0.746     5.838     0.000     3.592     4.419     5.189
     0.174     1.358     1.886     3.592     0.000     4.987     1.801
     1.054     5.239     2.957     4.419     4.987     0.000     9.426
     0.615     4.020     1.759     5.189     1.801     9.426     0.000
