   0.654   2.569   2.856   2.626   1.088   2.422   3.265
   2.569   2.063   4.071   3.859   2.415   3.531   4.366
   2.856   4.071   2.443   3.892   2.725   3.844   4.650
   2.626   3.859   3.892   2.051   2.345   3.503   4.193
   1.088   2.415   2.725   2.345   0.471   2.135   3.043
   2.422   3.531   3.844   3.503   2.135   1.878   3.876
   3.265   4.366   4.650   4.193   3.043   3.876   2.724
