   1.904   0.095   0.022   0.016   0.010   0.017   0.034
   0.095   0.667   0.061   0.005   0.013   0.034   0.038
   0.022   0.061   0.440   0.056   0.024   0.027   0.019
   0.016   0.005   0.056   0.639   0.038   0.043   0.027
   0.010   0.013   0.024   0.038   0.922   0.091   0.066
   0.017   0.034   0.027   0.043   0.091   1.384   0.124
   0.034   0.038   0.019   0.027   0.066   0.124   1.566
