     0.000     0.732     1.918     0.314     1.641     0.809     1.115
     0.732     0.000     3.918     0.990     2.245     1.477     2.681
     1.918     3.918     0.000     2.335     3.719     2.351     2.681
     0.314     0.990     2.335     0.000     1.509     1.721     0.957
     1.641     2.245     3.719     1.509     0.000     1.228     4.258
     0.809     1.477     2.351     1.721     1.228     0.000     1.042
     1.115     2.681     2.681     0.957     4.258     1.042     0.000
