   1.993   0.211   0.158   0.265   0.333   0.449   0.164
   0.211   0.468   0.235   0.171   0.240   0.309   0.161
   0.158   0.235   0.235   0.158   0.235   0.235   0.158
   0.265   0.171   0.158   0.991   0.184   0.367   0.094
   0.333   0.240   0.235   0.184   0.622   0.255   0.163
   0.449   0.309   0.235   0.367   0.255   1.483   0.184
   0.164   0.161   0.158   0.094   0.163   0.184   0.391
