   1.870   0.205   0.055   0.238   0.319   0.337   0.115
   0.205   0.622   0.007   0.030   0.203   0.267   0.022
   0.055   0.007   0.235   0.129   0.076   0.018   0.007
   0.238   0.030   0.129   0.744   0.039   0.077   0.030
   0.319   0.203   0.076   0.039   1.195   0.461   0.076
   0.337   0.267   0.018   0.077   0.461   1.336   0.161
   0.115   0.022   0.007   0.030   0.076   0.161   0.622
