   1.870   2.287   2.051   2.377   2.746   2.869   2.377
   2.287   0.622   0.850   1.336   1.614   1.691   1.222
   2.051   0.850   0.235   0.850   1.354   1.554   0.850
   2.377   1.336   0.850   0.744   1.900   2.004   1.336
   2.746   1.614   1.354   1.900   1.195   2.071   1.741
   2.869   1.691   1.554   2.004   2.071   1.336   1.797
   2.377   1.222   0.850   1.336   1.741   1.797   0.622
