     0.000     0.283    -0.865     0.974     1.264    -0.236    -1.167
     0.283     0.000    -0.390    -0.519     2.475     1.704    -0.687
    -0.865    -0.390     0.000     1.997     0.615    -0.581    -0.452
     0.974    -0.519     1.997     0.000    -1.378    -0.688    -0.668
     1.264     2.475     0.615    -1.378     0.000     3.090    -0.439
    -0.236     1.704    -0.581    -0.688     3.090     0.000     0.314
    -1.167    -0.687    -0.452    -0.668    -0.439     0.314     0.000
