     0.000     1.293    -0.881    -0.160    -0.342    -1.376    -0.613
     1.293     0.000     0.327    -0.601    -0.778     2.190     1.366
    -0.881     0.327     0.000     4.057    -0.323     0.205    -0.490
    -0.160    -0.601     4.057     0.000     5.181     3.468     1.328
    -0.342    -0.778    -0.323     5.181     0.000     0.287    -1.161
    -1.376     2.190     0.205     3.468     0.287     0.000     2.700
    -0.613     1.366    -0.490     1.328    -1.161     2.700     0.000
