         0.50000         0.10000         0.80000         0.42000         0.52000         0.92000         0.72000
         0.10000         0.50000         0.16000         0.62000         0.68000         0.06000         0.10000
         0.80000         0.16000         0.50000         0.00000         0.26000         0.28000         0.64000
         0.42000         0.62000         0.00000         0.50000         0.00000         0.02000         0.10000
         0.52000         0.68000         0.26000         0.00000         0.50000         0.38000         0.86000
         0.92000         0.06000         0.28000         0.02000         0.38000         0.50000         0.04000
         0.72000         0.10000         0.64000         0.10000         0.86000         0.04000         0.50000
