   1.778   0.147   0.045   0.071   0.090   0.027   0.165
   0.147   0.750   0.042   0.033   0.033   0.117   0.192
   0.045   0.042   0.328   0.121   0.025   0.055   0.070
   0.071   0.033   0.121   0.739   0.241   0.164   0.174
   0.090   0.033   0.025   0.241   0.878   0.079   0.103
   0.027   0.117   0.055   0.164   0.079   1.283   0.240
   0.165   0.192   0.070   0.174   0.103   0.240   2.155
