     0.000     6.496     4.322    -1.074    -0.849    -0.535    -0.462
     6.496     0.000     9.772    -1.019     0.242     1.047     1.787
     4.322     9.772     0.000     7.384     1.160     2.502     0.203
    -1.074    -1.019     7.384     0.000     1.301     2.412     0.024
    -0.849     0.242     1.160     1.301     0.000     8.068    -0.251
    -0.535     1.047     2.502     2.412     8.068     0.000     6.167
    -0.462     1.787     0.203     0.024    -0.251     6.167     0.000
