     0.000     1.806    -0.047    -0.350    -1.711    -0.058    -0.960
     1.806     0.000     4.525     4.879     8.630     4.265     3.212
    -0.047     4.525     0.000     3.150     1.919     1.723     1.822
    -0.350     4.879     3.150     0.000     9.558     8.169     3.579
    -1.711     8.630     1.919     9.558     0.000    11.622     2.813
    -0.058     4.265     1.723     8.169    11.622     0.000     9.528
    -0.960     3.212     1.822     3.579     2.813     9.528     0.000
