     0.000     2.027    -0.126    -0.340    -1.680     0.100    -0.671
     2.027     0.000     5.098     6.155     6.223     4.121     2.837
    -0.126     5.098     0.000     2.987     1.771     1.533     1.993
    -0.340     6.155     2.987     0.000    12.947     7.346     2.983
    -1.680     6.223     1.771    12.947     0.000    11.075     3.048
     0.100     4.121     1.533     7.346    11.075     0.000    10.988
    -0.671     2.837     1.993     2.983     3.048    10.988     0.000
