         0.50000         0.32000         0.70000         0.30000         0.10000         0.58000         0.38000
         0.32000         0.50000         0.00000         0.36000         0.22000         0.12000         0.24000
         0.70000         0.00000         0.50000         0.26000         0.14000         0.10000         0.32000
         0.30000         0.36000         0.26000         0.50000         0.20000         0.60000         0.46000
         0.10000         0.22000         0.14000         0.20000         0.50000         0.08000         0.32000
         0.58000         0.12000         0.10000         0.60000         0.08000         0.50000         0.30000
         0.38000         0.24000         0.32000         0.46000         0.32000         0.30000         0.50000
