     0.000    -0.012    -0.761     0.534     1.399    -0.545     0.363
    -0.012     0.000     2.686    -0.580    -0.490     0.997    -0.459
    -0.761     2.686     0.000    -0.587    -0.399     1.663    -0.628
     0.534    -0.580    -0.587     0.000    -0.495    -0.911    -0.443
     1.399    -0.490    -0.399    -0.495     0.000     0.002    -0.462
    -0.545     0.997     1.663    -0.911     0.002     0.000    -0.126
     0.363    -0.459    -0.628    -0.443    -0.462    -0.126     0.000
