   1.988   2.438   2.305   2.367   2.237   2.907   2.537
   2.438   0.622   0.850   1.116   0.999   1.504   1.336
   2.305   0.850   0.468   0.970   0.850   1.272   1.193
   2.367   1.116   0.970   0.516   0.893   1.565   1.230
   2.237   0.999   0.850   0.893   0.391   1.406   1.116
   2.907   1.504   1.272   1.565   1.406   1.058   1.712
   2.537   1.336   1.193   1.230   1.116   1.712   0.744
