   1.911   0.095   0.021   0.016   0.010   0.016   0.028
   0.095   0.653   0.059   0.005   0.013   0.032   0.037
   0.021   0.059   0.426   0.054   0.024   0.026   0.018
   0.016   0.005   0.054   0.637   0.044   0.048   0.025
   0.010   0.013   0.024   0.044   0.917   0.090   0.066
   0.016   0.032   0.026   0.048   0.090   1.383   0.122
   0.028   0.037   0.018   0.025   0.066   0.122   1.572
