     0.000     9.337     1.425     0.023    -1.244    -1.784    -0.847
     9.337     0.000    13.995    -0.957     0.365     2.526     0.910
     1.425    13.995     0.000    11.596     3.212     3.583    -0.695
     0.023    -0.957    11.596     0.000     5.395     4.001     0.119
    -1.244     0.365     3.212     5.395     0.000    10.749     4.703
    -1.784     2.526     3.583     4.001    10.749     0.000     6.923
    -0.847     0.910    -0.695     0.119     4.703     6.923     0.000
