   2.624   0.346   0.406   0.109   0.165   0.216   0.249   0.417   0.732   0.985
   0.346   1.376   0.237   0.026   0.087   0.042   0.080   0.070   0.222   0.357
   0.406   0.237   1.238   0.083   0.070   0.052   0.134   0.182   0.380   0.512
   0.109   0.026   0.083   0.397   0.029   0.017   0.072   0.015   0.025   0.060
   0.165   0.087   0.070   0.029   0.558   0.076   0.026   0.050   0.084   0.205
   0.216   0.042   0.052   0.017   0.076   0.695   0.023   0.057   0.102   0.160
   0.249   0.080   0.134   0.072   0.026   0.023   1.294   0.167   0.151   0.243
   0.417   0.070   0.182   0.015   0.050   0.057   0.167   1.386   0.418   0.505
   0.732   0.222   0.380   0.025   0.084   0.102   0.151   0.418   2.028   0.997
   0.985   0.357   0.512   0.060   0.205   0.160   0.243   0.505   0.997   2.474
