         0.50000         0.04000         0.02000         0.26000         0.42000         0.14000         0.26000         0.08000         0.00000         0.00000
         0.04000         0.50000         0.00000         0.30000         0.12000         0.74000         0.34000         0.78000         0.08000         0.06000
         0.02000         0.00000         0.50000         0.14000         0.28000         0.46000         0.06000         0.12000         0.00000         0.00000
         0.26000         0.30000         0.14000         0.50000         0.16000         0.20000         0.04000         0.94000         0.78000         0.76000
         0.42000         0.12000         0.28000         0.16000         0.50000         0.16000         0.76000         0.76000         0.78000         0.12000
         0.14000         0.74000         0.46000         0.20000         0.16000         0.50000         0.76000         0.64000         0.60000         0.56000
         0.26000         0.34000         0.06000         0.04000         0.76000         0.76000         0.50000         0.02000         0.38000         0.26000
         0.08000         0.78000         0.12000         0.94000         0.76000         0.64000         0.02000         0.50000         0.00000         0.00000
         0.00000         0.08000         0.00000         0.78000         0.78000         0.60000         0.38000         0.00000         0.50000         0.00000
         0.00000         0.06000         0.00000         0.76000         0.12000         0.56000         0.26000         0.00000         0.00000         0.50000
