     0.000     1.978     2.723     0.527     0.028     1.004     0.322     1.654     3.049     5.414
     1.978     0.000     4.629    -0.068     0.923    -0.749     0.158    -0.732     1.328     1.799
     2.723     4.629     0.000     1.308     0.171    -0.167     1.869     1.404     4.247     4.758
     0.527    -0.068     1.308     0.000     0.491    -0.356     1.541    -1.191    -1.201    -0.863
     0.028     0.923     0.171     0.491     0.000     0.820    -0.995    -0.812    -0.761     1.186
     1.004    -0.749    -0.167    -0.356     0.820     0.000    -0.871    -0.596    -0.426    -0.240
     0.322     0.158     1.869     1.541    -0.995    -0.871     0.000     2.063     0.328     0.418
     1.654    -0.732     1.404    -1.191    -0.812    -0.596     2.063     0.000     4.402     3.838
     3.049     1.328     4.247    -1.201    -0.761    -0.426     0.328     4.402     0.000     7.483
     5.414     1.799     4.758    -0.863     1.186    -0.240     0.418     3.838     7.483     0.000
