     0.000     4.712     1.923    -0.873    -0.621    -0.652    -0.238
     4.712     0.000     6.577    -0.980    -0.177     1.047     4.422
     1.923     6.577     0.000     8.646     2.205     1.879     0.684
    -0.873    -0.980     8.646     0.000     1.552     0.846     0.227
    -0.621    -0.177     2.205     1.552     0.000     5.699    -0.028
    -0.652     1.047     1.879     0.846     5.699     0.000     2.927
    -0.238     4.422     0.684     0.227    -0.028     2.927     0.000
