     0.000     3.148     0.533     0.709     0.572     2.134     0.386
     3.148     0.000    10.912    12.137     3.228     6.111     1.359
     0.533    10.912     0.000    16.755     3.100     3.559     1.901
     0.709    12.137    16.755     0.000     3.759     6.386     2.689
     0.572     3.228     3.100     3.759     0.000     1.264     0.283
     2.134     6.111     3.559     6.386     1.264     0.000     9.957
     0.386     1.359     1.901     2.689     0.283     9.957     0.000
