   1.575   0.145   0.000   0.133   0.122   0.120   0.235
   0.145   0.549   0.000   0.022   0.022   0.059   0.223
   0.000   0.000   0.000   0.000   0.000   0.000   0.000
   0.133   0.022   0.000   0.723   0.231   0.174   0.210
   0.122   0.022   0.000   0.231   0.592   0.043   0.078
   0.120   0.059   0.000   0.174   0.043   1.247   0.133
   0.235   0.223   0.000   0.210   0.078   0.133   1.742
