   1.575   1.979   1.575   2.165   2.045   2.701   3.082
   1.979   0.549   0.549   1.249   1.118   1.736   2.069
   1.575   0.549   0.000   0.723   0.592   1.247   1.742
   2.165   1.249   0.723   0.723   1.083   1.796   2.256
   2.045   1.118   0.592   1.083   0.592   1.796   2.256
   2.701   1.736   1.247   1.796   1.796   1.247   2.856
   3.082   2.069   1.742   2.256   2.256   2.856   1.742
